5.608525085449218750e+01 7.821275329589843750e+01
1.057086257934570312e+02 4.718898773193359375e+01
8.742032623291015625e+01 3.365335083007812500e+01
1.028972167968750000e+02 2.566674423217773438e+01
7.620811462402343750e+01 1.945423126220703125e+01
6.655039215087890625e+01 1.534644222259521484e+01
7.545464324951171875e+01 1.138324546813964844e+01
6.939044952392578125e+01 8.791918754577636719e+00
5.334986114501953125e+01 6.476308345794677734e+00
4.600907516479492188e+01 4.927976131439208984e+00
4.330720520019531250e+01 3.699567556381225586e+00
2.758895874023437500e+01 2.769929647445678711e+00
2.565800285339355469e+01 2.042940139770507812e+00
1.642796134948730469e+01 1.496851205825805664e+00
9.968065261840820312e+00 1.097409248352050781e+00
7.020431041717529297e+00 8.022342920303344727e-01
4.325638294219970703e+00 5.845421552658081055e-01
2.891818523406982422e+00 4.262714684009552002e-01
1.526417136192321777e+00 3.108926117420196533e-01
1.237419128417968750e+00 2.272658199071884155e-01
8.621199131011962891e-01 1.660449206829071045e-01
6.233426928520202637e-01 1.216341406106948853e-01
4.424668550491333008e-01 8.923172205686569214e-02
3.669939935207366943e-01 6.598091870546340942e-02
