5.234270095825195312e+01 1.025558090209960938e+02 9.253582000732421875e+01 1.051586990356445312e+02 7.597676086425781250e+01 6.423391723632812500e+01 7.560259246826171875e+01 6.951795959472656250e+01 5.337244796752929688e+01 4.645803451538085938e+01 4.325120544433593750e+01 2.789989089965820312e+01 2.534004783630371094e+01 1.669078636169433594e+01 9.855373382568359375e+00 7.090801239013671875e+00 4.415308952331542969e+00 2.855722665786743164e+00 1.490481615066528320e+00 1.224185585975646973e+00 8.872684836387634277e-01 6.175667643547058105e-01 4.473908245563507080e-01 3.803381621837615967e-01
5.392113876342773438e+01 1.105066528320312500e+02 8.808351135253906250e+01 1.043344116210937500e+02 7.289237213134765625e+01 6.459010314941406250e+01 7.585588073730468750e+01 6.871364593505859375e+01 5.358393859863281250e+01 4.544460296630859375e+01 4.321990966796875000e+01 2.714100265502929688e+01 2.575544738769531250e+01 1.652161788940429688e+01 9.839218139648437500e+00 6.992465972900390625e+00 4.287339210510253906e+00 2.876388788223266602e+00 1.518779158592224121e+00 1.205852150917053223e+00 8.764285445213317871e-01 6.091861128807067871e-01 4.294509887695312500e-01 3.715141117572784424e-01
4.624629211425781250e+01 1.060935134887695312e+02 8.496666717529296875e+01 9.939596557617187500e+01 7.269179534912109375e+01 6.768612670898437500e+01 7.503614807128906250e+01 6.909128570556640625e+01 5.402348327636718750e+01 4.628673553466796875e+01 4.399339294433593750e+01 2.758357048034667969e+01 2.584817695617675781e+01 1.635493850708007812e+01 1.007863616943359375e+01 7.060470104217529297e+00 4.328396797180175781e+00 2.887980937957763672e+00 1.567755579948425293e+00 1.258104324340820312e+00 8.688907623291015625e-01 5.959361195564270020e-01 4.508363008499145508e-01 3.712778389453887939e-01
5.904012680053710938e+01 1.102203445434570312e+02 8.807691955566406250e+01 1.104927444458007812e+02 7.908570861816406250e+01 6.598812866210937500e+01 7.447741699218750000e+01 6.933258056640625000e+01 5.282210922241210938e+01 4.558760452270507812e+01 4.362976074218750000e+01 2.764953994750976562e+01 2.566222572326660156e+01 1.660061454772949219e+01 1.008120346069335938e+01 7.028859615325927734e+00 4.289424896240234375e+00 2.868779182434082031e+00 1.580825805664062500e+00 1.245262980461120605e+00 8.595302700996398926e-01 6.389915347099304199e-01 4.505125582218170166e-01 3.707596361637115479e-01
6.314920806884765625e+01 9.359837341308593750e+01 9.518834686279296875e+01 9.894285583496093750e+01 7.579753112792968750e+01 6.679631805419921875e+01 7.674981689453125000e+01 6.944003295898437500e+01 5.257363510131835938e+01 4.579263687133789062e+01 4.346134948730468750e+01 2.756062889099121094e+01 2.637423515319824219e+01 1.632191276550292969e+01 9.780559539794921875e+00 7.134917259216308594e+00 4.215295791625976562e+00 2.828355073928833008e+00 1.599241137504577637e+00 1.270826339721679688e+00 8.863841295242309570e-01 6.456884741783142090e-01 4.403613507747650146e-01 3.634063303470611572e-01
5.741736221313476562e+01 1.040068893432617188e+02 8.533195495605468750e+01 1.015939407348632812e+02 7.890039062500000000e+01 6.657935333251953125e+01 7.465419769287109375e+01 6.940705108642578125e+01 5.301910400390625000e+01 4.500691223144531250e+01 4.316144561767578125e+01 2.733496284484863281e+01 2.570446777343750000e+01 1.642615509033203125e+01 9.976205825805664062e+00 7.113051414489746094e+00 4.289896011352539062e+00 2.965188741683959961e+00 1.520908713340759277e+00 1.209106922149658203e+00 8.712194561958312988e-01 6.023318171501159668e-01 4.179351031780242920e-01 3.542100489139556885e-01
5.278639602661132812e+01 1.079330825805664062e+02 9.040237426757812500e+01 1.044629898071289062e+02 7.613005065917968750e+01 6.645249176025390625e+01 7.751290130615234375e+01 6.963090515136718750e+01 5.389974975585937500e+01 4.603229522705078125e+01 4.336721420288085938e+01 2.795328140258789062e+01 2.602409744262695312e+01 1.632413864135742188e+01 9.884865760803222656e+00 7.254134178161621094e+00 4.314667224884033203e+00 2.879246711730957031e+00 1.514080166816711426e+00 1.242491364479064941e+00 8.443709015846252441e-01 6.323618888854980469e-01 4.521694183349609375e-01 3.525725901126861572e-01
6.294607543945312500e+01 9.102416229248046875e+01 8.198631286621093750e+01 1.078614349365234375e+02 7.814705657958984375e+01 6.631035614013671875e+01 7.511508178710937500e+01 6.937543487548828125e+01 5.331634902954101562e+01 4.586380767822265625e+01 4.339822769165039062e+01 2.773583602905273438e+01 2.590387153625488281e+01 1.606269645690917969e+01 9.854971885681152344e+00 7.053508758544921875e+00 4.333086490631103516e+00 2.998515129089355469e+00 1.539107322692871094e+00 1.223771572113037109e+00 8.336424827575683594e-01 6.122470498085021973e-01 4.161948263645172119e-01 3.492659330368041992e-01
6.787094879150390625e+01 1.091805877685546875e+02 8.847187042236328125e+01 1.038169555664062500e+02 7.565029907226562500e+01 6.771531677246093750e+01 7.526533508300781250e+01 6.806256103515625000e+01 5.314047622680664062e+01 4.601086425781250000e+01 4.196052551269531250e+01 2.744243812561035156e+01 2.577427864074707031e+01 1.664228248596191406e+01 1.002939319610595703e+01 7.088952541351318359e+00 4.201478481292724609e+00 2.834491252899169922e+00 1.536732792854309082e+00 1.231757402420043945e+00 8.829739093780517578e-01 6.429795622825622559e-01 4.352350234985351562e-01 3.491855561733245850e-01
6.415473937988281250e+01 1.056403808593750000e+02 9.284928894042968750e+01 9.976306152343750000e+01 7.825776672363281250e+01 6.543276977539062500e+01 7.725106048583984375e+01 7.165179443359375000e+01 5.361680221557617188e+01 4.658565521240234375e+01 4.351189041137695312e+01 2.822120475769042969e+01 2.598890876770019531e+01 1.620234298706054688e+01 9.914720535278320312e+00 6.918798446655273438e+00 4.398754119873046875e+00 2.892253637313842773e+00 1.585361123085021973e+00 1.245891809463500977e+00 8.274459838867187500e-01 6.456909775733947754e-01 4.396408200263977051e-01 3.759541511535644531e-01
6.852796173095703125e+01 1.030319976806640625e+02 8.819530487060546875e+01 1.026527099609375000e+02 7.679924774169921875e+01 6.761894989013671875e+01 7.327798461914062500e+01 6.766758728027343750e+01 5.220311355590820312e+01 4.624853515625000000e+01 4.304459381103515625e+01 2.721412467956542969e+01 2.554980278015136719e+01 1.611530113220214844e+01 9.836009979248046875e+00 7.023800849914550781e+00 4.360617637634277344e+00 2.917776823043823242e+00 1.508479595184326172e+00 1.279242873191833496e+00 8.932939767837524414e-01 6.259212493896484375e-01 4.611545205116271973e-01 3.792498409748077393e-01
5.744500350952148438e+01 1.082267227172851562e+02 8.736549377441406250e+01 9.393173217773437500e+01 7.336872100830078125e+01 6.555564880371093750e+01 7.750283050537109375e+01 7.049668884277343750e+01 5.357493591308593750e+01 4.675574874877929688e+01 4.331785583496093750e+01 2.772017669677734375e+01 2.571719551086425781e+01 1.622730827331542969e+01 1.019761943817138672e+01 6.885248184204101562e+00 4.330725193023681641e+00 2.946520805358886719e+00 1.510109186172485352e+00 1.252814412117004395e+00 8.552289605140686035e-01 5.845838189125061035e-01 4.221063852310180664e-01 3.667658567428588867e-01
6.326162719726562500e+01 1.162565155029296875e+02 8.675841522216796875e+01 1.027958755493164062e+02 7.407456207275390625e+01 6.540525817871093750e+01 7.672753906250000000e+01 6.938181304931640625e+01 5.286343383789062500e+01 4.581291580200195312e+01 4.285047149658203125e+01 2.753429794311523438e+01 2.569383621215820312e+01 1.612972259521484375e+01 1.013559341430664062e+01 6.985247135162353516e+00 4.273153305053710938e+00 2.868788242340087891e+00 1.548078179359436035e+00 1.222244977951049805e+00 8.721901178359985352e-01 6.203935146331787109e-01 4.552615582942962646e-01 3.759834170341491699e-01
3.908232116699218750e+01 1.063848114013671875e+02 9.038960266113281250e+01 1.092054443359375000e+02 7.406893157958984375e+01 6.893286895751953125e+01 7.493381500244140625e+01 7.233704376220703125e+01 5.354325485229492188e+01 4.602725219726562500e+01 4.318415451049804688e+01 2.739807701110839844e+01 2.552569580078125000e+01 1.656584930419921875e+01 9.437509536743164062e+00 6.901736736297607422e+00 4.342200279235839844e+00 2.891122102737426758e+00 1.490477681159973145e+00 1.223121285438537598e+00 8.663815855979919434e-01 6.530244350433349609e-01 4.512032568454742432e-01 3.661513626575469971e-01
6.120316696166992188e+01 1.150025253295898438e+02 8.368353271484375000e+01 1.067024307250976562e+02 7.684526062011718750e+01 6.464633941650390625e+01 7.576246643066406250e+01 7.027233886718750000e+01 5.479098892211914062e+01 4.610310363769531250e+01 4.312990188598632812e+01 2.758892631530761719e+01 2.580018615722656250e+01 1.640637397766113281e+01 9.943870544433593750e+00 6.937643051147460938e+00 4.378531932830810547e+00 2.874121427536010742e+00 1.557504773139953613e+00 1.211985588073730469e+00 8.371531963348388672e-01 6.325944066047668457e-01 4.591822028160095215e-01 3.856238424777984619e-01
5.716464614868164062e+01 1.042769317626953125e+02 9.405548858642578125e+01 1.071708068847656250e+02 7.215525817871093750e+01 7.038319396972656250e+01 7.245032501220703125e+01 6.745388031005859375e+01 5.401365280151367188e+01 4.610507965087890625e+01 4.332781982421875000e+01 2.759017562866210938e+01 2.562578964233398438e+01 1.628380203247070312e+01 1.002860164642333984e+01 7.203265190124511719e+00 4.361758232116699219e+00 2.849029541015625000e+00 1.493557691574096680e+00 1.257966876029968262e+00 8.468927741050720215e-01 6.197718381881713867e-01 4.709096848964691162e-01 3.916214704513549805e-01
6.917792510986328125e+01 1.052622451782226562e+02 8.912699890136718750e+01 1.000424804687500000e+02 7.389969635009765625e+01 6.779011535644531250e+01 7.602873992919921875e+01 6.981352996826171875e+01 5.290129852294921875e+01 4.521140670776367188e+01 4.295577621459960938e+01 2.751269340515136719e+01 2.559766006469726562e+01 1.648425483703613281e+01 1.002082633972167969e+01 7.137209892272949219e+00 4.263774394989013672e+00 2.858653068542480469e+00 1.492691516876220703e+00 1.236806869506835938e+00 8.988890647888183594e-01 5.864456892013549805e-01 4.349952638149261475e-01 3.405635356903076172e-01
5.485943222045898438e+01 1.049022445678710938e+02 8.035778045654296875e+01 9.926820373535156250e+01 7.885482788085937500e+01 6.665445709228515625e+01 7.657773590087890625e+01 6.979465484619140625e+01 5.331735229492187500e+01 4.608330535888671875e+01 4.375587844848632812e+01 2.740668106079101562e+01 2.568878555297851562e+01 1.606474494934082031e+01 9.943644523620605469e+00 6.937894344329833984e+00 4.246466159820556641e+00 2.917964458465576172e+00 1.548462986946105957e+00 1.260477781295776367e+00 8.690872192382812500e-01 6.291351914405822754e-01 4.589846730232238770e-01 3.680351376533508301e-01
5.143836593627929688e+01 1.087630767822265625e+02 8.859085845947265625e+01 1.098164672851562500e+02 7.514260101318359375e+01 6.241214370727539062e+01 7.670220947265625000e+01 7.128774261474609375e+01 5.244561004638671875e+01 4.533794784545898438e+01 4.321229934692382812e+01 2.760558128356933594e+01 2.523690605163574219e+01 1.650408363342285156e+01 9.846915245056152344e+00 7.021416664123535156e+00 4.337011337280273438e+00 2.887096166610717773e+00 1.510270118713378906e+00 1.246776938438415527e+00 8.371461629867553711e-01 6.529181003570556641e-01 4.442915320396423340e-01 3.524094521999359131e-01
5.114173126220703125e+01 1.114636383056640625e+02 8.497393035888671875e+01 1.030965728759765625e+02 7.281208801269531250e+01 6.875984954833984375e+01 7.384085083007812500e+01 6.888360595703125000e+01 5.219131088256835938e+01 4.552194213867187500e+01 4.252787399291992188e+01 2.730536270141601562e+01 2.613729286193847656e+01 1.629396247863769531e+01 1.022538280487060547e+01 7.080494403839111328e+00 4.364639282226562500e+00 2.949297189712524414e+00 1.542573571205139160e+00 1.285016059875488281e+00 8.451970219612121582e-01 6.494296789169311523e-01 4.680960774421691895e-01 3.875656425952911377e-01
6.399098968505859375e+01 1.179554367065429688e+02 8.730824279785156250e+01 1.015512313842773438e+02 7.286418151855468750e+01 6.460512542724609375e+01 7.626695251464843750e+01 6.990220642089843750e+01 5.309538269042968750e+01 4.601693344116210938e+01 4.420005416870117188e+01 2.762228012084960938e+01 2.526737022399902344e+01 1.645866394042968750e+01 9.767423629760742188e+00 7.093303203582763672e+00 4.204246997833251953e+00 2.863109588623046875e+00 1.543418884277343750e+00 1.238684535026550293e+00 9.114844202995300293e-01 6.405937671661376953e-01 4.487870931625366211e-01 3.792531788349151611e-01
4.748254013061523438e+01 1.052842407226562500e+02 8.781562042236328125e+01 1.021874008178710938e+02 7.752685546875000000e+01 6.808056640625000000e+01 7.565091705322265625e+01 6.826257324218750000e+01 5.261426544189453125e+01 4.612815093994140625e+01 4.363358306884765625e+01 2.771248817443847656e+01 2.572162055969238281e+01 1.660199737548828125e+01 1.012677574157714844e+01 7.094032287597656250e+00 4.438044548034667969e+00 2.882219791412353516e+00 1.546938538551330566e+00 1.208978176116943359e+00 8.526867032051086426e-01 6.437300443649291992e-01 4.474126696586608887e-01 3.746700584888458252e-01
5.916317367553710938e+01 1.187995834350585938e+02 8.913082122802734375e+01 9.855252075195312500e+01 7.432141113281250000e+01 6.874078369140625000e+01 7.620976257324218750e+01 6.979489898681640625e+01 5.240422058105468750e+01 4.541196441650390625e+01 4.353837966918945312e+01 2.737257957458496094e+01 2.555761909484863281e+01 1.619967269897460938e+01 9.720693588256835938e+00 6.974203586578369141e+00 4.354266643524169922e+00 2.921681642532348633e+00 1.487335801124572754e+00 1.175487637519836426e+00 8.478467464447021484e-01 6.580858826637268066e-01 4.368994235992431641e-01 3.732558786869049072e-01
7.815818786621093750e+01 9.690560913085937500e+01 8.920764923095703125e+01 1.032235031127929688e+02 7.714559936523437500e+01 6.477108001708984375e+01 7.542434692382812500e+01 6.906352233886718750e+01 5.566868972778320312e+01 4.560163116455078125e+01 4.291486358642578125e+01 2.755558395385742188e+01 2.582068634033203125e+01 1.638991355895996094e+01 9.864734649658203125e+00 6.909320831298828125e+00 4.383529663085937500e+00 3.005051612854003906e+00 1.492011308670043945e+00 1.249905705451965332e+00 8.539271950721740723e-01 6.262609958648681641e-01 4.134117662906646729e-01 3.566018342971801758e-01
4.443702316284179688e+01 1.076180343627929688e+02 8.762066650390625000e+01 1.019315567016601562e+02 7.099814605712890625e+01 6.533102416992187500e+01 7.500030517578125000e+01 6.972619628906250000e+01 5.338218307495117188e+01 4.588946151733398438e+01 4.298826599121093750e+01 2.745996665954589844e+01 2.568162918090820312e+01 1.636979103088378906e+01 1.013757896423339844e+01 7.141773700714111328e+00 4.239139080047607422e+00 2.857993364334106445e+00 1.511270999908447266e+00 1.208387613296508789e+00 8.351379632949829102e-01 6.710525751113891602e-01 4.619642496109008789e-01 3.946254253387451172e-01
5.508488082885742188e+01 9.976642608642578125e+01 8.751260375976562500e+01 1.025276184082031250e+02 7.837579345703125000e+01 6.695382690429687500e+01 7.529858398437500000e+01 6.964121246337890625e+01 5.264985275268554688e+01 4.637277221679687500e+01 4.328488159179687500e+01 2.782886505126953125e+01 2.570488929748535156e+01 1.651669311523437500e+01 9.999856948852539062e+00 7.193797588348388672e+00 4.360105991363525391e+00 2.802174568176269531e+00 1.465380549430847168e+00 1.226619243621826172e+00 8.716627359390258789e-01 6.168570518493652344e-01 4.380131363868713379e-01 3.553602993488311768e-01
4.082849884033203125e+01 1.073339385986328125e+02 8.404921722412109375e+01 1.005691986083984375e+02 7.597074890136718750e+01 6.816922760009765625e+01 7.097785186767578125e+01 6.822673797607421875e+01 5.315099716186523438e+01 4.646876144409179688e+01 4.283880233764648438e+01 2.722865486145019531e+01 2.585065269470214844e+01 1.663417434692382812e+01 9.831684112548828125e+00 7.142842292785644531e+00 4.230432987213134766e+00 3.024489164352416992e+00 1.504876255989074707e+00 1.251138806343078613e+00 8.755265474319458008e-01 6.460577249526977539e-01 4.415742456912994385e-01 3.801352679729461670e-01
5.391759109497070312e+01 1.065305709838867188e+02 8.415476226806640625e+01 1.097264862060546875e+02 7.842697906494140625e+01 6.835195159912109375e+01 7.400235748291015625e+01 6.942864227294921875e+01 5.276134872436523438e+01 4.587788391113281250e+01 4.329921722412109375e+01 2.753704071044921875e+01 2.568547630310058594e+01 1.628152656555175781e+01 9.803964614868164062e+00 6.971061706542968750e+00 4.272677898406982422e+00 2.857574939727783203e+00 1.543083429336547852e+00 1.223423004150390625e+00 8.604913949966430664e-01 6.293707489967346191e-01 4.418179988861083984e-01 3.479767143726348877e-01
4.693087005615234375e+01 1.061798171997070312e+02 7.986505126953125000e+01 1.048920288085937500e+02 7.655766296386718750e+01 6.659368896484375000e+01 7.497637176513671875e+01 6.831568145751953125e+01 5.351737594604492188e+01 4.550128936767578125e+01 4.340291213989257812e+01 2.731043815612792969e+01 2.567941665649414062e+01 1.672485923767089844e+01 1.009135627746582031e+01 6.986245632171630859e+00 4.280321121215820312e+00 2.864296913146972656e+00 1.485828757286071777e+00 1.267125725746154785e+00 8.517504930496215820e-01 6.224582195281982422e-01 4.421916604042053223e-01 3.751006126403808594e-01
6.480661010742187500e+01 1.095722808837890625e+02 9.016761779785156250e+01 1.008486022949218750e+02 7.646146392822265625e+01 6.761073303222656250e+01 7.522089385986328125e+01 6.772995758056640625e+01 5.340729141235351562e+01 4.602003097534179688e+01 4.304761123657226562e+01 2.768751525878906250e+01 2.549355125427246094e+01 1.649667549133300781e+01 9.987806320190429688e+00 7.080093383789062500e+00 4.386602401733398438e+00 2.826473951339721680e+00 1.603396177291870117e+00 1.251406192779541016e+00 8.600740432739257812e-01 6.228207349777221680e-01 4.251711964607238770e-01 3.442440330982208252e-01
6.021797561645507812e+01 1.209402160644531250e+02 9.067403411865234375e+01 9.600820159912109375e+01 7.671134185791015625e+01 6.894781494140625000e+01 7.620400238037109375e+01 7.127330017089843750e+01 5.396612930297851562e+01 4.611622619628906250e+01 4.312056732177734375e+01 2.710718154907226562e+01 2.546598243713378906e+01 1.644107246398925781e+01 1.016707324981689453e+01 7.023078441619873047e+00 4.279672622680664062e+00 2.951491832733154297e+00 1.618605494499206543e+00 1.272820234298706055e+00 8.213118314743041992e-01 6.381547451019287109e-01 4.364030361175537109e-01 3.766393065452575684e-01
5.876473999023437500e+01 1.083479537963867188e+02 8.626416778564453125e+01 1.004577636718750000e+02 7.523688507080078125e+01 6.922056579589843750e+01 7.864974975585937500e+01 7.026917266845703125e+01 5.368171310424804688e+01 4.679301834106445312e+01 4.299934005737304688e+01 2.780923080444335938e+01 2.568555641174316406e+01 1.663799095153808594e+01 9.897816658020019531e+00 6.817068099975585938e+00 4.285020351409912109e+00 2.918612718582153320e+00 1.582974672317504883e+00 1.256601572036743164e+00 8.829652667045593262e-01 5.906413793563842773e-01 4.278012216091156006e-01 3.381719589233398438e-01
4.283419418334960938e+01 1.070353088378906250e+02 8.938788604736328125e+01 1.029170074462890625e+02 7.799149322509765625e+01 6.876879882812500000e+01 7.620895385742187500e+01 7.052613830566406250e+01 5.483042144775390625e+01 4.579104614257812500e+01 4.365743255615234375e+01 2.784507179260253906e+01 2.571579933166503906e+01 1.613923072814941406e+01 9.940059661865234375e+00 7.119395732879638672e+00 4.282230854034423828e+00 2.861678838729858398e+00 1.579010844230651855e+00 1.233984947204589844e+00 8.650687932968139648e-01 6.194954514503479004e-01 4.482350647449493408e-01 3.629356026649475098e-01
4.140238571166992188e+01 1.050488128662109375e+02 8.480812835693359375e+01 1.076223754882812500e+02 7.771790313720703125e+01 6.695157623291015625e+01 7.434162902832031250e+01 6.772743988037109375e+01 5.298893356323242188e+01 4.530838775634765625e+01 4.389776229858398438e+01 2.776280975341796875e+01 2.528025054931640625e+01 1.630170822143554688e+01 9.635844230651855469e+00 6.809188365936279297e+00 4.349293231964111328e+00 2.936029672622680664e+00 1.574845910072326660e+00 1.227821230888366699e+00 8.236548900604248047e-01 6.384320259094238281e-01 4.314435422420501709e-01 3.894602954387664795e-01
5.602220916748046875e+01 1.023070602416992188e+02 8.316531372070312500e+01 1.044111557006835938e+02 7.609691619873046875e+01 6.777666473388671875e+01 7.490952301025390625e+01 6.872317504882812500e+01 5.234506988525390625e+01 4.620607376098632812e+01 4.367167282104492188e+01 2.824526405334472656e+01 2.578957939147949219e+01 1.654529953002929688e+01 9.991953849792480469e+00 7.031411170959472656e+00 4.240067481994628906e+00 2.922139406204223633e+00 1.512997627258300781e+00 1.224219083786010742e+00 8.598004579544067383e-01 6.035922765731811523e-01 4.247730076313018799e-01 3.618987202644348145e-01
6.705153656005859375e+01 1.077236557006835938e+02 9.059462738037109375e+01 1.042581863403320312e+02 7.656341552734375000e+01 6.563209533691406250e+01 7.468779754638671875e+01 6.800700378417968750e+01 5.337924957275390625e+01 4.550779342651367188e+01 4.462918472290039062e+01 2.745270919799804688e+01 2.588466835021972656e+01 1.644345474243164062e+01 9.946033477783203125e+00 7.047033786773681641e+00 4.372028350830078125e+00 2.997703075408935547e+00 1.527701973915100098e+00 1.259015560150146484e+00 8.598694801330566406e-01 5.922037363052368164e-01 4.467098116874694824e-01 3.819491863250732422e-01
6.039051818847656250e+01 1.043484573364257812e+02 8.395935821533203125e+01 1.042243423461914062e+02 7.774063873291015625e+01 6.823359680175781250e+01 7.625578308105468750e+01 6.955322265625000000e+01 5.320470428466796875e+01 4.560689544677734375e+01 4.357230377197265625e+01 2.763271522521972656e+01 2.599159812927246094e+01 1.636347770690917969e+01 1.007498359680175781e+01 6.891875743865966797e+00 4.314280986785888672e+00 2.837932825088500977e+00 1.530657291412353516e+00 1.235505104064941406e+00 8.739258646965026855e-01 6.204777956008911133e-01 4.444410800933837891e-01 3.581999540328979492e-01
5.089216995239257812e+01 1.010203094482421875e+02 8.473453521728515625e+01 1.040253753662109375e+02 7.828136444091796875e+01 6.655346679687500000e+01 7.658035278320312500e+01 7.039024353027343750e+01 5.377276229858398438e+01 4.694966506958007812e+01 4.228560256958007812e+01 2.740106773376464844e+01 2.551160430908203125e+01 1.620117378234863281e+01 1.018032455444335938e+01 6.965348720550537109e+00 4.317353248596191406e+00 2.774969339370727539e+00 1.606978058815002441e+00 1.197315216064453125e+00 8.887776136398315430e-01 6.365647315979003906e-01 4.536303877830505371e-01 3.602798581123352051e-01
4.880905532836914062e+01 1.058138198852539062e+02 8.737976074218750000e+01 1.017544021606445312e+02 7.587265014648437500e+01 6.627144622802734375e+01 7.604566955566406250e+01 6.939926147460937500e+01 5.238186264038085938e+01 4.525121688842773438e+01 4.344522094726562500e+01 2.765355682373046875e+01 2.554938888549804688e+01 1.650435829162597656e+01 9.948279380798339844e+00 7.122385978698730469e+00 4.363287448883056641e+00 2.871655464172363281e+00 1.547903895378112793e+00 1.250497460365295410e+00 8.666986227035522461e-01 6.294537186622619629e-01 4.293208718299865723e-01 3.705996274948120117e-01
5.340559387207031250e+01 1.125501174926757812e+02 7.427379608154296875e+01 9.692205810546875000e+01 7.860893249511718750e+01 6.501526641845703125e+01 7.527718353271484375e+01 7.037889862060546875e+01 5.247973251342773438e+01 4.546029281616210938e+01 4.285648345947265625e+01 2.765881538391113281e+01 2.513250541687011719e+01 1.645055961608886719e+01 9.943624496459960938e+00 6.915060520172119141e+00 4.324308872222900391e+00 2.930930852890014648e+00 1.545494794845581055e+00 1.263455033302307129e+00 8.383402824401855469e-01 6.073187589645385742e-01 4.361484050750732422e-01 3.705617487430572510e-01
5.902251815795898438e+01 1.074438552856445312e+02 9.418896484375000000e+01 1.057334899902343750e+02 7.464694976806640625e+01 6.142736053466796875e+01 7.562828063964843750e+01 7.100988769531250000e+01 5.434786605834960938e+01 4.665908050537109375e+01 4.303666305541992188e+01 2.813140869140625000e+01 2.591169166564941406e+01 1.624170494079589844e+01 9.974077224731445312e+00 7.071177482604980469e+00 4.233323097229003906e+00 2.912835359573364258e+00 1.404405355453491211e+00 1.277656078338623047e+00 8.680047392845153809e-01 6.437374949455261230e-01 4.266666471958160400e-01 3.783639371395111084e-01
5.389353561401367188e+01 1.036307601928710938e+02 8.451257324218750000e+01 1.018631134033203125e+02 7.828800964355468750e+01 6.640347290039062500e+01 7.422271728515625000e+01 6.896878814697265625e+01 5.335080718994140625e+01 4.645583343505859375e+01 4.294357681274414062e+01 2.709968948364257812e+01 2.548733139038085938e+01 1.641928100585937500e+01 1.016683769226074219e+01 6.963028907775878906e+00 4.270038604736328125e+00 2.872095823287963867e+00 1.549338340759277344e+00 1.231628060340881348e+00 8.359733819961547852e-01 6.352815628051757812e-01 4.523921608924865723e-01 3.640238642692565918e-01
5.342361450195312500e+01 1.051966171264648438e+02 8.631540679931640625e+01 1.003049316406250000e+02 7.515165710449218750e+01 6.803032684326171875e+01 7.556900787353515625e+01 6.775638580322265625e+01 5.364360046386718750e+01 4.621402359008789062e+01 4.402162170410156250e+01 2.737972450256347656e+01 2.530721855163574219e+01 1.649750709533691406e+01 9.959628105163574219e+00 7.001450538635253906e+00 4.341645717620849609e+00 2.878541469573974609e+00 1.522093057632446289e+00 1.193091511726379395e+00 8.827839493751525879e-01 6.313863992691040039e-01 4.590289592742919922e-01 3.890713155269622803e-01
5.626588439941406250e+01 1.126565704345703125e+02 9.256554412841796875e+01 1.035335693359375000e+02 7.626579284667968750e+01 6.574190521240234375e+01 7.563902282714843750e+01 7.039510345458984375e+01 5.391412734985351562e+01 4.585153198242187500e+01 4.339383316040039062e+01 2.732108879089355469e+01 2.570128250122070312e+01 1.651072502136230469e+01 9.681982040405273438e+00 7.179493427276611328e+00 4.336182117462158203e+00 2.956230401992797852e+00 1.433477878570556641e+00 1.226863026618957520e+00 8.838106989860534668e-01 6.110717058181762695e-01 4.468702673912048340e-01 3.679530918598175049e-01
5.844420242309570312e+01 1.078553771972656250e+02 8.835242462158203125e+01 1.033862228393554688e+02 7.721772003173828125e+01 6.703625488281250000e+01 7.501937866210937500e+01 6.827789306640625000e+01 5.290436172485351562e+01 4.651477813720703125e+01 4.344772338867187500e+01 2.767897415161132812e+01 2.594427108764648438e+01 1.680889320373535156e+01 9.990908622741699219e+00 6.902770996093750000e+00 4.269352912902832031e+00 2.851546049118041992e+00 1.528446197509765625e+00 1.247101783752441406e+00 8.701305389404296875e-01 6.053740382194519043e-01 4.552895724773406982e-01 3.595421016216278076e-01
5.423371887207031250e+01 1.043869781494140625e+02 8.627005004882812500e+01 1.065778427124023438e+02 7.446586608886718750e+01 6.560128784179687500e+01 7.501367950439453125e+01 6.849188232421875000e+01 5.276491546630859375e+01 4.585914993286132812e+01 4.244371414184570312e+01 2.731871795654296875e+01 2.600209617614746094e+01 1.620460510253906250e+01 1.008370113372802734e+01 7.010723114013671875e+00 4.275438785552978516e+00 2.817528009414672852e+00 1.515017151832580566e+00 1.170019745826721191e+00 8.879798650741577148e-01 6.153230667114257812e-01 4.478138685226440430e-01 3.578181266784667969e-01
6.153582382202148438e+01 1.024348526000976562e+02 9.227695465087890625e+01 1.026976699829101562e+02 7.851721954345703125e+01 6.594636535644531250e+01 7.604219818115234375e+01 6.798040008544921875e+01 5.297724151611328125e+01 4.635500335693359375e+01 4.279233932495117188e+01 2.762664222717285156e+01 2.585491752624511719e+01 1.616996192932128906e+01 9.840049743652343750e+00 7.065535545349121094e+00 4.257888793945312500e+00 2.808480501174926758e+00 1.472559213638305664e+00 1.248688340187072754e+00 8.667894601821899414e-01 6.236999034881591797e-01 4.444216787815093994e-01 3.571214079856872559e-01
5.701723098754882812e+01 1.010343933105468750e+02 8.054020690917968750e+01 1.033705978393554688e+02 7.772822570800781250e+01 6.826628112792968750e+01 7.436897277832031250e+01 6.853309631347656250e+01 5.287158584594726562e+01 4.618084716796875000e+01 4.286175537109375000e+01 2.753545761108398438e+01 2.585628318786621094e+01 1.641521835327148438e+01 9.918259620666503906e+00 7.029040336608886719e+00 4.307979583740234375e+00 2.947568655014038086e+00 1.572530388832092285e+00 1.234917759895324707e+00 8.507569432258605957e-01 6.249275803565979004e-01 4.642403721809387207e-01 3.782307207584381104e-01
5.449345779418945312e+01 1.023970718383789062e+02 8.671797943115234375e+01 1.024747848510742188e+02 7.653929138183593750e+01 6.457546234130859375e+01 7.538286590576171875e+01 6.869355773925781250e+01 5.366153717041015625e+01 4.657445526123046875e+01 4.382066345214843750e+01 2.778508186340332031e+01 2.574113655090332031e+01 1.651153755187988281e+01 9.927024841308593750e+00 7.102046489715576172e+00 4.361012458801269531e+00 2.909183025360107422e+00 1.489572644233703613e+00 1.209980845451354980e+00 8.548825979232788086e-01 6.260067820549011230e-01 4.495331645011901855e-01 3.637800514698028564e-01
5.391194534301757812e+01 1.048386535644531250e+02 9.205380249023437500e+01 9.976818084716796875e+01 7.612652587890625000e+01 6.894779205322265625e+01 7.392053222656250000e+01 6.894026184082031250e+01 5.328931427001953125e+01 4.568706130981445312e+01 4.336925506591796875e+01 2.791305160522460938e+01 2.547780036926269531e+01 1.648580932617187500e+01 9.895946502685546875e+00 7.073075294494628906e+00 4.293303966522216797e+00 2.853121757507324219e+00 1.608795881271362305e+00 1.233014583587646484e+00 8.751162290573120117e-01 6.384490728378295898e-01 4.438438117504119873e-01 3.691967129707336426e-01
5.204061508178710938e+01 1.031141510009765625e+02 7.474324035644531250e+01 9.990431213378906250e+01 7.613540649414062500e+01 6.604046630859375000e+01 7.662286376953125000e+01 7.094296264648437500e+01 5.449528121948242188e+01 4.601503753662109375e+01 4.347667694091796875e+01 2.755660629272460938e+01 2.521157646179199219e+01 1.654030990600585938e+01 9.874749183654785156e+00 7.047206878662109375e+00 4.271412849426269531e+00 2.926237583160400391e+00 1.511165857315063477e+00 1.235113143920898438e+00 8.833019137382507324e-01 6.010820865631103516e-01 4.275357723236083984e-01 3.512229323387145996e-01
5.209772109985351562e+01 1.038857192993164062e+02 8.523419189453125000e+01 9.700606536865234375e+01 7.229571533203125000e+01 6.489566040039062500e+01 7.551150512695312500e+01 6.944972991943359375e+01 5.321270370483398438e+01 4.590043640136718750e+01 4.317905807495117188e+01 2.736460685729980469e+01 2.566309165954589844e+01 1.671570777893066406e+01 9.710007667541503906e+00 7.020210266113281250e+00 4.319988727569580078e+00 2.847093343734741211e+00 1.522020936012268066e+00 1.281505107879638672e+00 8.394420146942138672e-01 5.971302390098571777e-01 4.394646584987640381e-01 3.867688775062561035e-01
4.912065124511718750e+01 1.049688262939453125e+02 8.868980407714843750e+01 1.018308715820312500e+02 7.622907257080078125e+01 6.894796752929687500e+01 7.416057586669921875e+01 6.974542999267578125e+01 5.343821334838867188e+01 4.603425598144531250e+01 4.347040939331054688e+01 2.762677955627441406e+01 2.574203109741210938e+01 1.650592041015625000e+01 9.987707138061523438e+00 7.070029735565185547e+00 4.412157535552978516e+00 2.867387294769287109e+00 1.602312088012695312e+00 1.281904220581054688e+00 8.606317043304443359e-01 6.035475730895996094e-01 4.165615439414978027e-01 3.549354970455169678e-01
3.996037292480468750e+01 1.087771911621093750e+02 8.700554656982421875e+01 1.010458450317382812e+02 7.760641479492187500e+01 6.638474273681640625e+01 7.714825439453125000e+01 7.036642456054687500e+01 5.411130142211914062e+01 4.690473556518554688e+01 4.382181549072265625e+01 2.770364379882812500e+01 2.579411125183105469e+01 1.640792083740234375e+01 1.004703807830810547e+01 7.120767593383789062e+00 4.334900856018066406e+00 2.857941150665283203e+00 1.541242718696594238e+00 1.183010816574096680e+00 8.586648702621459961e-01 6.149327754974365234e-01 4.218683838844299316e-01 3.548388183116912842e-01
5.489760971069335938e+01 1.022037277221679688e+02 9.269396972656250000e+01 1.020345687866210938e+02 7.780449676513671875e+01 6.640075683593750000e+01 7.598332214355468750e+01 6.992746734619140625e+01 5.362138366699218750e+01 4.645381164550781250e+01 4.383722305297851562e+01 2.788111495971679688e+01 2.583942413330078125e+01 1.636473464965820312e+01 1.007762241363525391e+01 7.006174087524414062e+00 4.359278678894042969e+00 2.829827308654785156e+00 1.515828251838684082e+00 1.247522115707397461e+00 8.538152575492858887e-01 5.997524261474609375e-01 4.479151070117950439e-01 3.777065575122833252e-01
5.475968933105468750e+01 1.033153381347656250e+02 9.080393981933593750e+01 1.034403457641601562e+02 7.629127502441406250e+01 6.537510681152343750e+01 7.708248138427734375e+01 7.048780822753906250e+01 5.356061935424804688e+01 4.596582794189453125e+01 4.359704971313476562e+01 2.804349136352539062e+01 2.529571914672851562e+01 1.642060470581054688e+01 1.003117656707763672e+01 6.977690219879150391e+00 4.364722251892089844e+00 2.882544040679931641e+00 1.515908479690551758e+00 1.219841122627258301e+00 8.437081575393676758e-01 6.400063037872314453e-01 4.417727887630462646e-01 3.554135560989379883e-01
5.218360137939453125e+01 1.083884277343750000e+02 8.622927093505859375e+01 1.082551727294921875e+02 7.593605041503906250e+01 6.497898101806640625e+01 7.539970397949218750e+01 6.908712005615234375e+01 5.358438491821289062e+01 4.684023666381835938e+01 4.324202346801757812e+01 2.723733520507812500e+01 2.543622398376464844e+01 1.645017814636230469e+01 9.943390846252441406e+00 7.034265995025634766e+00 4.332496166229248047e+00 2.982518672943115234e+00 1.496420383453369141e+00 1.231471419334411621e+00 8.744066357612609863e-01 6.136494278907775879e-01 4.333075582981109619e-01 3.598227202892303467e-01
5.565527343750000000e+01 1.070246047973632812e+02 8.440449523925781250e+01 1.027705612182617188e+02 7.592395019531250000e+01 6.708927154541015625e+01 7.640484619140625000e+01 6.893340301513671875e+01 5.325501251220703125e+01 4.544265365600585938e+01 4.370639419555664062e+01 2.755225944519042969e+01 2.578871345520019531e+01 1.658507728576660156e+01 1.005873394012451172e+01 7.026037216186523438e+00 4.331174850463867188e+00 2.884378910064697266e+00 1.524121880531311035e+00 1.233940005302429199e+00 8.332026004791259766e-01 6.152762174606323242e-01 4.430987834930419922e-01 3.893527686595916748e-01
6.340948486328125000e+01 9.436309814453125000e+01 8.272402954101562500e+01 9.878415679931640625e+01 7.223869323730468750e+01 6.663469696044921875e+01 7.428611755371093750e+01 6.949775695800781250e+01 5.226132202148437500e+01 4.564410018920898438e+01 4.390349197387695312e+01 2.745421791076660156e+01 2.573280334472656250e+01 1.618796157836914062e+01 1.022871494293212891e+01 6.944455623626708984e+00 4.192840099334716797e+00 2.907810688018798828e+00 1.391293883323669434e+00 1.181659698486328125e+00 8.437773585319519043e-01 6.027059555053710938e-01 4.452004432678222656e-01 3.472780287265777588e-01
5.025935745239257812e+01 1.001124420166015625e+02 9.079696655273437500e+01 1.019292526245117188e+02 7.785717773437500000e+01 6.301228713989257812e+01 7.556323242187500000e+01 7.078869628906250000e+01 5.468100738525390625e+01 4.678143692016601562e+01 4.251682662963867188e+01 2.742066764831542969e+01 2.538669395446777344e+01 1.665926742553710938e+01 1.000647735595703125e+01 6.972381591796875000e+00 4.392446517944335938e+00 2.853418588638305664e+00 1.498518943786621094e+00 1.263316154479980469e+00 8.576682209968566895e-01 6.407199501991271973e-01 4.811300635337829590e-01 3.640955388545989990e-01
5.755255508422851562e+01 1.054091491699218750e+02 8.796968078613281250e+01 1.063841629028320312e+02 7.573870086669921875e+01 6.711779785156250000e+01 7.487808227539062500e+01 6.898081970214843750e+01 5.354241943359375000e+01 4.552414703369140625e+01 4.404549407958984375e+01 2.836590766906738281e+01 2.567677497863769531e+01 1.620396614074707031e+01 9.956764221191406250e+00 7.061922550201416016e+00 4.401440143585205078e+00 2.918165683746337891e+00 1.487514734268188477e+00 1.233885645866394043e+00 8.989680409431457520e-01 6.276950240135192871e-01 4.659590721130371094e-01 3.829446732997894287e-01
6.815486907958984375e+01 1.007944259643554688e+02 8.401557159423828125e+01 1.050597457885742188e+02 7.634584808349609375e+01 6.612734222412109375e+01 7.548107910156250000e+01 6.898957824707031250e+01 5.271675872802734375e+01 4.615526199340820312e+01 4.309964370727539062e+01 2.770992469787597656e+01 2.557514190673828125e+01 1.661678123474121094e+01 9.863160133361816406e+00 6.900569438934326172e+00 4.429421424865722656e+00 2.871351480484008789e+00 1.556430816650390625e+00 1.254212498664855957e+00 8.904787302017211914e-01 6.322661042213439941e-01 4.422783851623535156e-01 3.497284054756164551e-01
4.593223953247070312e+01 1.033735122680664062e+02 8.832568359375000000e+01 1.029372634887695312e+02 7.311846923828125000e+01 6.863117218017578125e+01 7.660321044921875000e+01 6.778356170654296875e+01 5.422784805297851562e+01 4.602791213989257812e+01 4.292802047729492188e+01 2.723411369323730469e+01 2.486593818664550781e+01 1.695938873291015625e+01 9.905368804931640625e+00 7.050548076629638672e+00 4.404873371124267578e+00 2.855996370315551758e+00 1.524848699569702148e+00 1.238978385925292969e+00 8.527705073356628418e-01 6.188455820083618164e-01 4.798264801502227783e-01 3.781411945819854736e-01
6.340472793579101562e+01 1.034325180053710938e+02 8.575517272949218750e+01 1.049615478515625000e+02 7.705307769775390625e+01 6.380107116699218750e+01 7.437950897216796875e+01 7.000016021728515625e+01 5.171783828735351562e+01 4.644357299804687500e+01 4.378602981567382812e+01 2.733529853820800781e+01 2.555796051025390625e+01 1.658860015869140625e+01 9.881709098815917969e+00 6.998706340789794922e+00 4.329420566558837891e+00 2.933598518371582031e+00 1.516833066940307617e+00 1.218968033790588379e+00 8.513806462287902832e-01 5.991935133934020996e-01 4.409758448600769043e-01 3.723539412021636963e-01
4.428266143798828125e+01 1.075576171875000000e+02 8.782949829101562500e+01 1.046069564819335938e+02 7.598573303222656250e+01 6.948436737060546875e+01 7.547285461425781250e+01 6.970697021484375000e+01 5.372591781616210938e+01 4.637253570556640625e+01 4.364974212646484375e+01 2.763036346435546875e+01 2.561249351501464844e+01 1.613348197937011719e+01 1.035178852081298828e+01 6.850009918212890625e+00 4.448909282684326172e+00 2.887899637222290039e+00 1.498812437057495117e+00 1.275066256523132324e+00 8.755811452865600586e-01 6.165726780891418457e-01 4.354938268661499023e-01 3.716972768306732178e-01
4.230340957641601562e+01 1.054827957153320312e+02 8.816439056396484375e+01 1.040079498291015625e+02 7.910484313964843750e+01 6.724539947509765625e+01 7.429869842529296875e+01 6.903166198730468750e+01 5.398626708984375000e+01 4.587593078613281250e+01 4.353525543212890625e+01 2.759846687316894531e+01 2.564425086975097656e+01 1.634715461730957031e+01 1.003256607055664062e+01 7.042486667633056641e+00 4.358639717102050781e+00 2.901805162429809570e+00 1.514458894729614258e+00 1.251851916313171387e+00 8.650121092796325684e-01 6.123337745666503906e-01 4.516867995262145996e-01 3.851802647113800049e-01
5.696232223510742188e+01 1.117991180419921875e+02 8.852754974365234375e+01 1.075691223144531250e+02 7.510327148437500000e+01 6.371902084350585938e+01 7.694535827636718750e+01 6.924624633789062500e+01 5.385353469848632812e+01 4.546104812622070312e+01 4.357584762573242188e+01 2.745507621765136719e+01 2.557828140258789062e+01 1.659402084350585938e+01 1.004880046844482422e+01 7.021071434020996094e+00 4.291929244995117188e+00 2.919049024581909180e+00 1.535477399826049805e+00 1.229421734809875488e+00 8.681938648223876953e-01 6.334143280982971191e-01 4.464372992515563965e-01 3.641118407249450684e-01
5.551120376586914062e+01 1.057086257934570312e+02 8.742032623291015625e+01 1.027502822875976562e+02 7.620811462402343750e+01 6.613665771484375000e+01 7.532407379150390625e+01 6.922924041748046875e+01 5.312796783447265625e+01 4.613833618164062500e+01 4.300408554077148438e+01 2.760671234130859375e+01 2.571426773071289062e+01 1.640721702575683594e+01 9.966274261474609375e+00 7.043218135833740234e+00 4.341517925262451172e+00 2.897547006607055664e+00 1.514606237411499023e+00 1.246744036674499512e+00 8.753744363784790039e-01 6.267514228820800781e-01 4.462242424488067627e-01 3.591890037059783936e-01
5.995314407348632812e+01 1.010807342529296875e+02 8.751670074462890625e+01 1.030417404174804688e+02 7.854858398437500000e+01 6.617507934570312500e+01 7.274713897705078125e+01 6.864852905273437500e+01 5.340414428710937500e+01 4.678787994384765625e+01 4.305956268310546875e+01 2.745748138427734375e+01 2.586334419250488281e+01 1.634633636474609375e+01 9.923614501953125000e+00 7.015622615814208984e+00 4.407189369201660156e+00 2.918805360794067383e+00 1.598477005958557129e+00 1.215614080429077148e+00 8.998069167137145996e-01 6.408234834671020508e-01 4.489966034889221191e-01 3.802609443664550781e-01
6.303794097900390625e+01 1.043225479125976562e+02 8.654788208007812500e+01 1.012092437744140625e+02 7.669843292236328125e+01 6.814289855957031250e+01 7.474750518798828125e+01 6.787221527099609375e+01 5.183398437500000000e+01 4.646163940429687500e+01 4.305511474609375000e+01 2.762251472473144531e+01 2.568859291076660156e+01 1.659940528869628906e+01 1.012813949584960938e+01 7.051170349121093750e+00 4.303046226501464844e+00 2.840025901794433594e+00 1.511600017547607422e+00 1.229848027229309082e+00 8.665167689323425293e-01 6.450859308242797852e-01 4.481340348720550537e-01 3.587598204612731934e-01
6.649639129638671875e+01 1.063883514404296875e+02 8.157595062255859375e+01 1.058171768188476562e+02 7.483542633056640625e+01 6.544020843505859375e+01 7.398423004150390625e+01 6.921403503417968750e+01 5.284217834472656250e+01 4.484202957153320312e+01 4.324600982666015625e+01 2.777955055236816406e+01 2.555488204956054688e+01 1.611898231506347656e+01 9.915231704711914062e+00 6.926954269409179688e+00 4.378978729248046875e+00 2.894593954086303711e+00 1.500780463218688965e+00 1.227785944938659668e+00 8.468332290649414062e-01 6.394559741020202637e-01 4.275946617126464844e-01 3.426822423934936523e-01
6.137351226806640625e+01 1.037723312377929688e+02 8.914569091796875000e+01 1.037605972290039062e+02 7.567866516113281250e+01 6.605058288574218750e+01 7.603050994873046875e+01 6.892256927490234375e+01 5.407359695434570312e+01 4.555134963989257812e+01 4.364151382446289062e+01 2.761901855468750000e+01 2.551760864257812500e+01 1.650634002685546875e+01 9.967415809631347656e+00 7.007766723632812500e+00 4.309367656707763672e+00 2.892873048782348633e+00 1.562252402305603027e+00 1.238432288169860840e+00 8.580738306045532227e-01 6.312258839607238770e-01 4.598293304443359375e-01 3.787117898464202881e-01
6.184674072265625000e+01 1.056587982177734375e+02 9.291857147216796875e+01 1.034839706420898438e+02 7.754171752929687500e+01 6.722535705566406250e+01 7.598055267333984375e+01 6.927232360839843750e+01 5.383290863037109375e+01 4.614233779907226562e+01 4.304822921752929688e+01 2.757230949401855469e+01 2.557064819335937500e+01 1.651066207885742188e+01 9.962272644042968750e+00 6.964326381683349609e+00 4.417178153991699219e+00 2.821193218231201172e+00 1.539851307868957520e+00 1.269114017486572266e+00 8.434329032897949219e-01 6.360775232315063477e-01 4.463611245155334473e-01 3.670080900192260742e-01
5.563251495361328125e+01 1.056155700683593750e+02 8.807393646240234375e+01 1.014493560791015625e+02 7.401259613037109375e+01 6.649058532714843750e+01 7.526467895507812500e+01 6.877291870117187500e+01 5.370448684692382812e+01 4.631370544433593750e+01 4.352203750610351562e+01 2.723328018188476562e+01 2.575089073181152344e+01 1.650870513916015625e+01 9.947852134704589844e+00 6.996232986450195312e+00 4.390563964843750000e+00 2.935947895050048828e+00 1.535506367683410645e+00 1.231515526771545410e+00 8.573090434074401855e-01 6.083062291145324707e-01 4.533898234367370605e-01 3.911275863647460938e-01
6.212538528442382812e+01 1.036574935913085938e+02 9.089447021484375000e+01 9.943923950195312500e+01 7.764582061767578125e+01 6.619083404541015625e+01 7.858135986328125000e+01 6.969393157958984375e+01 5.362544250488281250e+01 4.596475219726562500e+01 4.393584442138671875e+01 2.785147285461425781e+01 2.583868408203125000e+01 1.668327331542968750e+01 9.660718917846679688e+00 6.937897205352783203e+00 4.356518745422363281e+00 2.801810979843139648e+00 1.511096835136413574e+00 1.238564252853393555e+00 8.653783202171325684e-01 6.096212267875671387e-01 4.205334782600402832e-01 3.358043730258941650e-01
6.285516738891601562e+01 1.050226898193359375e+02 8.426969146728515625e+01 1.014834976196289062e+02 7.396235656738281250e+01 6.631210327148437500e+01 7.440520477294921875e+01 7.007598876953125000e+01 5.207067489624023438e+01 4.654261398315429688e+01 4.333947753906250000e+01 2.768021011352539062e+01 2.555211639404296875e+01 1.655002593994140625e+01 1.002697277069091797e+01 7.117698669433593750e+00 4.446998596191406250e+00 2.928039073944091797e+00 1.536539316177368164e+00 1.254602074623107910e+00 8.421728014945983887e-01 6.106083393096923828e-01 4.112535119056701660e-01 3.485924601554870605e-01
6.080644607543945312e+01 1.032792129516601562e+02 8.495829010009765625e+01 1.027269592285156250e+02 7.861051940917968750e+01 6.510903167724609375e+01 7.674755096435546875e+01 6.873606872558593750e+01 5.457044219970703125e+01 4.602365875244140625e+01 4.293289947509765625e+01 2.761585235595703125e+01 2.555641174316406250e+01 1.639246177673339844e+01 1.016944026947021484e+01 7.037590980529785156e+00 4.312920570373535156e+00 2.922054052352905273e+00 1.510520577430725098e+00 1.278979063034057617e+00 8.497273921966552734e-01 6.212649941444396973e-01 4.234043359756469727e-01 3.625477254390716553e-01
6.110034561157226562e+01 1.009326095581054688e+02 8.649411010742187500e+01 1.022916793823242188e+02 7.652893829345703125e+01 6.748411560058593750e+01 7.434463500976562500e+01 6.995040130615234375e+01 5.310283279418945312e+01 4.541554641723632812e+01 4.315811920166015625e+01 2.780374908447265625e+01 2.572369575500488281e+01 1.646878433227539062e+01 1.001728820800781250e+01 6.985520362854003906e+00 4.363764762878417969e+00 2.841050148010253906e+00 1.516936421394348145e+00 1.260398507118225098e+00 8.462446331977844238e-01 6.173512339591979980e-01 4.357161223888397217e-01 3.668171167373657227e-01
7.101916503906250000e+01 1.021334533691406250e+02 8.732261657714843750e+01 1.045153656005859375e+02 7.832875061035156250e+01 6.548210906982421875e+01 7.747462463378906250e+01 7.184278869628906250e+01 5.301395034790039062e+01 4.694827270507812500e+01 4.357166671752929688e+01 2.775412178039550781e+01 2.550013160705566406e+01 1.634415626525878906e+01 1.020835113525390625e+01 6.919733047485351562e+00 4.355532646179199219e+00 2.922312021255493164e+00 1.488105773925781250e+00 1.213426113128662109e+00 8.364801406860351562e-01 6.191496253013610840e-01 4.546597898006439209e-01 3.744837343692779541e-01
3.888348770141601562e+01 1.161367721557617188e+02 9.722882080078125000e+01 9.940972137451171875e+01 7.735358428955078125e+01 6.586814117431640625e+01 7.522895812988281250e+01 6.983285522460937500e+01 5.451200866699218750e+01 4.537621688842773438e+01 4.264823532104492188e+01 2.747718811035156250e+01 2.555795288085937500e+01 1.632413864135742188e+01 9.987894058227539062e+00 7.013442516326904297e+00 4.204977035522460938e+00 2.991440534591674805e+00 1.482807040214538574e+00 1.200826406478881836e+00 8.662855625152587891e-01 6.174930930137634277e-01 4.091604948043823242e-01 3.619464039802551270e-01
5.020043563842773438e+01 1.063165969848632812e+02 9.178944396972656250e+01 1.030225677490234375e+02 7.984188079833984375e+01 6.781526184082031250e+01 7.587995910644531250e+01 6.985575866699218750e+01 5.282365798950195312e+01 4.625859832763671875e+01 4.309407043457031250e+01 2.750108528137207031e+01 2.565043449401855469e+01 1.657639884948730469e+01 1.004053115844726562e+01 6.929006099700927734e+00 4.279352188110351562e+00 2.946055889129638672e+00 1.485037446022033691e+00 1.250707387924194336e+00 8.610637784004211426e-01 5.958672761917114258e-01 4.346564114093780518e-01 3.654853105545043945e-01
5.422143554687500000e+01 1.032794723510742188e+02 8.813941955566406250e+01 1.024018020629882812e+02 7.500669860839843750e+01 6.595379638671875000e+01 7.377122497558593750e+01 6.842581176757812500e+01 5.382366180419921875e+01 4.494284439086914062e+01 4.294911575317382812e+01 2.757704734802246094e+01 2.584697914123535156e+01 1.626247596740722656e+01 9.925565719604492188e+00 7.000714778900146484e+00 4.275273323059082031e+00 2.866574287414550781e+00 1.558644294738769531e+00 1.215318322181701660e+00 8.807390928268432617e-01 6.246872544288635254e-01 4.282070100307464600e-01 3.612282574176788330e-01
5.608525085449218750e+01 9.976467895507812500e+01 9.062306213378906250e+01 1.019367523193359375e+02 7.766399383544921875e+01 6.748196411132812500e+01 7.575842285156250000e+01 6.918524932861328125e+01 5.310731506347656250e+01 4.630408096313476562e+01 4.322310256958007812e+01 2.748854827880859375e+01 2.562262535095214844e+01 1.645313262939453125e+01 1.007702922821044922e+01 7.026016235351562500e+00 4.350391387939453125e+00 2.911749124526977539e+00 1.522899746894836426e+00 1.243299484252929688e+00 8.726726174354553223e-01 6.183441281318664551e-01 4.429063498973846436e-01 3.698731064796447754e-01
