-6.013952255249023438e+01 7.302986145019531250e+01
3.038288354873657227e+00 4.640599441528320312e+01
-7.481446743011474609e+00 3.427798080444335938e+01
-1.179302501678466797e+01 2.515301513671875000e+01
1.014132022857666016e+01 1.925288200378417969e+01
-2.000325012207031250e+01 1.483458137512207031e+01
-8.211062431335449219e+00 1.139031982421875000e+01
-4.828324317932128906e+00 8.630523681640625000e+00
5.210593223571777344e+00 6.511599063873291016e+00
-1.842728853225708008e+00 4.887417793273925781e+00
-1.382197141647338867e+00 3.690001487731933594e+00
-2.003128528594970703e+00 2.762952804565429688e+00
-5.426299571990966797e+00 2.040747880935668945e+00
-3.671068251132965088e-01 1.498297095298767090e+00
5.995764136314392090e-01 1.098004937171936035e+00
1.169204115867614746e+00 8.025174140930175781e-01
-3.879807591438293457e-01 5.844718813896179199e-01
9.159958362579345703e-02 4.260166287422180176e-01
2.962066978216171265e-02 3.108851015567779541e-01
-2.223958671092987061e-01 2.272223085165023804e-01
-6.577879935503005981e-02 1.660455912351608276e-01
-1.051859632134437561e-01 1.216461211442947388e-01
-5.093142390251159668e-02 8.922465890645980835e-02
1.121613457798957825e-01 6.597673147916793823e-02
