6.558397958895019997e+01 1.872707507648341618e+02 1.150027059962395697e+02 2.189540440839266182e+02 1.322146734191768473e+02 1.354099734927544887e+02 1.287004514545018594e+02 9.274886093115797792e+01 7.247729422959851320e+01 6.260927056395723866e+01 4.860958635264972827e+01 3.419089084993942862e+01 2.512010743221884113e+01 1.656888153073445125e+01 1.023015965492962209e+01 6.236715344019419405e+00 4.145015171446645219e+00 3.083787653381532934e+00 1.767536588631449801e+00 1.338942061298960873e+00 1.046568970588583003e+00 7.169519943643862803e-01 4.737438149697617007e-01 3.532569667600946595e-01
6.367469854906602222e+01 1.965813540692171841e+02 1.170155791348361163e+02 2.247481311824158752e+02 1.267570775368213560e+02 1.394951035492974540e+02 1.295995604167766828e+02 9.092132950389910206e+01 7.509756742474037594e+01 6.232175966321005234e+01 4.867510241818074235e+01 3.399748449226498792e+01 2.537065740922237822e+01 1.657842665874100163e+01 1.021451465439134942e+01 6.239253123354944641e+00 4.088256174290587630e+00 3.122871829582425818e+00 1.735725626120093956e+00 1.353458429942166585e+00 1.031313173036372266e+00 6.981513970005842618e-01 4.704776319146257713e-01 3.601535229716034126e-01
6.028756654215996491e+01 1.952428506678082272e+02 1.127143818925178778e+02 2.140655398624822112e+02 1.289240272333147175e+02 1.384470004282725029e+02 1.281612618738015783e+02 9.167113224720360165e+01 7.355945127543117223e+01 6.323616460626147529e+01 4.943065514319176401e+01 3.407253668099201604e+01 2.560689527940433052e+01 1.647032264013679992e+01 1.035182267965760339e+01 6.286662284856095795e+00 4.112213721047714543e+00 3.102186038359067144e+00 1.756725329473074693e+00 1.374670279902364678e+00 1.026794272167330213e+00 6.973994689859309704e-01 4.826106063231483945e-01 3.563223065485410790e-01
6.292690506310210452e+01 1.984273067435326539e+02 1.072107416094551979e+02 2.254448341632570987e+02 1.352382410276567555e+02 1.396361507524418926e+02 1.284226045530734837e+02 9.086405465652899238e+01 7.227228284931925373e+01 6.282304781623950163e+01 4.869757590604152142e+01 3.416845261320386840e+01 2.539875515961404062e+01 1.649451156716424549e+01 1.033748850875270797e+01 6.239816132524765635e+00 4.030863542060112437e+00 3.075129121623216388e+00 1.759092431919507815e+00 1.375894550114224790e+00 1.050657400028046640e+00 7.210774578507326282e-01 4.774926224291931587e-01 3.500551757842544354e-01
8.886628313149874714e+01 1.866918189374566737e+02 1.219616877810542803e+02 2.179949102188840016e+02 1.328787890702113259e+02 1.414231670975235886e+02 1.303085133850312900e+02 9.196278596890668666e+01 7.327644425750011692e+01 6.287045139252040826e+01 4.847557550929217740e+01 3.467516618397387163e+01 2.568826183057244705e+01 1.650680465211426196e+01 1.024940729555964758e+01 6.331024193193123928e+00 4.046847355583762074e+00 3.068114553558973778e+00 1.782802126087428940e+00 1.380829062514385974e+00 1.061912946554062875e+00 7.253366609344077398e-01 4.740954653206725378e-01 3.608220367268421547e-01
7.044442267601088759e+01 1.860330694170259278e+02 1.135815731122190471e+02 2.132434760151242585e+02 1.341039121969247390e+02 1.379523190557887631e+02 1.287267736056410570e+02 9.286001324071960994e+01 7.254774382547086020e+01 6.135992770214768655e+01 4.867154034642828009e+01 3.402257075841379219e+01 2.539418873447233338e+01 1.658802699193391916e+01 1.015669230473333329e+01 6.232667375393296183e+00 4.030894385672490365e+00 3.175374269029267005e+00 1.738975020119147397e+00 1.335507483115598415e+00 1.034054410142798863e+00 6.964280326070377836e-01 4.478407986239387184e-01 3.272969949276424151e-01
7.284278760140513498e+01 1.880660166510503473e+02 1.201049909844661983e+02 2.161999713821232660e+02 1.338846720743842127e+02 1.389667149899171079e+02 1.296893056389276069e+02 9.052558596843140037e+01 7.234525415911616619e+01 6.237751205407810318e+01 4.879815993375206773e+01 3.440217836525477679e+01 2.529751525803036927e+01 1.627735796530645729e+01 1.017825695649689877e+01 6.346426559752796237e+00 4.107103437903883325e+00 3.124392259800834903e+00 1.771033433972366344e+00 1.381964507101535844e+00 1.042798330622065617e+00 7.377418174126159078e-01 4.694181837003321700e-01 3.409847379476014795e-01
7.217487232286038079e+01 1.845822784952747497e+02 1.140294252369906900e+02 2.239258131216040226e+02 1.359744681335240841e+02 1.378738305009980820e+02 1.285223722467599146e+02 9.229360371307527089e+01 7.342670433863639801e+01 6.247624592595468584e+01 4.813465593101626894e+01 3.435002568786873667e+01 2.551175458746307356e+01 1.630835851777522905e+01 1.033745883331735094e+01 6.255936978397629744e+00 4.068413984434521069e+00 3.187024145934919783e+00 1.731167977433727856e+00 1.342291126076597285e+00 1.031481549690794974e+00 6.989785287353412757e-01 4.536480381159000430e-01 3.314699550541185258e-01
7.943206914408389707e+01 1.933461994370597381e+02 1.171131555658251528e+02 2.172114320770517963e+02 1.282951608461451656e+02 1.396746040488208394e+02 1.273629647305395167e+02 9.119910241546226359e+01 7.289125710035729355e+01 6.293970350954656823e+01 4.809344757627003020e+01 3.391930429054435336e+01 2.536610463858948705e+01 1.622443021095635274e+01 1.018923546961747917e+01 6.275960642353197727e+00 3.986857583257369608e+00 3.152909832188447226e+00 1.762107793310947468e+00 1.359592046773504315e+00 1.062292211829702238e+00 7.275890163842931857e-01 4.676936215089139148e-01 3.398378191438901630e-01
6.603906200196435350e+01 1.961481635081181594e+02 1.173521125796020783e+02 2.146351125953800079e+02 1.336589357424186062e+02 1.387631536606977534e+02 1.297026467847862534e+02 9.336852448613463196e+01 7.355183015192568519e+01 6.294976375330840312e+01 4.853303827354650224e+01 3.437775337273611598e+01 2.551147781166815776e+01 1.637588126512653730e+01 1.028923998303195297e+01 6.100061053403771361e+00 4.087198791369985429e+00 3.107260348035244757e+00 1.769867660194540671e+00 1.367920055456413042e+00 1.020147639194701306e+00 7.298961737036852027e-01 4.808237473873473999e-01 3.642369519061015581e-01
8.225729363886271983e+01 1.945534925921156457e+02 1.157383393688262032e+02 2.159136434625978325e+02 1.303653312655896741e+02 1.404425263639448360e+02 1.280931502247229901e+02 8.986410314906125052e+01 7.231859693627730223e+01 6.272625207850631313e+01 4.839686445500756662e+01 3.410954017850868070e+01 2.527609552764484135e+01 1.646305987411303917e+01 1.029610313303799884e+01 6.267441096499754671e+00 4.090642918474316936e+00 3.165781310488756439e+00 1.704870621170848644e+00 1.369134275525790700e+00 1.048194473594247222e+00 7.243071356971177988e-01 4.999696103631102728e-01 3.633570881275480224e-01
7.209326856046732246e+01 1.952098668040219707e+02 1.177608864288458363e+02 2.029967577037719479e+02 1.294980410622139004e+02 1.410229559290941950e+02 1.307931454514079235e+02 9.223275480490647737e+01 7.299843339287616573e+01 6.322952209835290915e+01 4.895243599064748707e+01 3.468037562748541092e+01 2.564097488319766782e+01 1.641184497428185196e+01 1.045053374303832427e+01 6.278647206138997738e+00 4.162158701918741599e+00 3.087195186200401231e+00 1.737575370731114122e+00 1.376467230953894783e+00 1.027866789926886071e+00 6.932604821628290948e-01 4.600587664362787432e-01 3.516478402756136878e-01
7.807710439574692884e+01 2.004878281341085255e+02 1.147024935071731591e+02 2.169068071121732544e+02 1.315005660869994983e+02 1.385753677245433835e+02 1.286489082248679097e+02 9.204264726874797020e+01 7.340486738043234993e+01 6.295575078279730263e+01 4.847496350071168791e+01 3.414791612302760626e+01 2.542000753874344809e+01 1.635145585929515377e+01 1.038455507810947331e+01 6.237537578226447721e+00 4.027247839057117140e+00 3.104503428269956622e+00 1.762612774158815121e+00 1.356559438104830040e+00 1.042322489569697419e+00 7.058204194372246221e-01 4.881816112250337847e-01 3.555363540330414573e-01
5.680149097414317794e+01 1.808650773571629600e+02 1.169590172513111810e+02 2.200356252267900175e+02 1.301115616587657939e+02 1.451484073168980728e+02 1.272000755260088596e+02 9.355088969708036473e+01 7.247431628507497692e+01 6.287422392788566583e+01 4.852181074079491907e+01 3.410150957554687778e+01 2.530316336692437673e+01 1.638884630156987399e+01 9.993306491306622519e+00 6.141177360977991384e+00 4.077936764495042610e+00 3.082137664517747844e+00 1.719143468459663815e+00 1.332967497470974649e+00 1.045399659987958474e+00 7.383457236941309842e-01 4.865142842226257147e-01 3.483879841686575163e-01
7.459171919369893544e+01 2.026453195881359477e+02 1.092865393496910116e+02 2.196961367812066612e+02 1.316323864850440657e+02 1.380678178986775038e+02 1.293173430545854501e+02 9.113986871258957478e+01 7.331224115845563460e+01 6.240921244573087989e+01 4.844968066714483967e+01 3.413816830814465675e+01 2.521209633986289944e+01 1.637143963231129717e+01 1.026119513349732948e+01 6.286767946520111394e+00 4.116110755598255899e+00 3.075355807685066001e+00 1.739764774090155397e+00 1.331835553392077154e+00 9.997863193619805910e-01 7.275045676987595966e-01 4.986234672092560993e-01 3.578241535729164147e-01
6.574869834615638808e+01 1.963617762471091623e+02 1.190221444232930850e+02 2.172859057936532565e+02 1.310246742957752417e+02 1.412273057684198818e+02 1.272739942820137458e+02 9.046644477306799104e+01 7.364072164036542745e+01 6.256293091542006124e+01 4.815181192224745388e+01 3.434143157291745041e+01 2.561830699903187636e+01 1.630958192441588750e+01 1.040090213123226448e+01 6.357353642251528214e+00 4.098853406556797196e+00 3.050161510213515559e+00 1.679511621606451399e+00 1.350312202415806517e+00 1.039518614120341189e+00 7.255652469162739981e-01 5.133535205635081367e-01 3.629860039035973096e-01
7.870448893448372019e+01 1.877609427298344826e+02 1.208765974756688593e+02 2.127639520440763761e+02 1.345448323574335348e+02 1.382104953993828644e+02 1.299807159949028801e+02 9.390603306587848920e+01 7.304384704373212855e+01 6.246936958375891180e+01 4.849290395667053133e+01 3.402494323967408008e+01 2.531921017950848452e+01 1.663667677686810720e+01 1.041400332945457130e+01 6.389196908428615984e+00 4.083399437408552046e+00 3.065739460534416594e+00 1.709714384409390053e+00 1.351522971047074861e+00 1.062897074133657416e+00 6.881401993200856326e-01 4.810641065967313779e-01 3.329699323004277622e-01
6.757099683348948815e+01 1.959162979457838389e+02 1.094617780226739683e+02 2.164663440043275386e+02 1.313424825690390492e+02 1.395983499925014257e+02 1.303259184411282945e+02 9.129648550859910472e+01 7.296335597585228072e+01 6.301477874821765823e+01 4.866475100108466734e+01 3.398766368025754758e+01 2.545979307051043605e+01 1.641589818827651470e+01 1.023955255014959675e+01 6.144427331371328016e+00 3.976412854430310784e+00 3.114624436983672418e+00 1.729853657013393331e+00 1.366311608147776857e+00 1.052542197911013666e+00 7.159902584148958304e-01 4.971777968338966236e-01 3.560831788820103538e-01
6.909752419554402536e+01 2.023686522561181107e+02 1.172815565537474214e+02 2.308179219365882489e+02 1.364251461444272593e+02 1.337562530494934094e+02 1.278914479370150445e+02 9.363296578863089792e+01 7.271810198806406333e+01 6.199023791911729120e+01 4.819129038418066102e+01 3.435765508317386008e+01 2.515720588029730820e+01 1.642775366964684736e+01 1.020236054523177138e+01 6.173310690226991859e+00 4.124391904861921532e+00 3.089423278077169321e+00 1.733069037964600767e+00 1.392522725307971942e+00 1.033440484214870558e+00 7.490096042667300225e-01 4.816544419408188560e-01 3.383556630889115180e-01
7.014088366938695174e+01 2.012160916461160127e+02 1.120301059968570740e+02 2.182045576740645458e+02 1.279566561135741125e+02 1.416336683701072445e+02 1.280923217784475412e+02 9.221019376048693061e+01 7.265072653058298613e+01 6.155086122856322817e+01 4.806216531868530950e+01 3.382860803243089975e+01 2.551993895432723747e+01 1.648110178214166055e+01 1.043513379565214372e+01 6.232386043486658700e+00 4.015502165702054427e+00 3.133552770213989813e+00 1.718625299208639712e+00 1.374269122325597614e+00 1.005167576838861043e+00 7.361278164615652209e-01 4.995982603500351282e-01 3.619817192672155626e-01
7.661830704382050783e+01 2.073169920829894011e+02 1.099531772278190118e+02 2.142653549261559931e+02 1.294740996598336835e+02 1.370875564430645568e+02 1.297030893881051270e+02 9.151410176823435449e+01 7.366507887493287399e+01 6.217240455766341256e+01 4.919153381894265209e+01 3.439286466094023353e+01 2.507008813751653875e+01 1.657784680265411126e+01 1.018450905217508051e+01 6.232348698152611277e+00 3.992084972073394411e+00 3.100214901401668666e+00 1.764226723136140151e+00 1.334791062704835829e+00 1.077437097799063936e+00 7.285697116256883987e-01 4.804143491572915314e-01 3.582268782094950033e-01
7.557917986400508426e+01 1.915688703492512275e+02 1.151957482533448314e+02 2.075085949060890016e+02 1.323777830304642009e+02 1.407889288559594831e+02 1.300610676449581717e+02 8.980095064963826701e+01 7.288776506387199561e+01 6.284129298511881956e+01 4.839204309377712576e+01 3.427971813685302038e+01 2.506832845123157227e+01 1.656423827863751441e+01 1.036047229205573039e+01 6.320929194791155226e+00 4.133718583573940286e+00 3.091379683305249593e+00 1.756741512157534046e+00 1.326519208357960222e+00 1.039957350685566384e+00 7.286223471710613353e-01 4.903423841003229366e-01 3.613633153214003135e-01
7.277955670050987180e+01 1.992780723878456968e+02 1.081091565275118569e+02 2.124786171036433871e+02 1.326977779467844698e+02 1.412009067125190711e+02 1.272795308032943922e+02 9.071950202657257023e+01 7.279497234324307442e+01 6.171687693660214791e+01 4.814024193989446587e+01 3.384261491245293740e+01 2.539852638094403048e+01 1.634602144463672602e+01 1.016165320654763526e+01 6.203287580950358482e+00 4.025137952684415765e+00 3.095024039478452949e+00 1.671187306021898689e+00 1.315767245029500820e+00 1.034469192646918057e+00 7.262107708964307129e-01 4.655371117368343192e-01 3.552700540224913994e-01
7.944288684336453343e+01 1.897585926439769537e+02 1.154796977246358267e+02 2.081410480774051450e+02 1.321040536835140244e+02 1.351413933477109879e+02 1.289273387574352228e+02 9.247292058017498562e+01 7.447087444840568082e+01 6.198456272731296224e+01 4.863001902881175909e+01 3.385522517985044288e+01 2.549299762800060165e+01 1.648707786423997490e+01 1.028262173977446281e+01 6.160710499628919479e+00 4.114851749592909336e+00 3.191695810176803150e+00 1.706047425776709092e+00 1.346090893918402864e+00 1.035692058509099844e+00 7.172612611785839087e-01 4.578494934621983870e-01 3.375665032551633526e-01
6.323557436339465454e+01 2.031380650137681698e+02 1.150317213605479338e+02 2.134492996017220321e+02 1.280375633353420142e+02 1.381101350880922496e+02 1.278824052529718927e+02 9.292542385686397211e+01 7.288396184250017029e+01 6.245336239926658806e+01 4.891618543039506761e+01 3.392784169781953096e+01 2.540340572572138456e+01 1.623784885486987761e+01 1.039205468912500230e+01 6.325485970824912485e+00 4.070211278886932682e+00 3.038430000039401335e+00 1.695792702303010380e+00 1.323133444629191358e+00 1.014922239627542133e+00 7.535219532052804814e-01 5.046567449357731716e-01 3.740913014850936191e-01
7.080773538136025991e+01 1.855970905143031189e+02 1.173001074622146973e+02 2.180935084219178464e+02 1.352464688645584943e+02 1.367274818710053523e+02 1.281076796835389189e+02 9.118714941471900204e+01 7.198509216972233560e+01 6.264375521721387940e+01 4.873325047962597978e+01 3.470212042616667247e+01 2.553132551347643187e+01 1.655983609232515974e+01 1.036371893033618186e+01 6.325234680948603305e+00 4.083848599709630989e+00 3.033397606197910434e+00 1.689444100094290135e+00 1.346794609210554272e+00 1.049815483606131750e+00 7.074697695821773324e-01 4.663887881289918158e-01 3.431936090853068833e-01
5.593538420470629546e+01 1.948768058429224368e+02 1.125174644086379629e+02 2.157827676787769065e+02 1.300389628659869743e+02 1.408299618557374799e+02 1.246477543615417289e+02 9.123586965209928223e+01 7.352076723786524326e+01 6.256573203170889741e+01 4.795518942222043535e+01 3.364614627503564748e+01 2.558762094762792927e+01 1.645547310678726660e+01 1.021769778408432572e+01 6.320352895091491341e+00 4.083620254274476835e+00 3.170048475699825730e+00 1.741217641521044968e+00 1.367650728344762756e+00 1.073919525806423358e+00 7.350701781241705257e-01 4.833248040409957591e-01 3.629038940678913638e-01
7.010708535723279056e+01 1.980288959457832334e+02 1.099638669893268315e+02 2.230965412534268921e+02 1.363367316990841402e+02 1.395250246249139252e+02 1.274731242344926869e+02 9.250697118326766599e+01 7.218149796127690365e+01 6.219520240304868253e+01 4.848589475512390123e+01 3.409642726524353407e+01 2.552111997079528649e+01 1.649958180784786421e+01 1.017021821839966300e+01 6.194078075548148377e+00 4.095178824853759281e+00 3.110270602825214947e+00 1.765368807941735119e+00 1.336894916252294729e+00 1.024959677292199611e+00 7.169707760664518759e-01 4.719226190046191260e-01 3.381789323966090111e-01
5.916268135230496483e+01 1.932793070234488653e+02 1.051916486167630040e+02 2.156223742867645399e+02 1.297811518821386016e+02 1.382256656377331012e+02 1.289745265938155114e+02 8.995766407132585130e+01 7.268437907960526445e+01 6.218429602552737379e+01 4.868274400957280079e+01 3.438404236793152791e+01 2.549813186560656320e+01 1.672851061796180261e+01 1.030633842317561033e+01 6.361758609818470411e+00 4.047723672728068323e+00 3.094805116157042679e+00 1.736714330652401550e+00 1.354097102945276188e+00 1.027044218143803977e+00 7.216329083045435189e-01 4.941939757695492097e-01 3.685661232182869673e-01
8.430229567349343256e+01 2.060266813411261921e+02 1.144018975573123527e+02 2.124070198240176239e+02 1.316429831306991218e+02 1.365426146404815597e+02 1.283737307523707045e+02 8.809556148112145024e+01 7.294268680581322428e+01 6.279244519877170916e+01 4.878946552468455877e+01 3.431095107615024631e+01 2.532055107291511931e+01 1.643579021997987866e+01 1.036317429202796347e+01 6.225704669702221139e+00 4.125912728400464857e+00 3.058360445578971021e+00 1.781915110746467690e+00 1.366486243489307473e+00 1.055754894480436246e+00 7.148232076913138000e-01 4.674544208877187135e-01 3.328705691319562843e-01
7.546137972737093946e+01 2.137128821878083897e+02 1.206481220700459289e+02 2.118934788974558501e+02 1.314466576278086336e+02 1.419321120971978587e+02 1.277182278574523622e+02 9.277555190632148197e+01 7.422493208840990064e+01 6.275371758936227451e+01 4.872720448237474500e+01 3.405160848472075941e+01 2.524645159098536240e+01 1.650490480539946603e+01 1.032105062642546756e+01 6.179162574292234922e+00 4.055834988796836349e+00 3.076157090840455410e+00 1.785141713993018797e+00 1.409979237855480960e+00 1.035865559708687433e+00 7.080371974247605671e-01 4.642006488679992215e-01 3.667955612302355450e-01
8.211258385657281167e+01 2.008750335952769888e+02 1.158878478351739147e+02 2.107476204464605871e+02 1.318686181315329691e+02 1.425474559593716606e+02 1.307720246221459206e+02 9.065087078569116841e+01 7.378839466500504329e+01 6.296425257933795905e+01 4.795418799813730715e+01 3.433452216056080886e+01 2.510355466710948846e+01 1.636893980503281654e+01 1.023692391216237851e+01 6.077352052282270378e+00 4.013979337853053053e+00 3.079344378893425827e+00 1.720349840599968205e+00 1.331956982978560466e+00 1.039549302891195959e+00 6.923194050244146913e-01 4.645400685056580437e-01 3.229429466047050723e-01
5.742810830640794251e+01 1.933251699254035145e+02 1.189971437015854576e+02 2.196933116824181695e+02 1.332756519136136717e+02 1.426052415607194632e+02 1.296893470599186742e+02 9.196908339936015864e+01 7.431966230070429447e+01 6.247747973961811141e+01 4.891191337041220777e+01 3.452902391544439809e+01 2.523898382568438592e+01 1.667540939703383174e+01 1.019628387671004077e+01 6.179954402020204185e+00 4.020337867772241225e+00 3.053747025610447974e+00 1.763146282287014088e+00 1.338805723323669206e+00 1.042361638159768455e+00 7.216193486037998372e-01 4.824244861459076050e-01 3.443190824546462636e-01
6.169724162924073596e+01 1.866075583802381459e+02 1.105213260134294160e+02 2.283200213869119750e+02 1.345642397865264570e+02 1.423107064703039271e+02 1.289951058964445281e+02 9.082164675549660160e+01 7.240995407447371690e+01 6.204819691954073591e+01 4.908917402395910301e+01 3.418464895919859714e+01 2.531622973576115498e+01 1.654165993280406255e+01 1.010086427476198878e+01 6.203132500444858088e+00 4.076588581717990323e+00 3.122437887973149362e+00 1.800965446349522603e+00 1.346573205867145573e+00 1.037573326532388318e+00 7.385169558143303004e-01 4.653325509766519930e-01 3.697760548479216425e-01
7.122485284993646815e+01 1.845058340924194056e+02 1.088915488733365464e+02 2.224204958820676836e+02 1.305714287401671072e+02 1.410441180160005956e+02 1.295654057048373886e+02 9.055862694206462038e+01 7.253587720390341076e+01 6.201580090714804783e+01 4.890246868713018813e+01 3.507598880153945942e+01 2.545135271423772494e+01 1.656378307081299184e+01 1.030436043748728459e+01 6.235049332387800014e+00 3.982317046325115850e+00 3.110352928571218811e+00 1.736663711083637374e+00 1.346794151427591402e+00 1.049581469551508439e+00 7.317234509012896515e-01 4.784682540827905894e-01 3.564951328545810094e-01
8.386200188463585903e+01 1.964353498638708402e+02 1.275776905701894748e+02 2.193987976090497227e+02 1.293801226692803823e+02 1.406371419198442823e+02 1.287428533908786221e+02 9.007973623446000033e+01 7.405198748259358865e+01 6.243251798226265947e+01 4.929742130217409368e+01 3.399101174441715756e+01 2.526785743615394608e+01 1.647935893036240174e+01 1.028623675164243778e+01 6.212271738457761039e+00 4.089691983171575451e+00 3.161588626985586625e+00 1.754619435055024823e+00 1.355431735680162175e+00 1.046084336971971007e+00 7.010168536452023869e-01 4.790083632734987718e-01 3.588333287757518031e-01
7.070459222574477565e+01 1.975779394869626344e+02 1.091845807571230438e+02 2.173155135826844173e+02 1.331880414986931100e+02 1.415030126485278856e+02 1.292217173612714305e+02 9.221159486202267885e+01 7.276438224344020966e+01 6.197502813129322163e+01 4.910261299476847086e+01 3.436999865055521042e+01 2.562770441706107860e+01 1.641564823946999496e+01 1.041515903347902139e+01 6.068115135181707309e+00 4.052196539408575049e+00 3.109342348285584201e+00 1.741483334037568165e+00 1.351055373396171877e+00 1.065020559830938573e+00 7.256403782032579963e-01 4.709677233360630155e-01 3.452600290225806834e-01
6.178552153554979753e+01 1.927058005456870262e+02 1.063709766561652259e+02 2.177409983439850691e+02 1.338817160037621647e+02 1.384642302123467914e+02 1.301218607849577040e+02 9.163879462909244467e+01 7.306259045370777017e+01 6.323365627525164001e+01 4.795349949384479515e+01 3.405371527080524174e+01 2.532069758287989814e+01 1.627419930889322330e+01 1.036141580357428182e+01 6.226782758140088525e+00 4.079254339079567693e+00 3.000760216594167140e+00 1.759745972838135275e+00 1.324176310382130906e+00 1.055701347886572661e+00 7.353986070269996622e-01 4.809194831678447746e-01 3.514775954298174909e-01
6.552628249535733573e+01 1.948482519175554160e+02 1.146895206730243899e+02 2.175078609039664173e+02 1.333162420852702610e+02 1.356795001662221409e+02 1.299153230263512455e+02 9.110258729962843915e+01 7.216005778776745672e+01 6.169402724713555841e+01 4.898001222570879065e+01 3.439517698740388596e+01 2.536584236321314378e+01 1.659250534483961559e+01 1.021579179259686043e+01 6.296914440814767921e+00 4.088008830785261338e+00 3.066595698433919548e+00 1.758611300588514670e+00 1.358017235638178555e+00 1.053979282682743213e+00 7.191255520353402320e-01 4.686881802069095548e-01 3.573479630320933187e-01
6.649429133432268202e+01 1.948265601020614781e+02 1.009881708129517506e+02 2.095791758625412058e+02 1.318335180760375067e+02 1.357557195255938325e+02 1.284597184837136012e+02 9.421855647335758022e+01 7.139737313381229455e+01 6.143556217198359803e+01 4.845433893556068483e+01 3.408212822810866527e+01 2.506645832654806938e+01 1.652941256779784140e+01 1.041464626344424182e+01 6.096048659885664911e+00 3.973033145657034026e+00 3.171749386765140510e+00 1.717392479072463063e+00 1.357014913169768411e+00 1.019482064661874743e+00 6.876202586751605228e-01 4.766081200365784309e-01 3.345418543397571942e-01
7.774782204287294007e+01 1.976356156414926772e+02 1.156443797975343699e+02 2.156489297385380723e+02 1.310107815623415206e+02 1.352474097162318571e+02 1.292022566108016406e+02 9.314231818295638732e+01 7.363618149342454444e+01 6.306026813958568056e+01 4.836117588302515458e+01 3.425785041464899905e+01 2.525756870638401708e+01 1.636900476988681419e+01 1.024015738879895920e+01 6.220778396645087582e+00 4.058467636230584930e+00 3.088707604208138058e+00 1.705322688391564201e+00 1.374101171494921170e+00 1.027036122772858606e+00 7.356039170360474388e-01 4.730636403619341013e-01 3.483041704294537189e-01
7.952408673707367370e+01 1.913912332608090594e+02 1.134963693407007668e+02 2.097432825704762536e+02 1.328363998219231803e+02 1.408356289882439967e+02 1.284267474332311849e+02 9.071196014360626236e+01 7.295095437300915364e+01 6.275870393833601923e+01 4.828900538811720367e+01 3.420066309878416178e+01 2.537228917489595048e+01 1.652987592046697785e+01 1.051370782784145597e+01 6.181106729643014219e+00 4.083451878769807308e+00 3.065221599004497310e+00 1.734843325009375326e+00 1.353093353299235080e+00 1.041713072846621069e+00 7.217594177586605930e-01 4.937765406330545948e-01 3.484772879260650269e-01
8.172503101166000761e+01 1.961148187599599737e+02 1.178871532023031961e+02 2.142145527316056359e+02 1.313866310262314698e+02 1.424681055106509575e+02 1.286215404831410467e+02 9.074378015150236365e+01 7.330044788025702474e+01 6.272710258525676608e+01 4.895603821410931999e+01 3.415735238245700600e+01 2.521849282360652111e+01 1.642317201322966724e+01 1.023097252223930198e+01 6.242948903806109229e+00 4.117034627238742139e+00 3.103054163350353445e+00 1.737889636022169171e+00 1.327095371202403618e+00 1.054764486515073374e+00 7.286158166975899020e-01 4.950886151578036687e-01 3.742212892184590967e-01
7.133929894649654102e+01 2.043590287040194937e+02 1.229131515986193790e+02 2.161917941121017179e+02 1.315743464286439064e+02 1.359977817772455637e+02 1.300375017275299001e+02 9.194498501912843835e+01 7.349794169298837687e+01 6.269262354968532236e+01 4.864560535547619935e+01 3.410698608626159256e+01 2.542297203979038756e+01 1.644402632847912926e+01 1.006204944625306474e+01 6.217886611630484062e+00 4.147043413187441629e+00 3.154205030139630495e+00 1.684048131880419907e+00 1.323787320743163631e+00 1.056147672035628871e+00 7.197969028237478639e-01 4.661474879025278018e-01 3.519422554525246105e-01
6.938713390315160723e+01 1.950396863139429797e+02 1.133770028220118178e+02 2.164094562361991620e+02 1.294258176158817264e+02 1.405338926485521540e+02 1.284298877703935489e+02 8.970933531314926768e+01 7.351239539894864095e+01 6.307400728135261403e+01 4.878173060857105270e+01 3.413630816075129104e+01 2.532897233195126319e+01 1.654827384399370871e+01 1.015886732214144494e+01 6.253867547849682573e+00 4.080016032261028158e+00 3.036521026259400458e+00 1.744710787039071676e+00 1.365391685638616792e+00 1.045244114106007816e+00 7.032276982143284005e-01 4.749485849240149826e-01 3.506676684131143640e-01
7.524679330405682265e+01 1.976940596435642021e+02 1.133491349927339797e+02 2.182695022426946139e+02 1.304330249210276236e+02 1.373913101075715986e+02 1.289205092003585662e+02 9.104730471386916690e+01 7.193937094075975835e+01 6.237934486179110394e+01 4.796008251622342300e+01 3.391426336516956752e+01 2.556751614557985874e+01 1.634753260533079811e+01 1.030672884225621111e+01 6.184779607903754695e+00 4.060162036679206388e+00 3.088196826868835565e+00 1.736312749856843807e+00 1.318600002377688041e+00 1.060926387819133510e+00 7.081707935580476843e-01 4.762689476990872861e-01 3.353993125020133248e-01
7.265832926542283587e+01 1.896094460173293612e+02 1.215646919765733145e+02 2.194504315921363968e+02 1.345617818267833457e+02 1.370891007840669715e+02 1.312913831607731083e+02 8.991731792263337297e+01 7.299293795092322057e+01 6.191133225065074441e+01 4.814552803079322274e+01 3.421480051370313191e+01 2.537338697542120158e+01 1.647447429011125664e+01 1.015362174405680129e+01 6.302367786693374718e+00 3.952246584752294734e+00 3.057140191434825738e+00 1.714539122838579122e+00 1.351298003798047542e+00 1.052332944948018767e+00 7.155894441249351923e-01 4.727144571447614574e-01 3.483005434399750744e-01
6.961385967767688498e+01 1.878659512658142887e+02 1.064381179796460657e+02 2.183354838066310890e+02 1.326825177115740928e+02 1.403351137552091359e+02 1.281797584766557634e+02 9.064304593855231929e+01 7.217434627899748989e+01 6.259553824270201261e+01 4.832553501828192566e+01 3.413761229551698761e+01 2.560740717716674908e+01 1.637240771751870483e+01 1.033400600643300216e+01 6.208986829472769031e+00 4.136393564427732095e+00 3.169588411728827992e+00 1.794663110040996878e+00 1.352167516749136267e+00 1.044063835257041495e+00 7.271075815543710519e-01 4.900540032076685093e-01 3.611281988290905853e-01
7.117711850388988637e+01 1.906087240457144958e+02 1.134514615554704449e+02 2.176445670313673588e+02 1.318013577741718336e+02 1.363456816563150369e+02 1.286657729853372985e+02 9.109596598946143331e+01 7.223888086970609379e+01 6.277433773809934081e+01 4.885903925887106425e+01 3.424810013093815542e+01 2.534549131257631061e+01 1.655617100386286111e+01 1.030713823784249250e+01 6.280269880006455807e+00 4.114188579253941214e+00 3.147693920495669317e+00 1.725615620564119324e+00 1.334844718222308879e+00 1.036980961429339043e+00 7.332320593727010838e-01 4.859736805529479842e-01 3.469291172036634285e-01
6.739816151542414957e+01 1.933245061523286381e+02 1.133754769719847388e+02 2.160488345023818795e+02 1.303677220157784404e+02 1.421115226723074443e+02 1.283418169074756463e+02 9.083889133400055016e+01 7.239719814643605389e+01 6.239545306974400063e+01 4.821461622530839719e+01 3.419833728078056367e+01 2.520723095448697748e+01 1.642619865393052336e+01 1.026373049785834901e+01 6.214797386087576925e+00 4.100128033589647281e+00 3.105595965219878352e+00 1.773418658658333369e+00 1.387298873414140266e+00 1.062871220398788674e+00 7.292602757894379728e-01 4.915221023393418487e-01 3.635339629154281660e-01
7.213956451256260038e+01 1.918152240610475019e+02 1.040483049151586386e+02 2.208186833822945232e+02 1.326941440059683828e+02 1.396635564344088039e+02 1.303715770708547268e+02 9.326573463966023780e+01 7.423577147471623050e+01 6.284839940114419932e+01 4.815930068439055134e+01 3.400347736416740219e+01 2.516129383951941278e+01 1.660515316102462791e+01 1.024424033785433430e+01 6.243290446062202292e+00 4.042431252773795336e+00 3.060482989108626928e+00 1.756650488013329570e+00 1.342714431616405024e+00 1.031271330650310070e+00 6.911518688632937168e-01 4.682279131059264854e-01 3.273218981566017871e-01
6.873457249402493119e+01 2.040757002099308011e+02 1.107725038739706065e+02 2.077499258989407167e+02 1.287906930420522542e+02 1.382916016297058093e+02 1.299363181170623420e+02 9.261575662966336608e+01 7.350451938191713452e+01 6.164463837647785738e+01 4.762125941125032114e+01 3.446682434964028374e+01 2.537083493256637468e+01 1.667396595641366730e+01 1.010277357001192300e+01 6.267489007681669833e+00 4.084139656046677835e+00 3.073562659273215036e+00 1.727976366941048614e+00 1.362239075885557815e+00 1.007633969207631486e+00 7.029586881581513236e-01 4.864905370061007872e-01 3.678844989058130399e-01
6.256713113783664681e+01 1.981808533771724115e+02 1.168576520709768261e+02 2.137744505156415755e+02 1.329752804813273599e+02 1.372052880879767542e+02 1.273957515717248867e+02 9.233196956769789665e+01 7.318985127831578552e+01 6.288447931334141572e+01 4.843623278591757497e+01 3.437335685198608815e+01 2.534591932388077851e+01 1.637606340124225568e+01 1.020999661939207925e+01 6.192145122714527439e+00 4.097181198363109900e+00 3.089650061693000715e+00 1.764644905181689705e+00 1.392819712539309807e+00 1.011316620363117202e+00 6.948606393470485587e-01 4.594436849256960387e-01 3.369033586820103787e-01
6.189018121389836580e+01 2.014638162044068110e+02 1.180243295705715951e+02 2.139964545676001535e+02 1.372351459732376213e+02 1.379458496342674323e+02 1.293851141504137274e+02 9.165181745047728157e+01 7.360850559091196033e+01 6.377704335557433524e+01 4.862499034136017428e+01 3.376968030320599468e+01 2.512457208117944063e+01 1.644407961586390599e+01 1.035615831770411077e+01 6.277960170853486233e+00 3.997218544943743179e+00 3.023107146460081829e+00 1.738537547515770276e+00 1.294093152361655008e+00 1.015907986786506401e+00 7.098964877345457225e-01 4.717438883024318574e-01 3.497968261297149661e-01
7.375616538149260748e+01 1.911997673141185885e+02 1.214047199533351034e+02 2.201933854596865956e+02 1.342725798006806315e+02 1.396386008826987393e+02 1.290925723599486616e+02 9.238991925784559101e+01 7.251590768960042510e+01 6.312794015538436554e+01 4.916839766956324098e+01 3.435838130661113610e+01 2.555147948908275879e+01 1.664992275823897216e+01 1.033964554132856328e+01 6.203777695952621407e+00 4.074846440932788028e+00 3.090826186665888820e+00 1.740463115157174334e+00 1.363516983913904967e+00 1.032346196458689747e+00 7.045870697096120461e-01 4.785006542362139625e-01 3.602131295823244317e-01
6.607333501640792406e+01 1.925342212567136642e+02 1.202581686351820451e+02 2.192962789333161595e+02 1.329751642744903108e+02 1.372929996114501705e+02 1.311504540892022703e+02 9.303101100679532465e+01 7.333104025165687290e+01 6.254711125992237442e+01 4.869876859032070371e+01 3.444316055227476880e+01 2.524951456473193190e+01 1.650568571100873783e+01 1.026105098597452070e+01 6.156006301271801817e+00 4.113093237985709472e+00 3.089460380994948796e+00 1.736994758809663697e+00 1.361243774652642680e+00 1.044086963454857520e+00 7.207726886628116336e-01 4.817233785099989118e-01 3.441642460395166192e-01
6.919207673719473917e+01 1.979629735064646354e+02 1.149753755465452656e+02 2.228116967268238398e+02 1.339764152570125475e+02 1.364732281316640581e+02 1.287142523530614540e+02 9.052977101787610081e+01 7.332327568164174636e+01 6.331369759598461400e+01 4.843446223030522191e+01 3.391541555091240667e+01 2.522156720785478612e+01 1.652705542985136233e+01 1.032253464032161361e+01 6.256582401018762951e+00 4.043397873045689650e+00 3.119942604300707689e+00 1.715180694916530246e+00 1.358108242343926575e+00 1.052416420308575518e+00 7.172415328600560969e-01 4.686098907848107453e-01 3.374740121947894522e-01
7.024111886963321183e+01 1.948322752097708133e+02 1.059409121496229602e+02 2.148101482037441770e+02 1.307867527160367729e+02 1.374064445540630004e+02 1.295191955249272837e+02 9.055698371135338220e+01 7.339362470886440803e+01 6.206843611363371593e+01 4.862798492943100825e+01 3.412053994501079757e+01 2.535253942559829810e+01 1.651450039786152857e+01 1.030589874756946855e+01 6.263430170545316145e+00 4.050500555422442694e+00 3.108405523301276840e+00 1.709652995648837104e+00 1.367068186381107386e+00 1.031125820555762518e+00 7.145227293966109894e-01 4.765968322991758765e-01 3.721336648746731979e-01
8.236748790743867232e+01 1.838670361488049707e+02 1.023277682547712146e+02 2.161588600408647380e+02 1.277453748131606943e+02 1.392375263558917027e+02 1.275523522728695696e+02 9.193723392171131081e+01 7.140000011020784143e+01 6.226294252183085831e+01 4.872396847451800284e+01 3.413279564357507923e+01 2.536588260808304796e+01 1.635935260549002024e+01 1.034419196521175444e+01 6.025774444959219878e+00 3.979801272182334593e+00 3.042276022044776429e+00 1.648325862449646628e+00 1.266233882584715031e+00 9.983105285688965713e-01 6.908225196666266665e-01 4.648365799420318689e-01 3.264315619467669238e-01
7.187216506003714755e+01 1.885556490295243179e+02 1.232406989631505638e+02 2.117185038172317775e+02 1.351453237247108916e+02 1.334492960401050539e+02 1.276317825339413474e+02 9.375268791308053551e+01 7.419580220637162427e+01 6.321398568914714389e+01 4.764764842569428538e+01 3.419844917039279153e+01 2.509443155545442750e+01 1.658985290075952435e+01 1.033423765595757793e+01 6.171064694633896508e+00 4.143604893717998117e+00 3.038262820928656183e+00 1.700181761782992185e+00 1.342676481477860895e+00 1.015534036171957588e+00 7.150753559159178652e-01 4.975915063124915494e-01 3.483183376400638132e-01
7.138393900325429797e+01 1.943736786101608232e+02 1.194372095017121325e+02 2.231335511556659128e+02 1.309017790158365813e+02 1.379879377269330405e+02 1.294640101895976443e+02 9.082890497815613173e+01 7.300878166478447895e+01 6.226456874249979734e+01 4.876634101801115406e+01 3.475421634710156837e+01 2.534305531983181936e+01 1.641370913761112860e+01 1.031081605644843968e+01 6.212127520233616806e+00 4.121686253642503850e+00 3.113977750170305647e+00 1.723679599356772174e+00 1.354677717326453923e+00 1.058079398812219019e+00 7.260998718750396597e-01 4.904185090659672897e-01 3.656057734173536744e-01
8.052647549114389847e+01 1.873415212975169766e+02 1.102715572249817768e+02 2.197923602680974682e+02 1.285589155441316791e+02 1.387417712336848581e+02 1.275537529656860869e+02 9.215781570804186629e+01 7.319735057537981504e+01 6.266111861572549913e+01 4.845829837330392564e+01 3.405477108088312832e+01 2.520470198695604580e+01 1.650681502958899216e+01 1.021521868168247238e+01 6.167275202632617415e+00 4.103860909359520193e+00 3.071605777812344673e+00 1.747946533180151141e+00 1.360490966677171842e+00 1.043884307405874345e+00 7.240239877217344855e-01 4.879793126455418406e-01 3.377727308884885815e-01
5.251311585125859693e+01 1.894775701974964193e+02 1.167932600220604087e+02 2.131479115576436811e+02 1.278859761737379301e+02 1.410549861634848696e+02 1.294199863484070931e+02 9.192250422428200807e+01 7.327600967261558651e+01 6.271259374701216416e+01 4.832714155108048004e+01 3.398769669293765361e+01 2.458727386522949487e+01 1.691402856976722546e+01 1.025296849324613468e+01 6.287532232689136968e+00 4.131227507763296281e+00 3.100467255731168326e+00 1.717751040855049594e+00 1.351173493121425651e+00 1.039943509425138579e+00 7.258613405720737433e-01 5.086520027533176780e-01 3.624667792507489383e-01
7.905813897786988775e+01 1.937073700056533312e+02 1.077563966686876569e+02 2.193098866999283132e+02 1.307743309528808879e+02 1.345391834757037941e+02 1.276544077888391655e+02 9.153568879362671851e+01 7.119106679860314557e+01 6.256464506502956624e+01 4.905512878355756357e+01 3.418394688279020244e+01 2.524750759270213862e+01 1.658031859383419260e+01 1.020544408768365052e+01 6.216274576650007155e+00 4.014084800654245555e+00 3.106773899108159043e+00 1.733188899563782082e+00 1.344085140035264025e+00 1.027909250654217121e+00 6.947253355829515753e-01 4.745354207547174408e-01 3.526680767937717675e-01
5.803445221454988001e+01 1.948750590474846547e+02 1.137525077616991922e+02 2.199141443624335466e+02 1.311343575731552846e+02 1.403795552571996268e+02 1.292651845771386832e+02 9.193265329802966335e+01 7.332194096959536012e+01 6.219648609149062679e+01 4.870792421018857254e+01 3.379665983663545603e+01 2.539797808181504379e+01 1.633705386807150362e+01 1.047883182051095652e+01 6.190742214382964903e+00 4.161963138276201235e+00 3.054335935546395486e+00 1.726939915001972858e+00 1.378427704072916704e+00 1.029692749782165961e+00 7.185411693118362031e-01 4.759826240199275249e-01 3.590163280400746060e-01
5.566503901855387682e+01 1.929521131686107367e+02 1.143188785439736392e+02 2.218175583971869855e+02 1.351556734331137761e+02 1.394180447563817040e+02 1.275269137675398241e+02 9.111128984494352778e+01 7.290544074654098949e+01 6.239682612611625245e+01 4.860020643521958306e+01 3.429275234464439137e+01 2.537894637729308656e+01 1.638662567130730352e+01 1.023273441377405746e+01 6.252383556939588694e+00 4.035244103380781766e+00 3.100580765091993651e+00 1.719780613901416677e+00 1.351399967388003276e+00 1.047840564846383105e+00 7.175489100324562441e-01 4.922095094475245625e-01 3.661551662459359702e-01
8.005431124226319639e+01 2.023646650294103893e+02 1.127031296402687133e+02 2.184649073973407098e+02 1.331404192784859504e+02 1.371471513350798830e+02 1.303992075159063120e+02 9.141531000293529985e+01 7.300486335373929592e+01 6.155119246237467223e+01 4.832931531659894375e+01 3.402232343193520592e+01 2.517504030868671094e+01 1.653096614670392128e+01 1.028664235816773775e+01 6.177498594150162781e+00 4.046788429296131362e+00 3.105681816984770194e+00 1.732317227271028770e+00 1.347184181103052492e+00 1.045184376950730520e+00 7.300838530257665049e-01 4.824312346823316222e-01 3.460402632909025389e-01
7.023213769475721335e+01 1.929481610376460594e+02 1.132355931778783997e+02 2.155114354879182201e+02 1.317316596089532084e+02 1.367382196231529292e+02 1.283842295700403895e+02 9.137201925858269647e+01 7.264173707304972538e+01 6.248010271391112980e+01 4.809882704419520394e+01 3.414610985365015239e+01 2.524826099592765161e+01 1.640609255411730061e+01 1.024232005392542533e+01 6.212076682209461076e+00 4.065951351239870171e+00 3.095802907945244709e+00 1.725313244181527095e+00 1.348801547569768111e+00 1.042712352007716614e+00 7.142237455102505850e-01 4.801081009122782350e-01 3.446340289905589493e-01
7.445160041642509441e+01 1.894474118368751192e+02 1.132609248444604333e+02 2.169948230016206310e+02 1.346594389957463136e+02 1.376484449850691476e+02 1.270674550386747512e+02 9.109458954452358626e+01 7.377286966268314927e+01 6.313478705011784342e+01 4.858574859250155953e+01 3.420971282038954087e+01 2.552342538805777039e+01 1.640473352129368223e+01 1.029776461435774415e+01 6.279920189878868797e+00 4.134184317711029344e+00 3.135873957675986645e+00 1.766929167500858933e+00 1.337317299399881199e+00 1.058529019140223459e+00 7.234910699054541983e-01 4.838772272325655988e-01 3.596074268989286060e-01
7.344180791654024176e+01 1.896925128502019220e+02 1.138243123445949010e+02 2.198097620792123337e+02 1.330151140420489071e+02 1.386047213982374160e+02 1.295553901443306017e+02 8.896125703881898517e+01 7.136748380453602181e+01 6.303723515284909951e+01 4.815688863677625875e+01 3.403469593882930155e+01 2.533301332961973529e+01 1.660100788881308631e+01 1.042732954648681343e+01 6.214422047768298540e+00 4.080186137191465612e+00 3.070951072754453115e+00 1.740688768804709241e+00 1.370207956909349489e+00 1.055402200174012206e+00 7.278817490701862125e-01 4.869293012984320934e-01 3.396317241976157253e-01
7.739519809817066687e+01 1.918171175480485715e+02 1.082136432757421431e+02 2.228643739433855160e+02 1.326662284147423634e+02 1.372707016160676687e+02 1.281759624271811333e+02 9.132664023082190852e+01 7.245608068550812675e+01 6.190076918959542240e+01 4.870320541495825495e+01 3.457754059979108519e+01 2.523901950236963643e+01 1.650482787334243540e+01 1.023403736199622038e+01 6.180091913827371108e+00 4.115642775236441508e+00 3.100931663169809394e+00 1.707686047668995455e+00 1.347952067504488927e+00 1.037714402829744698e+00 7.380361370079845384e-01 4.720222502522100072e-01 3.415827190140198200e-01
7.335276110130195093e+01 1.918701394356193077e+02 1.142936538280565628e+02 2.144606412353775511e+02 1.298874440611415650e+02 1.379070407844527892e+02 1.301203788047023409e+02 9.111432133402323075e+01 7.374603399643906698e+01 6.224053406343764294e+01 4.897331004285062050e+01 3.412068267158920065e+01 2.527601566772993635e+01 1.648808307229337444e+01 1.036379188457867606e+01 6.234422379539890535e+00 4.095232753350464883e+00 3.115312700541963409e+00 1.762376472516776982e+00 1.357888522769202577e+00 1.036652616446556596e+00 7.204918434307913122e-01 4.867208495888509789e-01 3.665370100426010302e-01
7.483605833516918437e+01 1.937512861837280127e+02 1.200010134836610973e+02 2.173320426227859627e+02 1.330257624821826710e+02 1.396719472269754476e+02 1.297191273270923659e+02 9.152388612477412266e+01 7.299576694268466781e+01 6.279899303804572241e+01 4.844705433450127430e+01 3.419384820107128320e+01 2.524512229352758652e+01 1.643940805715450537e+01 1.025702403875315483e+01 6.238957247952342300e+00 4.107384988042149132e+00 3.073468467353700273e+00 1.743208298612893614e+00 1.361471928007224275e+00 1.027367155354982797e+00 7.173156793632328165e-01 4.799038898986759394e-01 3.518597626967561731e-01
7.122946886900788854e+01 1.903539392004343824e+02 1.134278393821166020e+02 2.116818484318282572e+02 1.310925031748255947e+02 1.376101806445769284e+02 1.287825325752810386e+02 9.132767330216893242e+01 7.287459786998495304e+01 6.303254846804826173e+01 4.855799933986801875e+01 3.420640145337745253e+01 2.541705895087774536e+01 1.650657943556365126e+01 1.019699016525828483e+01 6.160511422910901480e+00 4.134956292909591546e+00 3.164837700120202157e+00 1.742912751772971225e+00 1.336175492137053222e+00 1.033447130214518284e+00 7.050047816405572432e-01 4.887549019041994569e-01 3.662634951508910719e-01
8.043348260251528359e+01 1.778958890173628049e+02 1.200725202598104602e+02 2.136820051184074032e+02 1.320847891763858968e+02 1.380490475163085762e+02 1.315862209987677147e+02 9.133634638702292818e+01 7.245286820216612966e+01 6.284667910650070866e+01 4.885767381066216331e+01 3.446779203111234580e+01 2.536611059360960851e+01 1.655317421366792274e+01 1.023232606585540161e+01 6.083437495045098231e+00 4.146274524666476502e+00 3.028129318315403662e+00 1.745077621058107820e+00 1.363831473442470132e+00 1.038972356706668876e+00 7.077290075744145925e-01 4.588627407284220916e-01 3.262502216354437601e-01
7.603225309101061669e+01 1.924304583466833378e+02 1.123818115887784330e+02 2.130701183010804698e+02 1.323338620684677096e+02 1.372974105649010141e+02 1.274649749725527670e+02 9.301329999141354676e+01 7.257896970520316415e+01 6.299710718479180827e+01 4.874612551542565342e+01 3.463861791782022692e+01 2.523238995552114972e+01 1.658833193602385592e+01 1.036684594833257123e+01 6.282896938608654835e+00 4.170546063487634569e+00 3.137667362713144392e+00 1.744037790190900106e+00 1.381360111319850148e+00 1.025937355995947264e+00 7.033241153546513358e-01 4.597068575304525395e-01 3.343445959728519323e-01
7.436808076313543836e+01 1.923639588233540394e+02 1.062473577123612642e+02 2.135141068656506889e+02 1.312294717988420416e+02 1.391200373858074215e+02 1.293458308544033173e+02 9.073526071773234492e+01 7.445822310438367708e+01 6.273720696247757189e+01 4.822957455717745034e+01 3.405216510187906209e+01 2.531489130830820145e+01 1.635462366692181035e+01 1.034795291415986895e+01 6.203485045781740759e+00 4.057842726959904667e+00 3.101990846797882284e+00 1.708446372821363246e+00 1.351767751314798982e+00 1.030226297366721555e+00 7.098065202677037444e-01 4.669191247807358836e-01 3.491041809520240013e-01
7.533538819270781062e+01 1.883189333618650210e+02 1.138997588239320322e+02 2.166736346450736050e+02 1.332546604919097604e+02 1.404851324987537566e+02 1.272756707290933207e+02 9.201395940726034439e+01 7.271769409691410146e+01 6.203738473175353363e+01 4.847917884428699153e+01 3.420909443757778945e+01 2.533823170229153376e+01 1.645136132206154755e+01 1.029793242707025946e+01 6.204143439699658202e+00 4.123806029539633045e+00 3.057197252994229064e+00 1.725315136644590241e+00 1.356020793499376653e+00 1.037224120984665099e+00 7.061928777643722288e-01 4.736441741662200666e-01 3.514094897008610552e-01
8.060893796970638903e+01 1.908318687228767487e+02 1.192417677073836018e+02 2.153838950847053582e+02 1.314471265653679666e+02 1.353127077981870912e+02 1.319306942248614405e+02 9.112667974362965140e+01 7.210596226571320244e+01 6.337695233421784025e+01 4.823934182086816946e+01 3.448297211644091931e+01 2.507440707602909313e+01 1.638307107778443950e+01 1.026832249718706080e+01 6.152943407082780425e+00 4.057900524395915198e+00 3.121435911320606493e+00 1.725052170776954164e+00 1.342805588808824835e+00 1.040288801735046231e+00 7.338681195246472555e-01 4.878121690162553481e-01 3.620110135150855224e-01
5.320845766456449866e+01 1.846939600000023347e+02 1.292324135234709956e+02 2.122180301021365381e+02 1.283442176315573704e+02 1.389944605892005995e+02 1.286185982059838864e+02 9.368276182722340195e+01 7.451955368951257697e+01 6.147865500708282838e+01 4.761254910179275157e+01 3.401061951772948078e+01 2.531949057378986367e+01 1.661499638329513218e+01 1.017613303249082257e+01 6.072162405392402817e+00 4.004782008883902122e+00 3.149003814948458935e+00 1.738210782789498587e+00 1.317375197087490957e+00 1.056767803828123631e+00 7.199364661891319850e-01 4.531734373585640241e-01 3.508981928727271105e-01
6.645949829497669725e+01 1.983730777668695566e+02 1.177124046386554710e+02 2.161706845156162160e+02 1.345231934103549918e+02 1.385740890360474680e+02 1.309411035775812024e+02 9.126707927606958037e+01 7.276184163725473297e+01 6.298446062639815324e+01 4.870711858593535482e+01 3.425290781475510471e+01 2.528392147622991715e+01 1.668171517266437220e+01 1.032275693430770680e+01 6.209506449044840615e+00 4.048872444437651374e+00 3.150278348427898223e+00 1.708848125982698418e+00 1.355471423303668210e+00 1.044134842209672343e+00 7.040171873352960574e-01 4.718727364965071835e-01 3.463367329111124993e-01
6.646345330082874625e+01 1.880091722909453722e+02 1.204906808751186844e+02 2.129593397505189500e+02 1.319650134840665316e+02 1.384784168269384281e+02 1.279079245720287901e+02 9.177270321760256877e+01 7.288802357647136887e+01 6.158212151637950882e+01 4.847266006614331957e+01 3.415049344583288615e+01 2.538424715926100461e+01 1.639338313175394291e+01 1.023233776862744016e+01 6.233898852885999098e+00 4.026536896184475189e+00 3.122259428661611658e+00 1.748192811247185396e+00 1.338888968424292392e+00 1.043968253139045732e+00 7.231399513135894352e-01 4.643087030966860373e-01 3.433032290865392078e-01
7.246874561510159651e+01 1.830515472459308057e+02 1.151709956769960428e+02 2.171699861991333194e+02 1.321062641923590206e+02 1.400346439450169953e+02 1.293900230014239412e+02 9.158758833948651557e+01 7.247894421287972477e+01 6.257462423049758371e+01 4.825450308301878977e+01 3.416824211054365179e+01 2.518562073164684989e+01 1.651670964102619266e+01 1.029444168903057211e+01 6.204351933149107268e+00 4.044674502097413971e+00 3.091584712480885955e+00 1.722337435111465309e+00 1.349767284590173366e+00 1.039970963955262118e+00 7.121521032734020595e-01 4.824629583754873607e-01 3.530023958214433266e-01
