7.091419027875181769e+01 2.024908176755355100e+02 1.243493277886223325e+02 2.367491091846737561e+02 1.429601644678210164e+02 1.464151563551015442e+02 1.391603309315420063e+02 1.002868446445689159e+02 7.836774569185762118e+01 6.769771754952127196e+01 5.256023616724839087e+01 3.696968916386322235e+01 2.716169542372793089e+01 1.791548522887382333e+01 1.106159603150885395e+01 6.743592282629942147e+00 4.481893237015530218e+00 3.334416511498308200e+00 1.911189695356406482e+00 1.447761979408400679e+00 1.131626833036225799e+00 7.752208766186662325e-01 5.122464243357336411e-01 3.819672413160594693e-01
6.884773391464632653e+01 2.125519408169519977e+02 1.265221138021642986e+02 2.430070324013800587e+02 1.370550272700313599e+02 1.508279110918372226e+02 1.401284380506933473e+02 9.830792518046628459e+01 8.119861510944797089e+01 6.738488008826482201e+01 5.262954636483662796e+01 3.675949504946823509e+01 2.743181059905329278e+01 1.792528482007585922e+01 1.104435832469451739e+01 6.746140125529780818e+00 4.420392709760176508e+00 3.376578981476610952e+00 1.876738779750406039e+00 1.463415579068494399e+00 1.115098721121770220e+00 7.548703442356519133e-01 5.086999947065502514e-01 3.894129769434945820e-01
6.519201290072923882e+01 2.111260276297574308e+02 1.218837956130826825e+02 2.314799590817340516e+02 1.394121098042763265e+02 1.497097852121041797e+02 1.385872928144773368e+02 9.912865917228376134e+01 7.954357708508466374e+01 6.838048200073089333e+01 5.345188224727773729e+01 3.684436739231205138e+01 2.769003864561589978e+01 1.781019781722477902e+01 1.119395252429642085e+01 6.798087769727102270e+00 4.446745910130966983e+00 3.354551590529676552e+00 1.899636474163505895e+00 1.486500911576406070e+00 1.110324885823948726e+00 7.541335268076924114e-01 5.218714019821212302e-01 3.853094383745851448e-01
6.803913958038640430e+01 2.145477074797331056e+02 1.159206321297325388e+02 2.437601614751136196e+02 1.462251090953792243e+02 1.509803086928571645e+02 1.388557646002332717e+02 9.824592662575587099e+01 7.814374369193851066e+01 6.792684488372789531e+01 5.265380779453645488e+01 3.694432634600941867e+01 2.746217131988484539e+01 1.783453951379285485e+01 1.117731474084660448e+01 6.746744025803678824e+00 4.358334275183224804e+00 3.324955189263183897e+00 1.902002575689244468e+00 1.487673376741464937e+00 1.136013687944596784e+00 7.796583949866612295e-01 5.162845233447597160e-01 3.784939517069498272e-01
9.607565034788140679e+01 2.018373818167201534e+02 1.318559532162626624e+02 2.356799680798585541e+02 1.436587154035526339e+02 1.528962647514582613e+02 1.408799235004231605e+02 9.942336011388802319e+01 7.922107000696914270e+01 6.797088043238152011e+01 5.240820566503793998e+01 3.748822415714743528e+01 2.777224808679001811e+01 1.784593589641409395e+01 1.108090084226982697e+01 6.844634942469007832e+00 4.375151945659603747e+00 3.317018453880808959e+00 1.927433754059233895e+00 1.492850218614601987e+00 1.148061709771837080e+00 7.841803321211852085e-01 5.125569400743864579e-01 3.900940898707513371e-01
7.618982796084226550e+01 2.012058160956067070e+02 1.228452187725678613e+02 2.306354872987986369e+02 1.450413476472283776e+02 1.492036282843869799e+02 1.392256528252872272e+02 1.004336207820363853e+02 7.846469473433813846e+01 6.636440697111959253e+01 5.264116227680263194e+01 3.679743142748286999e+01 2.746532368904592758e+01 1.794093662372564779e+01 1.098506609824719682e+01 6.741000025685215391e+00 4.359651738295759138e+00 3.434355908931485679e+00 1.880804790188150832e+00 1.444430680438318237e+00 1.118391273831239596e+00 7.532282894200982293e-01 4.843664282399409715e-01 3.539911434909051025e-01
7.877438186150297383e+01 2.033802480474516869e+02 1.298851504016329841e+02 2.338051530550275743e+02 1.447869120701552959e+02 1.502827861634884812e+02 1.402499165965057557e+02 9.789709197202623159e+01 7.823633422957813366e+01 6.745691805489974513e+01 5.277179816064491291e+01 3.720355061425243548e+01 2.735749403204938801e+01 1.760282457985852034e+01 1.100707326802137942e+01 6.863216602988813086e+00 4.441545212856340186e+00 3.378811781688698890e+00 1.915248833977036158e+00 1.494497991992828956e+00 1.127713485519818759e+00 7.978161950372635314e-01 5.076429454881241643e-01 3.687511535529254814e-01
7.803527673667527154e+01 1.995698602504155588e+02 1.232883061391183759e+02 2.421079834718976258e+02 1.470152271618354121e+02 1.490688126161475111e+02 1.389580412455162843e+02 9.978759469857332931e+01 7.938875412617348104e+01 6.754914810921329149e+01 5.204305979785956993e+01 3.713915486367582020e+01 2.758324005569820159e+01 1.763255311852375229e+01 1.117683252979446173e+01 6.763902139967261640e+00 4.398758195712807684e+00 3.445801886312797713e+00 1.871734134733243238e+00 1.451281534881134982e+00 1.115235061571437702e+00 7.557336946695245583e-01 4.904830317823983821e-01 3.583844188436292044e-01
8.590574146620971874e+01 2.091038141306099476e+02 1.266578168331536602e+02 2.349140508183042755e+02 1.387511497279887180e+02 1.510580116331627210e+02 1.377429801138022469e+02 9.863178182909766178e+01 7.883185664283674043e+01 6.806925661024033047e+01 5.201303854003251814e+01 3.668370994858096168e+01 2.743342897356452070e+01 1.754671283472145404e+01 1.101965286090607243e+01 6.787448170538517012e+00 4.311784402703227492e+00 3.409870343663640391e+00 1.905718661982481965e+00 1.470398091453199774e+00 1.148868474588985444e+00 7.868871427960053566e-01 5.058104084115064847e-01 3.675344246523374880e-01
7.141664205692345035e+01 2.121205655974563911e+02 1.269081292897820532e+02 2.321129123338511988e+02 1.445428218126675972e+02 1.500626776828105449e+02 1.402643710928105634e+02 1.009715506318218985e+02 7.954117710568722543e+01 6.807578135201549685e+01 5.248509771707141169e+01 3.717714384357638124e+01 2.758888488096416935e+01 1.770937404658220515e+01 1.112709579194387288e+01 6.596790801834194973e+00 4.420020579487908385e+00 3.360285463271778017e+00 1.913988499298769463e+00 1.479310184025806496e+00 1.103218558607273359e+00 7.893318317356412539e-01 5.199773651934873619e-01 3.938968729963054916e-01
8.892946293539344538e+01 2.103343891227625306e+02 1.251262703377013423e+02 2.334271345937065405e+02 1.409397073740612996e+02 1.518342980948105776e+02 1.384832219887848623e+02 9.715328667756186576e+01 7.818460468708958899e+01 6.781419206158065549e+01 5.232249899487893430e+01 3.687628117654102766e+01 2.732632573891515193e+01 1.779843474191816810e+01 1.113125513183550908e+01 6.775814593875843173e+00 4.422448900367457192e+00 3.422568616816987319e+00 1.843158484896031624e+00 1.480189420569793413e+00 1.133217098022101244e+00 7.830581548258725988e-01 5.405238486062114989e-01 3.928302193215462146e-01
7.794627748310205106e+01 2.110582964147832570e+02 1.273214949678705921e+02 2.194773786803275755e+02 1.400115495344387568e+02 1.524721333048849772e+02 1.414117990737564412e+02 9.972082057875212513e+01 7.892492959034710509e+01 6.836291339001263623e+01 5.292671889332446256e+01 3.749595816440069740e+01 2.772267901137897894e+01 1.774426722381270238e+01 1.129897727272786057e+01 6.788389361729909588e+00 4.500070305958716155e+00 3.337834133935035474e+00 1.878643245051579314e+00 1.488217955332970410e+00 1.111315822171498935e+00 7.495439586763925632e-01 4.974093834724500618e-01 3.801969404600797353e-01
8.442883740497077838e+01 2.167979252587706469e+02 1.240337772412236603e+02 2.345526219425550778e+02 1.421984075708841999e+02 1.498487588710682985e+02 1.391147614771949179e+02 9.953050591101980160e+01 7.937650429994123158e+01 6.807733057833780776e+01 5.241850147091802370e+01 3.692591932529104781e+01 2.748797742861235349e+01 1.768168042044075605e+01 1.122935998969279936e+01 6.744974087796252959e+00 4.354872732854509820e+00 3.357061166613350522e+00 1.906004948173839475e+00 1.466918338177640280e+00 1.127117567646604979e+00 7.632403620877599160e-01 5.278961892503305497e-01 3.844599675989894827e-01
6.142553691468615540e+01 1.955887828866549398e+02 1.264803143098164355e+02 2.379480923496677462e+02 1.407035695125701693e+02 1.569645215089622923e+02 1.375550676712070981e+02 1.011665984455511875e+02 7.837424183745497430e+01 6.799263358461239193e+01 5.247183173735471939e+01 3.687761534697770571e+01 2.736302108972576974e+01 1.772301512198788842e+01 1.080683281819060149e+01 6.641112939413978289e+00 4.409909862705405637e+00 3.333045623294668136e+00 1.859093991592244421e+00 1.441480545981658867e+00 1.130502638292046003e+00 7.984523245564090210e-01 5.261200122131090007e-01 3.767492475140574726e-01
8.065952965140864706e+01 2.191299026315938079e+02 1.181766683549087560e+02 2.375677521654521627e+02 1.423402824810209211e+02 1.492992167506498902e+02 1.398369172785313879e+02 9.855382101810577922e+01 7.927596995285767889e+01 6.748601287383553426e+01 5.239091546106860875e+01 3.691520491363306888e+01 2.726302402306245654e+01 1.770320666600494164e+01 1.109591228189756151e+01 6.798177479688659375e+00 4.450943900052987345e+00 3.325526689020994464e+00 1.881289369638973197e+00 1.440176342238042251e+00 1.081115908620357668e+00 7.866848610561356647e-01 5.391849762010931801e-01 3.869320648067720025e-01
7.109616259192523557e+01 2.123322456880218851e+02 1.287024373837316489e+02 2.349581737102543002e+02 1.416811553932618892e+02 1.527135859096150909e+02 1.376254255796501411e+02 9.782424942980587446e+01 7.963005885782976634e+01 6.765129075517457125e+01 5.206808858019071096e+01 3.713448424322068320e+01 2.770189168071191332e+01 1.763607063671068431e+01 1.124682689734220808e+01 6.874409069275595030e+00 4.432220797722673744e+00 3.298236833831547532e+00 1.816109433773158699e+00 1.460135611923137677e+00 1.124064601518503403e+00 7.845768214942221430e-01 5.551055197011975917e-01 3.925083325034679493e-01
8.509157429269262707e+01 2.029982587252603423e+02 1.306860652244479013e+02 2.300303308904800588e+02 1.454635148926595321e+02 1.494266565544478453e+02 1.405290079566439658e+02 1.015267654658034218e+02 7.897155577135798410e+01 6.753893043354864290e+01 5.242823624879060418e+01 3.678616079819118312e+01 2.737393359882412724e+01 1.798678877288453037e+01 1.125912829102147228e+01 6.907697778925446563e+00 4.414778512623707130e+00 3.314532634666614186e+00 1.848462400681633699e+00 1.461202770719538080e+00 1.149154089856526895e+00 7.439846657663514717e-01 5.201037795963434629e-01 3.599913564671003430e-01
7.306168802393032990e+01 2.118360851563456606e+02 1.183564347310860256e+02 2.340559890258500104e+02 1.420151238762194055e+02 1.509418474458942967e+02 1.409159556731402461e+02 9.871506496119393148e+01 7.889222005445733998e+01 6.813524028873671057e+01 5.261915647278583208e+01 3.674943684179193326e+01 2.752860762222080737e+01 1.774982297538090137e+01 1.107159919169474094e+01 6.643711855792370002e+00 4.299528629726307116e+00 3.367712918123293875e+00 1.870418288000276874e+00 1.477335500968844917e+00 1.138069782887723314e+00 7.741702703807946673e-01 5.375775227086775354e-01 3.850178234036761848e-01
7.471704977111286894e+01 2.188267790889748596e+02 1.268197667033783489e+02 2.495897553810339673e+02 1.475202556557281639e+02 1.446343082859841900e+02 1.382925335178054240e+02 1.012478963102588381e+02 7.863207992991196704e+01 6.703174601188541715e+01 5.211056523500132442e+01 3.715187562442039138e+01 2.720317733151897599e+01 1.776378101607496518e+01 1.103209253176221871e+01 6.675370318463285102e+00 4.459818189130081656e+00 3.340678201130287572e+00 1.874015126792724306e+00 1.505773050273068403e+00 1.117487565488561430e+00 8.099246468319601933e-01 5.208261704012043802e-01 3.658732670045856672e-01
7.586006136255072363e+01 2.176229363085297450e+02 1.211648652080479138e+02 2.359966152232460388e+02 1.383900412529172854e+02 1.531822556471279597e+02 1.385367688834187732e+02 9.972886839998902531e+01 7.857455287591884030e+01 6.656962195864876719e+01 5.198107893077235531e+01 3.658693969762348530e+01 2.760079476855460712e+01 1.782494498371120883e+01 1.128599824598584611e+01 6.740565030838809868e+00 4.342919917111953687e+00 3.389057750565145355e+00 1.858759311783546808e+00 1.486324872091389082e+00 1.087127365233391041e+00 7.961505245738358383e-01 5.403347192689924583e-01 3.914971411704284421e-01
8.285312284274260719e+01 2.241874151906777399e+02 1.189006185505515276e+02 2.317012011566293666e+02 1.400100563163629772e+02 1.482430582509811074e+02 1.402576800869501881e+02 9.896106306956437493e+01 7.965957569062983623e+01 6.723168484130889055e+01 5.319449556608935836e+01 3.719158449999356009e+01 2.711016690760422065e+01 1.792686931627064340e+01 1.101327361762612078e+01 6.739506159950998665e+00 4.316940942073975940e+00 3.352494932024869367e+00 1.907790697213493925e+00 1.443409703955319312e+00 1.165113556584042698e+00 7.878570820195808233e-01 5.195080734866694971e-01 3.873775953949021855e-01
8.171700306197054431e+01 2.071262746311367948e+02 1.245508528894180955e+02 2.243604722337284443e+02 1.431282493499139719e+02 1.522224685570216138e+02 1.406233923431065591e+02 9.709373100381097288e+01 7.880701711267536780e+01 6.794466598504074284e+01 5.232198524494073411e+01 3.706359128258821301e+01 2.710414000911096366e+01 1.790942839774422879e+01 1.120185145613876720e+01 6.834255032863175039e+00 4.469419948179573332e+00 3.342432181732090779e+00 1.899407373649432573e+00 1.434246500242532640e+00 1.124412810025269271e+00 7.877941343361198889e-01 5.301633356572477140e-01 3.907098118521165064e-01
7.871937798963176647e+01 2.155419271086894071e+02 1.169323631888767920e+02 2.298198193666486304e+02 1.435277571634888432e+02 1.527248591760610736e+02 1.376673059012644273e+02 9.812347168378535400e+01 7.873605176262906014e+01 6.675383011611467055e+01 5.206915339389979636e+01 3.660464169098556653e+01 2.747139841464794685e+01 1.768008351606201245e+01 1.099098505171539486e+01 6.709561887999226037e+00 4.353645038834885739e+00 3.347620929504706133e+00 1.807579369788750334e+00 1.423152102094736859e+00 1.118896226995450327e+00 7.854796424438446056e-01 5.035313971176821335e-01 3.842650180747456123e-01
8.591774704160523868e+01 2.052245507379618346e+02 1.248916781827020372e+02 2.251052375897234867e+02 1.428709745899523966e+02 1.461558675654863748e+02 1.394353468039144559e+02 1.000097719795984119e+02 8.054049905614282068e+01 6.703651129131401376e+01 5.259352774759948090e+01 3.661453893001282722e+01 2.757076194692367110e+01 1.783082969011385188e+01 1.112068970132401624e+01 6.662828949649252763e+00 4.450225889100600796e+00 3.451829662147107403e+00 1.845095980183506734e+00 1.455801790621227054e+00 1.120104415030036993e+00 7.757204458366380173e-01 4.951657539833965727e-01 3.650792989633005470e-01
6.838184090792337599e+01 2.196699402821583931e+02 1.243932857198023498e+02 2.308203284972751987e+02 1.384575750972194612e+02 1.493498775087070953e+02 1.382897898685562268e+02 1.004879233635903262e+02 7.881543788646396820e+01 6.753597061061421414e+01 5.289710489069379662e+01 3.668897288726954997e+01 2.747079735328991390e+01 1.755932492523358590e+01 1.123778565486625780e+01 6.840269574156676136e+00 4.401455081834416916e+00 3.285704905257100350e+00 1.833800482546558808e+00 1.430813298075480411e+00 1.097519107287478590e+00 8.148454227457585519e-01 5.457269518419212151e-01 4.045357715292587364e-01
7.656690826888872436e+01 2.006926973140019754e+02 1.268407543274496589e+02 2.358322231807592004e+02 1.462467895558451403e+02 1.478482612933454448e+02 1.385273643626769342e+02 9.860388934817127904e+01 7.784002579946296407e+01 6.773890781144470452e+01 5.269698711619236065e+01 3.752463000116908631e+01 2.760792515174962958e+01 1.790673637844757238e+01 1.120665577552823500e+01 6.839699942202579486e+00 4.416009909565759450e+00 3.280120102781349800e+00 1.826855649889727706e+00 1.456336638152165408e+00 1.135202607449716794e+00 7.650120803732135544e-01 5.043226896889451139e-01 3.711073859907810246e-01
6.048634393718387514e+01 2.107321809117571547e+02 1.216719997176330565e+02 2.333390730591921169e+02 1.406190651048567304e+02 1.522880307444086441e+02 1.347892223948551305e+02 9.865891277315363084e+01 7.950249161426148703e+01 6.765614360494937785e+01 5.185687239314918884e+01 3.638363094646218343e+01 2.766945580472642874e+01 1.779430713023455013e+01 1.104902006487560762e+01 6.834583232999661639e+00 4.415867750276646575e+00 3.427966842902137490e+00 1.882884879258103883e+00 1.478924182193086523e+00 1.161294710358302007e+00 7.948762352157879851e-01 5.226486015293326792e-01 3.924301238800989022e-01
7.581396564365070390e+01 2.141489100164794479e+02 1.189151822742508529e+02 2.412571201272974406e+02 1.474348596911912921e+02 1.508826870984936761e+02 1.378497339029029831e+02 1.000372544279918685e+02 7.805724027263271125e+01 6.725803696099842455e+01 5.243275969092034217e+01 3.687195598114707451e+01 2.759859866936754358e+01 1.784268625547317200e+01 1.099809770537886955e+01 6.698290479783153728e+00 4.428535933993696716e+00 3.363453885203065763e+00 1.909073946972456248e+00 1.445721281001252745e+00 1.108393785940515519e+00 7.753338697112978073e-01 5.103382210423997867e-01 3.657074863614752092e-01
6.397780969401281936e+01 2.090099102997319847e+02 1.137529794589090812e+02 2.331714336228672835e+02 1.403437715667656960e+02 1.494755668415052128e+02 1.394714967135790005e+02 9.727913240107051251e+01 7.860001044900751310e+01 6.724534733959197297e+01 5.264493191374678105e+01 3.718248850194638777e+01 2.757337211165911839e+01 1.809000951811215074e+01 1.114515000348834306e+01 6.879528992854827329e+00 4.377159535512800126e+00 3.346684907374275486e+00 1.878061920109632243e+00 1.464304267137003235e+00 1.110633224083588777e+00 7.803651190438544161e-01 5.344154019226174945e-01 3.985629581340969785e-01
9.115187845347787743e+01 2.227664011489609663e+02 1.236970805798607529e+02 2.296651437423661548e+02 1.423390087033613725e+02 1.476367365087376413e+02 1.388041287449638332e+02 9.525334806443366631e+01 7.886929850101515171e+01 6.789434720405550650e+01 5.275362190064906542e+01 3.709872450246729159e+01 2.737785223207309215e+01 1.777120231957716356e+01 1.120518481629143359e+01 6.731544743904009920e+00 4.461144177916688491e+00 3.306853002936575248e+00 1.926696162797945089e+00 1.477513595327282880e+00 1.141535245861676762e+00 7.729027735562699064e-01 5.054352104517549904e-01 3.599163868060147320e-01
8.158648688041053276e+01 2.310596933396120960e+02 1.304409813864518810e+02 2.290926113273986005e+02 1.421160207614806552e+02 1.534525666422031804e+02 1.380849589435985934e+02 1.003060290677732382e+02 8.024967831106204130e+01 6.784735947445771842e+01 5.268233159243951036e+01 3.681553556180036679e+01 2.729567493923966026e+01 1.784458757887944103e+01 1.115879758052565052e+01 6.680717581904477953e+00 4.385042114232113875e+00 3.325844969183688882e+00 1.930039465943371724e+00 1.524425514170959062e+00 1.119945490029093271e+00 7.655077037716181421e-01 5.018792432045894314e-01 3.965679046979973532e-01
8.879439223811905890e+01 2.172209871639134349e+02 1.253180759027374904e+02 2.278969433705786116e+02 1.425992613108203670e+02 1.541470761547502946e+02 1.414134338818800245e+02 9.802747154238275584e+01 7.979283260590180760e+01 6.808788955265843867e+01 5.185639981814142629e+01 3.712845077873151212e+01 2.714632489918847469e+01 1.770094172300119340e+01 1.106994073838983006e+01 6.571888942650706333e+00 4.340611865089901045e+00 3.329922160205204484e+00 1.860341148195295835e+00 1.440343309589238618e+00 1.124141321785909309e+00 7.486560270856500443e-01 5.023414331384762344e-01 3.492220232825708481e-01
6.209174209979281756e+01 2.090247606339378592e+02 1.286606885587833062e+02 2.375342119446411289e+02 1.440987288428318891e+02 1.541859577512643682e+02 1.402211865968161248e+02 9.943772790005372997e+01 8.035502893282863113e+01 6.755116394116946310e+01 5.288396222976694361e+01 3.733306408903815310e+01 2.728859648665065762e+01 1.802958952025159789e+01 1.102430582374437051e+01 6.681817427649818342e+00 4.346822303598163018e+00 3.301736350787233043e+00 1.906328233203498090e+00 1.447527737650800672e+00 1.127009959408885598e+00 7.802207631263385901e-01 5.216013144046811600e-01 3.722806182948157905e-01
6.669882991244718085e+01 2.017352067629823296e+02 1.194809189325919903e+02 2.468291591317184270e+02 1.454729110217716936e+02 1.538473577574720537e+02 1.394523061408206956e+02 9.818425280202880856e+01 7.827998599685321324e+01 6.707823597009982564e+01 5.306866858719988045e+01 3.695588370462391481e+01 2.736853150286859560e+01 1.788263677909287708e+01 1.091970743651145170e+01 6.705999630548416413e+00 4.407063934381253212e+00 3.375563446638722098e+00 1.946963669885213744e+00 1.455735375699919398e+00 1.121685913350085162e+00 7.983860464836873838e-01 5.030554989286126766e-01 3.997525584078657768e-01
7.701050047658307562e+01 1.994933798493526638e+02 1.177368901565015165e+02 2.404878777386354045e+02 1.411778427455430176e+02 1.525012363391656152e+02 1.400900997128555048e+02 9.791477137866488079e+01 7.842802031124951156e+01 6.705339041384718257e+01 5.287485249103870899e+01 3.792523738881949669e+01 2.751878497326002915e+01 1.790927145551836119e+01 1.114139127888287639e+01 6.741527014383968286e+00 4.305803613804149776e+00 3.363009204002715968e+00 1.877734192471417485e+00 1.456195239306364408e+00 1.134839750829773841e+00 7.911618895596082002e-01 5.173345852564367187e-01 3.854534969196745653e-01
9.068371005359517767e+01 2.124142747729392511e+02 1.379554272611981673e+02 2.372456714765302195e+02 1.399044772026734904e+02 1.520771924592228288e+02 1.392153696072198841e+02 9.740722256579807947e+01 8.007570545479991608e+01 6.751105663334544715e+01 5.330749277731356273e+01 3.675599179828067520e+01 2.732325732657667317e+01 1.781986326973068913e+01 1.112296499208030909e+01 6.717605547735648663e+00 4.422365716008380687e+00 3.418766305539761241e+00 1.897347982723078585e+00 1.465688580686983711e+00 1.131177488895040995e+00 7.580406819538580976e-01 5.179730337000143514e-01 3.880224274759210279e-01
7.645254909872217297e+01 2.136401136608387503e+02 1.180607830182478182e+02 2.349822613932654747e+02 1.440156142833086221e+02 1.530065541936548072e+02 1.397268463078211198e+02 9.970797174180302136e+01 7.867979053387718125e+01 6.701331175172438748e+01 5.309442870234369138e+01 3.716412083906772068e+01 2.771111845150398523e+01 1.775016464289087637e+01 1.126186337141649574e+01 6.561424876448918475e+00 4.381621407244355559e+00 3.362117523965900912e+00 1.883057887881215420e+00 1.460889936821571311e+00 1.151601813665162011e+00 7.846315903424408988e-01 5.092552245729958793e-01 3.733280751609206471e-01
6.681016818382080658e+01 2.083774098604541791e+02 1.150214915024498907e+02 2.354485704471158556e+02 1.447695146152219081e+02 1.497246972756795458e+02 1.407038928761448915e+02 9.909122929082354858e+01 7.900433361801840704e+01 6.837607105406924290e+01 5.185327058125039201e+01 3.682310010472909312e+01 2.737987835986011476e+01 1.759768252920844134e+01 1.120404773246099417e+01 6.733169729353051025e+00 4.410995678035617651e+00 3.244794083912087679e+00 1.902855579821739473e+00 1.431863643827284260e+00 1.141555219593091586e+00 7.952041739965252098e-01 5.200297861827214430e-01 3.800611644914244081e-01
7.084461134429692208e+01 2.106627776296161301e+02 1.239980998146781985e+02 2.351615150937743408e+02 1.441366272698645616e+02 1.466916951582827267e+02 1.404596784217500556e+02 9.849677326284067647e+01 7.801680568279753913e+01 6.670131764147393483e+01 5.295539129684497226e+01 3.718680280639420488e+01 2.742461765276949137e+01 1.793920771358603616e+01 1.104493909252460426e+01 6.807992750991485487e+00 4.419805088279732175e+00 3.315490702849448024e+00 1.901345984410288459e+00 1.468238386092783232e+00 1.139523711754748536e+00 7.774921497386377833e-01 5.067284561851479463e-01 3.863515003690089489e-01
7.188806550847684207e+01 2.106301794388596420e+02 1.091799625697398000e+02 2.265794735350782787e+02 1.425273718011823973e+02 1.467677279142432951e+02 1.388799019020594585e+02 1.018612218275451227e+02 7.718886740473213592e+01 6.641899070349187184e+01 5.238477802637383007e+01 3.684674605240742551e+01 2.709975792033527497e+01 1.787021817431021731e+01 1.125944434943754047e+01 6.590537873414678671e+00 4.295311090787068409e+00 3.429030118478007871e+00 1.856701087595465482e+00 1.467091009113045796e+00 1.102178728105345451e+00 7.433975038858762208e-01 5.152688308654269633e-01 3.616786683113351608e-01
8.406201968357748910e+01 2.136863589962655396e+02 1.250363016661067519e+02 2.331626031456809187e+02 1.416506676210356659e+02 1.462313685320906416e+02 1.396952654492455110e+02 1.007067616653251463e+02 7.961645709779944013e+01 6.818163341834038249e+01 5.228877172608179791e+01 3.704006131882718478e+01 2.730883235011463483e+01 1.769839418019989097e+01 1.107179968984171659e+01 6.725991574884116808e+00 4.388071297146408867e+00 3.339553348241491637e+00 1.843818458597760390e+00 1.485697176979912770e+00 1.110445649791566902e+00 7.953451212961585304e-01 5.114829457957156267e-01 3.765912827032928956e-01
8.599129974642016805e+01 2.069559247197822458e+02 1.227263426284239927e+02 2.268004352058481743e+02 1.436391808193765485e+02 1.522889389141240031e+02 1.388709180716730600e+02 9.808901523238299092e+01 7.888361428176384038e+01 6.786248976239271258e+01 5.221605814242244747e+01 3.698199618157729418e+01 2.743566400083144075e+01 1.787415075570240219e+01 1.136872409813815921e+01 6.683778756374640473e+00 4.415534323183582188e+00 3.314497533063984758e+00 1.875927640227899484e+00 1.463132252158258817e+00 1.126429296737303520e+00 7.804557459740347758e-01 5.339324003017136278e-01 3.768168381479801154e-01
8.836255282812950895e+01 2.120428199113633241e+02 1.274616806338086121e+02 2.316125732592261954e+02 1.420575554545698935e+02 1.540390421841788680e+02 1.390678905237174661e+02 9.811378433514805408e+01 7.925374414627833630e+01 6.782165570734930782e+01 5.293213669546325661e+01 3.693153513680857714e+01 2.726668166150718520e+01 1.775702482654815384e+01 1.106190892543717297e+01 6.749987066229141242e+00 4.451410849788706159e+00 3.355077190469007764e+00 1.879037093917506063e+00 1.434879049836124576e+00 1.140430067840850770e+00 7.877923421670631754e-01 5.352985905290793545e-01 4.046146942820861292e-01
7.715612131548338937e+01 2.210219366246803077e+02 1.329351728438482212e+02 2.338195151936589866e+02 1.423025791530074855e+02 1.470866900067442771e+02 1.406404241002764479e+02 9.944194186442264538e+01 7.949077422187127695e+01 6.780441831665913810e+01 5.261204250250870018e+01 3.688798173010836479e+01 2.749589558447069848e+01 1.778482980701406291e+01 1.088248299636003402e+01 6.724877042773938385e+00 4.485182633045488032e+00 3.411390769930084055e+00 1.821361071433123646e+00 1.431725523287809665e+00 1.142263228178922452e+00 7.784872850857430526e-01 5.041559513290051475e-01 3.806387188932894294e-01
7.504120198655226659e+01 2.109326567156798546e+02 1.226156218135716927e+02 2.340437600418447630e+02 1.399721875750645381e+02 1.519854133032212928e+02 1.388951035611315206e+02 9.701937481247678363e+01 7.950261383252262704e+01 6.821364501245479062e+01 5.275675033588743190e+01 3.691793350827219200e+01 2.739292462384610616e+01 1.789672364604626154e+01 1.098667104105269665e+01 6.763469125419756978e+00 4.412479518358733976e+00 3.283954457406907501e+00 1.886879990763948634e+00 1.476651758174330586e+00 1.130416696578977698e+00 7.605307897267500339e-01 5.136501637934256514e-01 3.792421138516953172e-01
8.138027083488955782e+01 2.138083951462511436e+02 1.225883908080350011e+02 2.360609725351494035e+02 1.410648138983864612e+02 1.485902792127577925e+02 1.394290107819307138e+02 9.846870532357847594e+01 7.780325557786898116e+01 6.746397761885550892e+01 5.186937985068247059e+01 3.667866518471922177e+01 2.765156224126461382e+01 1.768004419176070385e+01 1.114684557008700416e+01 6.688910150782118258e+00 4.391111855668627939e+00 3.339920322537956121e+00 1.877842172841187818e+00 1.426081040859410454e+00 1.147404068472740457e+00 7.658948434418597628e-01 5.150903347785578124e-01 3.627382070483266552e-01
7.857330622125952857e+01 2.050451918587244506e+02 1.314610432821214943e+02 2.373154755442772910e+02 1.455162015979040859e+02 1.482492648042437509e+02 1.419795659712945337e+02 9.723731645301691628e+01 7.893515476602955516e+01 6.695141653651417357e+01 5.206496427035254015e+01 3.700016261372892501e+01 2.743898634673190173e+01 1.781563003606240159e+01 1.098020885721465056e+01 6.815431610240981541e+00 4.273991492857676988e+00 3.306016183573893485e+00 1.854116505142865634e+00 1.461304614653842426e+00 1.138001376663492659e+00 7.738442252991186709e-01 5.111972456835387479e-01 3.766550309293160703e-01
7.527474540633842537e+01 2.031429045527917481e+02 1.150934924387896814e+02 2.360901698715054806e+02 1.434720440276560680e+02 1.517469367221477796e+02 1.386031277428259898e+02 9.801399085572526815e+01 7.804344660927654331e+01 6.768570549900238120e+01 5.225528884577513367e+01 3.691362734695999848e+01 2.768975983665781726e+01 1.770378525671942427e+01 1.117435054978373365e+01 6.713891529415457526e+00 4.472758354505663725e+00 3.427334180872561031e+00 1.940602192206904109e+00 1.462123577708351663e+00 1.128965406469785160e+00 7.862347862616062555e-01 5.299043968774987956e-01 3.904945559946650935e-01
7.696117122309489389e+01 2.060981247378844046e+02 1.226708462187009303e+02 2.353309763187731107e+02 1.425119065832943477e+02 1.474255149976011126e+02 1.391215153608000321e+02 9.849868024462134031e+01 7.810921538323259483e+01 6.787555687315752095e+01 5.282946212542154285e+01 3.703119701451222312e+01 2.740513717950027228e+01 1.790157199686994005e+01 1.114472526306825628e+01 6.790622263473727216e+00 4.448519107650583670e+00 3.403484376231427522e+00 1.865843996371171043e+00 1.443317952099123280e+00 1.121248949173060394e+00 7.928165575368292251e-01 5.254652678431910307e-01 3.751215524400459689e-01
7.288487027620233505e+01 2.090625505993771469e+02 1.226050792159159215e+02 2.336368073248876840e+02 1.409806186649395841e+02 1.536804515410160832e+02 1.387897898991319039e+02 9.823384884760540103e+01 7.829086545715253465e+01 6.747490436771660427e+01 5.213964253601002952e+01 3.698233483417918421e+01 2.725928596315797492e+01 1.776341269707883797e+01 1.109927406128297100e+01 6.720727852112299949e+00 4.433908776215101710e+00 3.358414442856093807e+00 1.917788052009833155e+00 1.500235260867930576e+00 1.149396797735293019e+00 7.886274551619160134e-01 5.315356363050154354e-01 3.931283158520735843e-01
7.800149636763859462e+01 2.074017857461570031e+02 1.125030838865872056e+02 2.387620142446425575e+02 1.434766325749861551e+02 1.510123669794668331e+02 1.409653380090019539e+02 1.008443412553971825e+02 8.026803735453034960e+01 6.795534781398012569e+01 5.207263923456783061e+01 3.676653905564263880e+01 2.720585552864800505e+01 1.795445817735966898e+01 1.107666896662801292e+01 6.750609049848483423e+00 4.370911978887173532e+00 3.309172357376851892e+00 1.899392761597846535e+00 1.451821002360837554e+00 1.115070592611656197e+00 7.473136323028208849e-01 5.062752750191441553e-01 3.539194895703119403e-01
7.433368071805206512e+01 2.206996769062119768e+02 1.197960158408304068e+02 2.246732044825516539e+02 1.392819640636708698e+02 1.495568152755181757e+02 1.405209115897618801e+02 1.001602226211368958e+02 7.949218678190322862e+01 6.666620160407951801e+01 5.150048023904029293e+01 3.727448682093805132e+01 2.743753943609283397e+01 1.803222478492125447e+01 1.092574402765541741e+01 6.778037745727005792e+00 4.416833075187884816e+00 3.323934624038040742e+00 1.868737069103053150e+00 1.473206871801433948e+00 1.089715684988870947e+00 7.602216000990058564e-01 5.261199850091275998e-01 3.978523163894338022e-01
6.766516544352136009e+01 2.143288334886611892e+02 1.263793339557858104e+02 2.311930129874724003e+02 1.438102433344010933e+02 1.483849163188588136e+02 1.377760886608643887e+02 9.985527357424685135e+01 7.915343576523775937e+01 6.800837147531819937e+01 5.238286693535216187e+01 3.717413338186913307e+01 2.741113094334274791e+01 1.771040191882076087e+01 1.104191766291757659e+01 6.696687486848699855e+00 4.431023743578196949e+00 3.341397931870581761e+00 1.908429990103501783e+00 1.506308097687039549e+00 1.093719740511971628e+00 7.514786001299591511e-01 4.968796297210766877e-01 3.643545914463431901e-01
6.693789342133027276e+01 2.178950391296748705e+02 1.276502966862334745e+02 2.314498291559661709e+02 1.484279314527903750e+02 1.491965995190826106e+02 1.399376574997350247e+02 9.912686419786349745e+01 7.961195468339300874e+01 6.897864648527324505e+01 5.259080450635769921e+01 3.652390761623389892e+01 2.717371148767696809e+01 1.778524520609065362e+01 1.120079806082758545e+01 6.789985431898805324e+00 4.323228397384677457e+00 3.269669275512862239e+00 1.880331238042295627e+00 1.399638324061088568e+00 1.098764605493226965e+00 7.677950606077820206e-01 5.102189313070052412e-01 3.783259671783339440e-01
7.974448685770235556e+01 2.067234278370224274e+02 1.312616653090139778e+02 2.380710608004173992e+02 1.451742768876642913e+02 1.509759694707838662e+02 1.395737005406745652e+02 9.989112996769452479e+01 7.840353166162219622e+01 6.825334760879611906e+01 5.316041881372848366e+01 3.714796549393943792e+01 2.762602434349572533e+01 1.800174317236552568e+01 1.117912955098765160e+01 6.707467319974562692e+00 4.405686450419203481e+00 3.341772812444337770e+00 1.881772693782067130e+00 1.474222007632467690e+00 1.116163201683425310e+00 7.617930518750094526e-01 5.173505012872666731e-01 3.894591188326254616e-01
7.144262188994673579e+01 2.081800406578983598e+02 1.300306525899930818e+02 2.371168510536755036e+02 1.437810635660636365e+02 1.484497771596013251e+02 1.418080728006679294e+02 1.005909470400951164e+02 7.929010667002961554e+01 6.762984824273512174e+01 5.265615410574203281e+01 3.724209918297343336e+01 2.730135419235139338e+01 1.784697961731555083e+01 1.109489002791214851e+01 6.656258995019330271e+00 4.447333632039888407e+00 3.340517771481974929e+00 1.878147360771808216e+00 1.471861898122781565e+00 1.128932119618369478e+00 7.793445064026226499e-01 5.208694426865415616e-01 3.721319060364347564e-01
7.481509025971803339e+01 2.140507761780585270e+02 1.243190478561795658e+02 2.409188737729753882e+02 1.448642398492813186e+02 1.475639605310030049e+02 1.391744381958961867e+02 9.788682908910480762e+01 7.928201821569753349e+01 6.845899449313344576e+01 5.237057238799827985e+01 3.667161032432728263e+01 2.727124139248234869e+01 1.787015511050583783e+01 1.116141323172023903e+01 6.765034366976275138e+00 4.371991578990287231e+00 3.373490124201187434e+00 1.854567814018594607e+00 1.468477252378930897e+00 1.137942856885952425e+00 7.755294037893503134e-01 5.066922822510967483e-01 3.648994201830340067e-01
7.595610204660890474e+01 2.106842888603835604e+02 1.145605147475295240e+02 2.322876087423004208e+02 1.414278715303694298e+02 1.485861571166145154e+02 1.400571828951767088e+02 9.792491359055389921e+01 7.936510319978808070e+01 6.711847053676076769e+01 5.258447252920458226e+01 3.689666758809374159e+01 2.741528185684886409e+01 1.785815911897480390e+01 1.114441098817441222e+01 6.773037628838575408e+00 4.380058838449417458e+00 3.361312731483080185e+00 1.848754397588823206e+00 1.478296079852552847e+00 1.115020650431102878e+00 7.726579846969613419e-01 5.153738751854791689e-01 4.024113379608931229e-01
8.907084869841280295e+01 1.988307932353096419e+02 1.106555680575010712e+02 2.337506412622116443e+02 1.381417503553301742e+02 1.505691742975550937e+02 1.379330189502765904e+02 9.941941487390907639e+01 7.721078751399718954e+01 6.733012349620442194e+01 5.268929931257609667e+01 3.691064464463476469e+01 2.743024886743233282e+01 1.769073523724633645e+01 1.118603930808364844e+01 6.516173523233715237e+00 4.303691735295593013e+00 3.289867326813146864e+00 1.782472517128618872e+00 1.369284525215213044e+00 1.079556610298931352e+00 7.470441273604192522e-01 5.026666435187616688e-01 3.529977300900688508e-01
7.771929624350261179e+01 2.038955182868110683e+02 1.332668966347745254e+02 2.289427778425417443e+02 1.461400173726649143e+02 1.443060100355135376e+02 1.380152150496043930e+02 1.013799002639588451e+02 8.023197195860765873e+01 6.835673415992712876e+01 5.152400376709733365e+01 3.698065029656350333e+01 2.713597897727856179e+01 1.793951373460398102e+01 1.117497541869252764e+01 6.673109189620729964e+00 4.480706209168562992e+00 3.285439475047478464e+00 1.838499367612403290e+00 1.451909388509350363e+00 1.098152400678041873e+00 7.732500249078843035e-01 5.380728638833528477e-01 3.766556363994205126e-01
7.720412994671346496e+01 2.102216682236525571e+02 1.291753575327728640e+02 2.413264372831586115e+02 1.415746748989838011e+02 1.492385937803667275e+02 1.400196795758870394e+02 9.823451438469332686e+01 7.896145191206510106e+01 6.734122441818290383e+01 5.274243732625397030e+01 3.758785340965144428e+01 2.740936635718358971e+01 1.775197825816137254e+01 1.115149421275862451e+01 6.718624763699389213e+00 4.457742253636236995e+00 3.367871628159419206e+00 1.864217436490476221e+00 1.465129495300346862e+00 1.144348442247141495e+00 7.853014227749040010e-01 5.304041053335025735e-01 3.954149355486709094e-01
8.708293744187247398e+01 2.025948593914443734e+02 1.192498623697623259e+02 2.376878441865149796e+02 1.390261765666847680e+02 1.500381199006569375e+02 1.379391736970842715e+02 9.966130084714353643e+01 7.915707551074467574e+01 6.776298402692528100e+01 5.240377081008729476e+01 3.682750898442067466e+01 2.725686766972089359e+01 1.785079915417814433e+01 1.104694131944014579e+01 6.669414467503083976e+00 4.437997076864544255e+00 3.321695779728292219e+00 1.890264259950199088e+00 1.471262078947071394e+00 1.128877319961378189e+00 7.829739876808707866e-01 5.277105659580632047e-01 3.652741711856938300e-01
5.677184414414769265e+01 2.048438929910927015e+02 1.262650034677081834e+02 2.304338605402158748e+02 1.382573208590825686e+02 1.524943161420946751e+02 1.399157367641400640e+02 9.937726982230897477e+01 7.921857488749806464e+01 6.779848310972570857e+01 5.224639413592038295e+01 3.674404362017635606e+01 2.658126178915032867e+01 1.828572877930784202e+01 1.108446756353490059e+01 6.797440871278586982e+00 4.466263339982944558e+00 3.351910107847551945e+00 1.857057856671307405e+00 1.460751465985515196e+00 1.124281236768146064e+00 7.847275148163241898e-01 5.499028529503611207e-01 3.918622455643432922e-01
8.550128096832925451e+01 2.094942846191410126e+02 1.165384116907078891e+02 2.371833752260715471e+02 1.414322795705760143e+02 1.455039629863507002e+02 1.380580864704449482e+02 9.899573588956111792e+01 7.699305199286727941e+01 6.766358739972730518e+01 5.305306200332645261e+01 3.696989689891430686e+01 2.730514869617557849e+01 1.793159435529666723e+01 1.103717534499349107e+01 6.722893379810175318e+00 4.341227820547488570e+00 3.359972186128427296e+00 1.874441682902173056e+00 1.453626441114180379e+00 1.111682602024475441e+00 7.513446038759160617e-01 5.132094793014394529e-01 3.814100953090389101e-01
6.275202815454343153e+01 2.107163025638100748e+02 1.229993615399792191e+02 2.377907958465046363e+02 1.417941685403815768e+02 1.517909012263156399e+02 1.397730519105887197e+02 9.940578790598966918e+01 7.928222510070101237e+01 6.725239056100497237e+01 5.266735386916975870e+01 3.654396429482218878e+01 2.746256016626891849e+01 1.766508039916487505e+01 1.133064799158334424e+01 6.693982882758798603e+00 4.500285917505420841e+00 3.302620552224122541e+00 1.867321531127321244e+00 1.490479030890206946e+00 1.113395680655015374e+00 7.769508277627951154e-01 5.146748850691055255e-01 3.882004889410033965e-01
6.019362252790051571e+01 2.086495737865348303e+02 1.236191969720031807e+02 2.398633435929220923e+02 1.461511521877380346e+02 1.507602852276164356e+02 1.379017610481293161e+02 9.852357396405797374e+01 7.883660297201591050e+01 6.747306864408369620e+01 5.255403629492774087e+01 3.708261103326045571e+01 2.744362970591689788e+01 1.771974613789287645e+01 1.106521011376045927e+01 6.761041083625757508e+00 4.363528071647965412e+00 3.352825965486317727e+00 1.859691952600238007e+00 1.461342001288402637e+00 1.133086772988016744e+00 7.759245119976240224e-01 5.322528096396739183e-01 3.959434189258763670e-01
8.657182803913853775e+01 2.188399189283776423e+02 1.218787071837187455e+02 2.362509414209310421e+02 1.439798719641078151e+02 1.483128068581779360e+02 1.410154880396649730e+02 9.885776761939850132e+01 7.894845859274735744e+01 6.656230210176968853e+01 5.226398316233423458e+01 3.679220629015282640e+01 2.722463321040237716e+01 1.787681308308778583e+01 1.112411585974991368e+01 6.680431543360172419e+00 4.376252403841128569e+00 3.358526830499326987e+00 1.873351563224379346e+00 1.456863415020294594e+00 1.130276692741110978e+00 7.895226727643195330e-01 5.217077411763311190e-01 3.742126776605482208e-01
7.593534663937495566e+01 2.086165389910568990e+02 1.224309027478073943e+02 2.330120667784542832e+02 1.424289444137585292e+02 1.478420627186776528e+02 1.388096859275559041e+02 9.879189475472944082e+01 7.854061781662296937e+01 6.755380675247143074e+01 5.200469791226296223e+01 3.691894869258207734e+01 2.729854897909930855e+01 1.773835121620631128e+01 1.107404885020761220e+01 6.716529094758952212e+00 4.396127405620497086e+00 3.347197944674775272e+00 1.865417507691906840e+00 1.458331134780216809e+00 1.127385930341325171e+00 7.722223681857571798e-01 5.190953353234948331e-01 3.726200755679982546e-01
8.048792802735857776e+01 2.048072783339628984e+02 1.224438039774071569e+02 2.345881565792469132e+02 1.455772498303876716e+02 1.488085960687001830e+02 1.373697290396482060e+02 9.848028418370758175e+01 7.975416768168997805e+01 6.825357907271289548e+01 5.252494525296835093e+01 3.698334069279005831e+01 2.759279336045590370e+01 1.773478345105644038e+01 1.113267857893153767e+01 6.789078561553864688e+00 4.469372423891508461e+00 3.390121850928134339e+00 1.910186844443907184e+00 1.445743247180657054e+00 1.144351592590247213e+00 7.821497031263274780e-01 5.231086399988315039e-01 3.887633916860583350e-01
7.939771331111030861e+01 2.050759939033640364e+02 1.230551150053464085e+02 2.376356596828563852e+02 1.438022318671258972e+02 1.498451392379883771e+02 1.400619349714013140e+02 9.617574216297816747e+01 7.715516787505028162e+01 6.814936160447855684e+01 5.206226462021374601e+01 3.679480540365869956e+01 2.738744302070331571e+01 1.794729871750078942e+01 1.127295399472284032e+01 6.718392617780676090e+00 4.411076720018139774e+00 3.319995786924128556e+00 1.881853289702302590e+00 1.481327620133234602e+00 1.140992081956345494e+00 7.869107266904370457e-01 5.264177743446466495e-01 3.671748154653913243e-01
8.368780058114811027e+01 2.074127733486757847e+02 1.170119338299601992e+02 2.409843212696332557e+02 1.434526319493770643e+02 1.484314710055802209e+02 1.385972857036489643e+02 9.875193607862776446e+01 7.834710912696409935e+01 6.693359995264334827e+01 5.266301065939202886e+01 3.738886123957431096e+01 2.729107338544227801e+01 1.784674989704696202e+01 1.106611390546983387e+01 6.682563161108772576e+00 4.450264361367030297e+00 3.353052347174712011e+00 1.846529150700756405e+00 1.457547064808511816e+00 1.122085583320621360e+00 7.980420306859451474e-01 5.103999333248742110e-01 3.693550397603713176e-01
7.932137453303570851e+01 2.074823491764703363e+02 1.235935714747551799e+02 2.319110090829893522e+02 1.404562070033607313e+02 1.491283472983275544e+02 1.407080953271039334e+02 9.852816852903909250e+01 7.974664750354844500e+01 6.730496084208718344e+01 5.295820102349881608e+01 3.689703576090676052e+01 2.733269034977470113e+01 1.782969574796245027e+01 1.120707939710411338e+01 6.741708766513575313e+00 4.428456218299076319e+00 3.368801416567616780e+00 1.905778625724183550e+00 1.468378047009531562e+00 1.121003616159027327e+00 7.791172752426458459e-01 5.263246566813875038e-01 3.963616231658412814e-01
8.092816379157605411e+01 2.095238067306985101e+02 1.297698180583751082e+02 2.350241786354079352e+02 1.438548599986607428e+02 1.510420841734927251e+02 1.402790448450668919e+02 9.897448117823201130e+01 7.893806160623387314e+01 6.791120894913069606e+01 5.239093607578951151e+01 3.697743319786952299e+01 2.730022715465282346e+01 1.777767479317825661e+01 1.109200751467493262e+01 6.746845909355525528e+00 4.441750841266888905e+00 3.323667294451207344e+00 1.885115943455307308e+00 1.472303935275834252e+00 1.111001023734845772e+00 7.757094919374218911e-01 5.189709542422912270e-01 3.805032646114951400e-01
7.702056087192994482e+01 2.058300783957946294e+02 1.226497395869671863e+02 2.288919874246054178e+02 1.417505743191561862e+02 1.487981514283687261e+02 1.392527986934277351e+02 9.875278775133462261e+01 7.879944200601435966e+01 6.815721517065139778e+01 5.250585752440877485e+01 3.698744729087611915e+01 2.748351443854838649e+01 1.784859590266217566e+01 1.102602496135509469e+01 6.661372779896985286e+00 4.471136145160601316e+00 3.422145056004289199e+00 1.884614890773125495e+00 1.444809114286412122e+00 1.117468357752156694e+00 7.623230182890528006e-01 5.284916098812244556e-01 3.960414175671213566e-01
8.697546460364145560e+01 1.923648845944551340e+02 1.298385062764966733e+02 2.310616309436039444e+02 1.428277818388401101e+02 1.492771375467663688e+02 1.422886630852829342e+02 9.876510260618785253e+01 7.834575440293987469e+01 6.795825491103292393e+01 5.283146696675074594e+01 3.727119762527775038e+01 2.742923944956169890e+01 1.789951114032407276e+01 1.106456272634269489e+01 6.578228188048319325e+00 4.483507881154857877e+00 3.274419381315639033e+00 1.887011875527069504e+00 1.474757429439195855e+00 1.123476200595061147e+00 7.652914837897850653e-01 4.961839121324672641e-01 3.527854779583591283e-01
8.221233865374330207e+01 2.080716717674517042e+02 1.215164772481296467e+02 2.303889732399976822e+02 1.430902786835461598e+02 1.484572764157401537e+02 1.378256366596268947e+02 1.005736461478136192e+02 7.847836403587270127e+01 6.811766453748040817e+01 5.270832858438423330e+01 3.745412862287184907e+01 2.728333968458809267e+01 1.793667170684355483e+01 1.120948827934010517e+01 6.793586009152896565e+00 4.509538142083801660e+00 3.392704560489592680e+00 1.885797403116185489e+00 1.493640404666989552e+00 1.109328027510958936e+00 7.604920018043943575e-01 4.970729436033254900e-01 3.615209339945094080e-01
8.044094764120829666e+01 2.080723205571208609e+02 1.149234732301090105e+02 2.309495809868071206e+02 1.419456164745727449e+02 1.504805224009770939e+02 1.399081581855921002e+02 9.814466477699598101e+01 8.053845096895585698e+01 6.786030147124553480e+01 5.216798177256193014e+01 3.683285089411452162e+01 2.738209491731199563e+01 1.769013550682704405e+01 1.119296249170176871e+01 6.710059082338333702e+00 4.389204494536931733e+00 3.355298143104258113e+00 1.847957400724796528e+00 1.462152549733261919e+00 1.114354152946656518e+00 7.677690286791168939e-01 5.050475484071431653e-01 3.776118847376409016e-01
8.146197036188304708e+01 2.036337999462331538e+02 1.231625534842455778e+02 2.342944216137586864e+02 1.440914749892465920e+02 1.519099585791534821e+02 1.376262493026588345e+02 9.949691126486160897e+01 7.863139466613499451e+01 6.708251882129441412e+01 5.242170412767586640e+01 3.699111803940456866e+01 2.739884043173213257e+01 1.778925337189846090e+01 1.113540244880391228e+01 6.708689782189318329e+00 4.459170817533920861e+00 3.305821048891241176e+00 1.865624826498926803e+00 1.466297955584648705e+00 1.121575432599439592e+00 7.636233735340687279e-01 5.121628573720149458e-01 3.799875479724006966e-01
8.716983138371357143e+01 2.063639869001082729e+02 1.289470503736799287e+02 2.329143428779205180e+02 1.421458233686553854e+02 1.463260305857697290e+02 1.426687493915302127e+02 9.854362937761450780e+01 7.797478456824192961e+01 6.853530622948541406e+01 5.216562081697051667e+01 3.728959766383584196e+01 2.711525411345165537e+01 1.771651605104338856e+01 1.110407807394474489e+01 6.653741543034643158e+00 4.388179690649300468e+00 3.375494689771765700e+00 1.865456990777469182e+00 1.452098733785114337e+00 1.124959610207102667e+00 7.935988470768270409e-01 5.275159999757214058e-01 3.914756824983411931e-01
5.753965032698986448e+01 1.997281323751779212e+02 1.397519907818275158e+02 2.294926743063957417e+02 1.387914953402049889e+02 1.503086729201970400e+02 1.390882106182262135e+02 1.013085812632947125e+02 8.058547926438936315e+01 6.648304549592405976e+01 5.148823226120876484e+01 3.677909942046181158e+01 2.738050862623719439e+01 1.796746464830701839e+01 1.100447489122395694e+01 6.566439187874780536e+00 4.330773086483634238e+00 3.405334158203972006e+00 1.879701931351399846e+00 1.424610137503484975e+00 1.142789183862898739e+00 7.785396220901805719e-01 4.900619613422362297e-01 3.794614654225501593e-01
7.186142768884909060e+01 2.144971441115410471e+02 1.272802484375758638e+02 2.337413674839931446e+02 1.454574437625864789e+02 1.498376023636750745e+02 1.415841962043470517e+02 9.868540669175436619e+01 7.867603511112095305e+01 6.810393365800024412e+01 5.266610747887557409e+01 3.703703640881811765e+01 2.733903718006199313e+01 1.803763042696646224e+01 1.116180636350647681e+01 6.714224604750070213e+00 4.377970972575364605e+00 3.406337777792243671e+00 1.847745908214488253e+00 1.465646208126736516e+00 1.129003714831376515e+00 7.612407781782223326e-01 5.102272722790944792e-01 3.744875108388429630e-01
7.186996480940982224e+01 2.033028969355106597e+02 1.302920712705222854e+02 2.302826514961433872e+02 1.426997906991825289e+02 1.497430309431537125e+02 1.383126753319290572e+02 9.923801161609615917e+01 7.881714580429589034e+01 6.659155801367015215e+01 5.241569915731064810e+01 3.692848686430480853e+01 2.744914474714333252e+01 1.772691321730701119e+01 1.106469373507679776e+01 6.740999285042422073e+00 4.354078078410049457e+00 3.376241590217822885e+00 1.890400657572088194e+00 1.447801735621839114e+00 1.128890508828085393e+00 7.819642265343734744e-01 5.020781872591240091e-01 3.712294466814693439e-01
7.835208198650728662e+01 1.979124892508335165e+02 1.245210913913101223e+02 2.348008154309391387e+02 1.428312406275999820e+02 1.514032816520132769e+02 1.398944828476650741e+02 9.902307773665286561e+01 7.836310855199393188e+01 6.765471164663209436e+01 5.217201911924602342e+01 3.694217258015103766e+01 2.723030188666396256e+01 1.785760988349909084e+01 1.113019043420779575e+01 6.708048928032522618e+00 4.373039239291486524e+00 3.342573364621020282e+00 1.862164479029737141e+00 1.459347420012139684e+00 1.124400450701736442e+00 7.699677910654143531e-01 5.216314557294002840e-01 3.816607066132456927e-01
