5.334406661987304688e+01 8.019902038574218750e+01
1.235890960693359375e+02 4.797136688232421875e+01
8.568198394775390625e+01 3.322227096557617188e+01
1.086866302490234375e+02 2.575891685485839844e+01
6.148274612426757812e+01 1.969810104370117188e+01
6.621051025390625000e+01 1.547921276092529297e+01
7.237536621093750000e+01 1.143406772613525391e+01
7.522019195556640625e+01 8.815734863281250000e+00
5.475349426269531250e+01 6.505614280700683594e+00
4.593495941162109375e+01 4.955519676208496094e+00
4.399369049072265625e+01 3.712484836578369141e+00
2.820734405517578125e+01 2.775581598281860352e+00
2.579114723205566406e+01 2.050855875015258789e+00
1.633125686645507812e+01 1.499878406524658203e+00
1.005886459350585938e+01 1.099863767623901367e+00
7.264286994934082031e+00 8.038031458854675293e-01
4.186030387878417969e+00 5.859428644180297852e-01
3.206485033035278320e+00 4.273176789283752441e-01
1.508076906204223633e+00 3.116410076618194580e-01
1.180886626243591309e+00 2.277232408523559570e-01
8.674141764640808105e-01 1.663520038127899170e-01
6.093760728836059570e-01 1.218351051211357117e-01
4.743908643722534180e-01 8.937394618988037109e-02
3.864419162273406982e-01 6.608392298221588135e-02
