1.345011532306671143e+00 1.816663564443588230e+00 2.019105434417724609e+00 2.076263678073883234e+00 1.896098594665527326e+00 1.735853567123412988e+00 1.621506201028823924e+00 1.466193314790725788e+00 1.393825442790985081e+00 1.296211606264114469e+00 1.213032449483871567e+00 1.135599082708358853e+00 1.095750509500503567e+00 1.076404132843017614e+00 1.064279502630233853e+00 1.054605622291564959e+00 1.052775176763534493e+00 1.051391173601150530e+00 1.048198868036270159e+00 1.043935805559158325e+00 1.040997759103775122e+00 1.035780985355377215e+00 1.031132358312606856e+00 1.027145043611526587e+00
1.314482759237289411e+00 1.811428380012512163e+00 2.029335453510284548e+00 2.079686371088028007e+00 1.897679896354675266e+00 1.742773351669311577e+00 1.626623575687408341e+00 1.468874342441558900e+00 1.397590594291687083e+00 1.298151531219482457e+00 1.215438520908355802e+00 1.138585360050201389e+00 1.098459353446960440e+00 1.079495260715484628e+00 1.066822959184646535e+00 1.056547443866729719e+00 1.054537440538406479e+00 1.053039393424987757e+00 1.050089937448501543e+00 1.045696223974228012e+00 1.042538422346115157e+00 1.037155678272247306e+00 1.032447479963302550e+00 1.028329756259918293e+00
1.313842679262161361e+00 1.830449414253234819e+00 2.032280727624893313e+00 2.066333433389663909e+00 1.896095157861709568e+00 1.735660130977630722e+00 1.620359545946121305e+00 1.466177872419357264e+00 1.394036394357681230e+00 1.297770226001739413e+00 1.213561680316925129e+00 1.137127428054809597e+00 1.096321316957473702e+00 1.077738307714462218e+00 1.065091247558593857e+00 1.055080174207687405e+00 1.053250340223312431e+00 1.051151090860366732e+00 1.048190056085586574e+00 1.043933221101760900e+00 1.041020709276199385e+00 1.035990753173828161e+00 1.031365454196929932e+00 1.027648334503173722e+00
1.349116218090057329e+00 1.825090507268905649e+00 2.032709294557571322e+00 2.069389110803604215e+00 1.892394595146179137e+00 1.734843049049377361e+00 1.625479602813720614e+00 1.467272512912750182e+00 1.393868383169174274e+00 1.299731462001800564e+00 1.215769921541213883e+00 1.138044120073318455e+00 1.098609651327133285e+00 1.080056133270263619e+00 1.066992874145507919e+00 1.056981964111328054e+00 1.054967378377914322e+00 1.053336520195007342e+00 1.050330994129180961e+00 1.046225346326828065e+00 1.043228660821914566e+00 1.038018773794174177e+00 1.033351343870162919e+00 1.029763265848159692e+00
1.342486941814422519e+00 1.813650909662246624e+00 2.030179413557052559e+00 2.066338343620300222e+00 1.899380470514297592e+00 1.739354690313339225e+00 1.620025842189788845e+00 1.466183228492736745e+00 1.396328996419906598e+00 1.299583761692047146e+00 1.214731383323669478e+00 1.137707890272140476e+00 1.097870244979858301e+00 1.079280391931533911e+00 1.066446615457534719e+00 1.056431519985199019e+00 1.054678688049316415e+00 1.053071159124374434e+00 1.050295891761779732e+00 1.045972089767456037e+00 1.042815965414047197e+00 1.037769167423248318e+00 1.033082188367843601e+00 1.029186320304870561e+00
1.355672267675399834e+00 1.821389539241790700e+00 2.023431181907653809e+00 2.075509778261184657e+00 1.901608930826187205e+00 1.739719662666320721e+00 1.621921520233154279e+00 1.467132726907730111e+00 1.395974851846695008e+00 1.296575114727020361e+00 1.214583678245544363e+00 1.136663299798965410e+00 1.096755980253219631e+00 1.078050723075866690e+00 1.064968290328979439e+00 1.055382964611053520e+00 1.053193662166595379e+00 1.050966290235519462e+00 1.047915973663330114e+00 1.043630784749984830e+00 1.040746703147888086e+00 1.035642000436782784e+00 1.030966730117797825e+00 1.027359228134155256e+00
1.324438467025756738e+00 1.823385764360427874e+00 2.023560094833373846e+00 2.065670714378356809e+00 1.894640825986862120e+00 1.734612171649932755e+00 1.617687537670135400e+00 1.461492319107055682e+00 1.391487306356430143e+00 1.295067725181579643e+00 1.212228801250457844e+00 1.136212371587753234e+00 1.095941489934921353e+00 1.077649625539779610e+00 1.065087244510650732e+00 1.054531813859939549e+00 1.052433586120605558e+00 1.050619382858276385e+00 1.047654805183410698e+00 1.043161936998367345e+00 1.040172692537307819e+00 1.035227651596069443e+00 1.030633339881896982e+00 1.026750966310501001e+00
1.352289739847183148e+00 1.821546458005905089e+00 2.038732556104660087e+00 2.072076667547225970e+00 1.902318155765533536e+00 1.739651055335998509e+00 1.625951634645462107e+00 1.467313973903656033e+00 1.394821037054061907e+00 1.297315080165863055e+00 1.213617316484451258e+00 1.137936586141586215e+00 1.097457995414733878e+00 1.079000550508499190e+00 1.066564427614212107e+00 1.055881825685501152e+00 1.053617789745330713e+00 1.051916344165801931e+00 1.048980264663696316e+00 1.044464706182479885e+00 1.041371834278106645e+00 1.036204426288604763e+00 1.031648874282836914e+00 1.027770981788635352e+00
1.327318578958511353e+00 1.801266151666641280e+00 2.038522633314132637e+00 2.073161735534668093e+00 1.895038518905639569e+00 1.734790894985198895e+00 1.620362532138824418e+00 1.463527733087539584e+00 1.391515479087829688e+00 1.294903888702392480e+00 1.210788401365280098e+00 1.134504872560501143e+00 1.093846071958541888e+00 1.075335431098938033e+00 1.063155580759048480e+00 1.053474749326706039e+00 1.051476492881774805e+00 1.049821822643280056e+00 1.046672365665435755e+00 1.041819247007369942e+00 1.038753061294555691e+00 1.033927614688873398e+00 1.029009023904800424e+00 1.025155018568038923e+00
1.348854514360427803e+00 1.837527337074279732e+00 2.024714965820312518e+00 2.078508738279342793e+00 1.906156352758407557e+00 1.739985581636428913e+00 1.620573749542236319e+00 1.460888470411300766e+00 1.394473516941070468e+00 1.295863941907882788e+00 1.211207264661788852e+00 1.134927989244461033e+00 1.094612030982971218e+00 1.076511777639389100e+00 1.063252146244049179e+00 1.053558501005172676e+00 1.051419092416763235e+00 1.049531104564666695e+00 1.046646311283111475e+00 1.042147144079208276e+00 1.038878073692321768e+00 1.033775564432144245e+00 1.029187783002853296e+00 1.025276000499725448e+00
1.334893490076065170e+00 1.840368913412094187e+00 2.029629353284835958e+00 2.075158208608627319e+00 1.899908566474914462e+00 1.741475046873092625e+00 1.626874428987503007e+00 1.466736824512481663e+00 1.397421730756759573e+00 1.299474112987518248e+00 1.216271206140518091e+00 1.139656031131744296e+00 1.098334976434707677e+00 1.080489929914474567e+00 1.067416884899139440e+00 1.057538447380065971e+00 1.055843524932861266e+00 1.054006395339965874e+00 1.051137813329696691e+00 1.047033284902572525e+00 1.043944464921951365e+00 1.038798689842224121e+00 1.034246460199356177e+00 1.030394704341888401e+00
1.343866651058196915e+00 1.824810634851455671e+00 2.040257134437561071e+00 2.059806545972824310e+00 1.898162896633148300e+00 1.737837095260620135e+00 1.624341441392898489e+00 1.469226634502410977e+00 1.393421934843063426e+00 1.299985167980194145e+00 1.216496387720108041e+00 1.139776942729950004e+00 1.098087871074676425e+00 1.080022823810577348e+00 1.067212318181991471e+00 1.056945846080780127e+00 1.054912755489349374e+00 1.053249311447143510e+00 1.050341725349426270e+00 1.045765331983566249e+00 1.042860229015350360e+00 1.037874212265014640e+00 1.033234318494796744e+00 1.029253463745117170e+00
1.347044117450714174e+00 1.795749772787094134e+00 2.036412477493286133e+00 2.071554640531539704e+00 1.901065340042114249e+00 1.737321937084197909e+00 1.625399988889694169e+00 1.465101733207702539e+00 1.395391033887863230e+00 1.297848305702209437e+00 1.213126831054687438e+00 1.136915913820266688e+00 1.096334614753723180e+00 1.078448727130889795e+00 1.065759676694870040e+00 1.055448746681213468e+00 1.053420313596725499e+00 1.051589655876159712e+00 1.048406926393508964e+00 1.044095304012298664e+00 1.041044778823852601e+00 1.035929223299026480e+00 1.031364567279815736e+00 1.027561438083648637e+00
1.310082540512085059e+00 1.810623656511306745e+00 2.030282298326492096e+00 2.070064636468887276e+00 1.892265251874923671e+00 1.733948655128479066e+00 1.612055655717849811e+00 1.464698593616485578e+00 1.392588305473327681e+00 1.295019942522048995e+00 1.211929943561554035e+00 1.134517215490341124e+00 1.094613723754882750e+00 1.076179879903793379e+00 1.063211206197738568e+00 1.053901751041412371e+00 1.051625521183013889e+00 1.049781336784362695e+00 1.046914855241775522e+00 1.042618288993835352e+00 1.039912759065628078e+00 1.034808776378631556e+00 1.030110378265380877e+00 1.026598820686340341e+00
1.333622641563415590e+00 1.813749763965606610e+00 2.032333414554595930e+00 2.063763062953948957e+00 1.897431032657623362e+00 1.735262041091918839e+00 1.619393440485000557e+00 1.464935265779495177e+00 1.393012589216232389e+00 1.295263270139694223e+00 1.212220551967620796e+00 1.135879544019699150e+00 1.095520876646041808e+00 1.076941636800766045e+00 1.064041935205459533e+00 1.054450922012329039e+00 1.052659503221511805e+00 1.050818921327590916e+00 1.047901344299316362e+00 1.043498926162719664e+00 1.040449924468994203e+00 1.035386019945144565e+00 1.030734739303588832e+00 1.027127052545547592e+00
1.357087508440017798e+00 1.833070067167282158e+00 2.016981887817382635e+00 2.079055247306823784e+00 1.894467006921768171e+00 1.731396075487136921e+00 1.619966638088226274e+00 1.468627322912216204e+00 1.393993020057678223e+00 1.296787114143371555e+00 1.212470203638076782e+00 1.137123954296112016e+00 1.095350525379180873e+00 1.077036658525466928e+00 1.064836730957031241e+00 1.055045280456542889e+00 1.052385426759719911e+00 1.050421357154846191e+00 1.047679091691970932e+00 1.043494188785552890e+00 1.040330362319946245e+00 1.035161689519882300e+00 1.030261981487274214e+00 1.026360569000244194e+00
1.337498208284378043e+00 1.829926645755767911e+00 2.019503898620605309e+00 2.073312577009200908e+00 1.905583349466323906e+00 1.741562966108322064e+00 1.623077841997146553e+00 1.468991988897323520e+00 1.395966509580612191e+00 1.299392560720443734e+00 1.215954670906066903e+00 1.139017305374145472e+00 1.098640332221984872e+00 1.080730450153350786e+00 1.068370659351348895e+00 1.058372271060943559e+00 1.056124398708343515e+00 1.054306321144103942e+00 1.051224763393402206e+00 1.046790456771850675e+00 1.043638719320297170e+00 1.038676474094390789e+00 1.033901029825210482e+00 1.030051754713058543e+00
1.345975407361984288e+00 1.803466284275054843e+00 2.040028007030487256e+00 2.081666963100433421e+00 1.897737867832183900e+00 1.735862756967544662e+00 1.623322832584381148e+00 1.466738532781600934e+00 1.396953979730606088e+00 1.298186519145965612e+00 1.215067491531372168e+00 1.138389265537262052e+00 1.097297832965850928e+00 1.078635644912719682e+00 1.065279878377914491e+00 1.055783958435058567e+00 1.053391207456588763e+00 1.051673266887664715e+00 1.048745006322860718e+00 1.044436929225921684e+00 1.041520971059799239e+00 1.036380952596664518e+00 1.031895697116851807e+00 1.028026628494262740e+00
1.350356711149215627e+00 1.831428443193435562e+00 2.038363894224167083e+00 2.073911832571029734e+00 1.905720161199569773e+00 1.736465669870376649e+00 1.620451489686965951e+00 1.466107984781265250e+00 1.396604629755020088e+00 1.297138059139251620e+00 1.214396452903747647e+00 1.137980808019638079e+00 1.097179248332977197e+00 1.079051418304443288e+00 1.066472141742706325e+00 1.056536121368408132e+00 1.054153228998184311e+00 1.052484409809112620e+00 1.049665254354476884e+00 1.045141873359680229e+00 1.041984901428222754e+00 1.036702046394348153e+00 1.031938838958740279e+00 1.028274102210998464e+00
1.336593443155288607e+00 1.829851737022399893e+00 2.033567584753036339e+00 2.081637465953826815e+00 1.900517468452453507e+00 1.737762457132339566e+00 1.622654981613159242e+00 1.466156680583953875e+00 1.395157117843627947e+00 1.297442152500152490e+00 1.213792169094085605e+00 1.136457613706588710e+00 1.095683243274688801e+00 1.076943873167037991e+00 1.064175219535827610e+00 1.053771157264709490e+00 1.051532002687454170e+00 1.049720985889434743e+00 1.046451425552368253e+00 1.041936475038528487e+00 1.038765143156051618e+00 1.033588577508926409e+00 1.029032363891601465e+00 1.025203831195831361e+00
1.337898173332214391e+00 1.814559847116470337e+00 2.040559358596801598e+00 2.076757314205169624e+00 1.897891889810562116e+00 1.738745762109756399e+00 1.622691550254821813e+00 1.469661010503768850e+00 1.395850330591201782e+00 1.298158732652664238e+00 1.214600220918655493e+00 1.137207238674163845e+00 1.096326264142990059e+00 1.077914396524429330e+00 1.064547311067581159e+00 1.054658560752868679e+00 1.052916965484619105e+00 1.051137814521789560e+00 1.048303781747818020e+00 1.043981860876083356e+00 1.040865092277526882e+00 1.035440477132797188e+00 1.030671408176422110e+00 1.026857997179031479e+00
1.345234671831130990e+00 1.793954229354858487e+00 2.036189392805099363e+00 2.073633784055709750e+00 1.896350548267364600e+00 1.739620451927184952e+00 1.625003755092620850e+00 1.467760699987411543e+00 1.394192769527435205e+00 1.296819013357162431e+00 1.214252625703811539e+00 1.137600793838500879e+00 1.096062608957290685e+00 1.077855632305145361e+00 1.065678107738494917e+00 1.055447118282318186e+00 1.053167552947998020e+00 1.051327160596847499e+00 1.048416261672973526e+00 1.043972389698028636e+00 1.041081779003143248e+00 1.036218780279159590e+00 1.031659618616104224e+00 1.027949672937393144e+00
1.354224877357482981e+00 1.825459069013595670e+00 2.023022762537002528e+00 2.074689263105392367e+00 1.897065007686614901e+00 1.739341011047363272e+00 1.619688229560852122e+00 1.464954146146774328e+00 1.393421967029571551e+00 1.296328266859054557e+00 1.212921252250671378e+00 1.136917635202407739e+00 1.095971792936325073e+00 1.077053130865097019e+00 1.063979202508926303e+00 1.054106844663619924e+00 1.052081032991409204e+00 1.050406574010849026e+00 1.047737431526184038e+00 1.042909102439880442e+00 1.039717240333557058e+00 1.034221111536026028e+00 1.029383403062820390e+00 1.025913609266281057e+00
1.333079918622970483e+00 1.824905728101730240e+00 2.032364987134933632e+00 2.083580708503723233e+00 1.886435256004333594e+00 1.734109133481979370e+00 1.621055773496627772e+00 1.464106984138488832e+00 1.391592921018600437e+00 1.295173574686050433e+00 1.210743262767791650e+00 1.135086268186569214e+00 1.094239076375961295e+00 1.075305906534195000e+00 1.062474704980850282e+00 1.052434239387512127e+00 1.050442463159561246e+00 1.048629724979400546e+00 1.045373036861419580e+00 1.041187947988510221e+00 1.037792817354202368e+00 1.032517300844192576e+00 1.027555851936340359e+00 1.023569830656051671e+00
1.330263795852661080e+00 1.827394237518310538e+00 2.033214917182922576e+00 2.085515708923340039e+00 1.897796175479888880e+00 1.741828711032867405e+00 1.621702917814254796e+00 1.465263372659683316e+00 1.394863003492355258e+00 1.298264300823211759e+00 1.213048070669174194e+00 1.137006367444992172e+00 1.095989660024643042e+00 1.077961453199386632e+00 1.065321007966995248e+00 1.055282799005508476e+00 1.053245327472686732e+00 1.051471542119979841e+00 1.048364238739013743e+00 1.043926913738250750e+00 1.041050131320953476e+00 1.035798867940902701e+00 1.031112587451934903e+00 1.027439854145050013e+00
1.338567049503326389e+00 1.819431276321411106e+00 2.038896684646606339e+00 2.063168224096298076e+00 1.899488828182220423e+00 1.743712055683136031e+00 1.621512316465377745e+00 1.467457617521286117e+00 1.393060412406921467e+00 1.298127262592315700e+00 1.213368532657623344e+00 1.136533751487731836e+00 1.095364433526992753e+00 1.077192130088806099e+00 1.063882170915603664e+00 1.053925529718399146e+00 1.052143056392669695e+00 1.050353498458862278e+00 1.047504329681396396e+00 1.043488403558731070e+00 1.040510842800140390e+00 1.035552804470062149e+00 1.030969294309616036e+00 1.026909787654876727e+00
1.330667830705642762e+00 1.814280327558517536e+00 2.036568187475204628e+00 2.073895599842071391e+00 1.903363518714904723e+00 1.735483134984970199e+00 1.621689971685409626e+00 1.469225379228591866e+00 1.394940698146819980e+00 1.297317302227020352e+00 1.214900056123733529e+00 1.138574860095977748e+00 1.097364484071731594e+00 1.079280668497085482e+00 1.066425430774688765e+00 1.056085183620452783e+00 1.053872908353805649e+00 1.052087075710296693e+00 1.049109020233154332e+00 1.044795253276824987e+00 1.041873797178268335e+00 1.036857663393020657e+00 1.032233102321624685e+00 1.028255251646041923e+00
1.351490046977996906e+00 1.825738459825515747e+00 2.040004681348800641e+00 2.075417324304580813e+00 1.903136177062988210e+00 1.739454503059387314e+00 1.624165797233581454e+00 1.470231294631958008e+00 1.396658015251159624e+00 1.298887794017791641e+00 1.215451360940933201e+00 1.138026778697967423e+00 1.098060958385467467e+00 1.078933260440826380e+00 1.066356652975082309e+00 1.056325635910034144e+00 1.054166351556777848e+00 1.052140437364578185e+00 1.049160453081130928e+00 1.044865076541900528e+00 1.041738839149475071e+00 1.036460304260253817e+00 1.031642241477966238e+00 1.027922172546386737e+00
1.344824309349060165e+00 1.811471025943756086e+00 2.027968899011611814e+00 2.077069724798202621e+00 1.903524738550186113e+00 1.736784106492996305e+00 1.625515525341033829e+00 1.469154002666473335e+00 1.397169945240020805e+00 1.299424290657043457e+00 1.215275752544403121e+00 1.138833180665969946e+00 1.098253386020660471e+00 1.079914150238037163e+00 1.067143886089324978e+00 1.057150167226791337e+00 1.055011801719665465e+00 1.053279254436492840e+00 1.050259611606597865e+00 1.045895258188247690e+00 1.042573251724243200e+00 1.037442883253097525e+00 1.032890042066574088e+00 1.029087302684783989e+00
1.338273955583572317e+00 1.826998823881149203e+00 2.022795838117599665e+00 2.070507395267486395e+00 1.902945737838745099e+00 1.740857447385788070e+00 1.620060061216354264e+00 1.469627506732940736e+00 1.396122334003448540e+00 1.299274787902832129e+00 1.216190948486328027e+00 1.139404549598693750e+00 1.098769968748092740e+00 1.080188919305801409e+00 1.067580205202102617e+00 1.057222058773040763e+00 1.054989110231399518e+00 1.052852817773819005e+00 1.050022730827331552e+00 1.045544619560241806e+00 1.042332628965377816e+00 1.036933765411377051e+00 1.032145106792449862e+00 1.028233644962310844e+00
1.362640374898910434e+00 1.801153273582458469e+00 2.032728680372238195e+00 2.064343870878219800e+00 1.896841690540313818e+00 1.738948264122009313e+00 1.621878305673599252e+00 1.472332689762115399e+00 1.400027048587799028e+00 1.301696562767028720e+00 1.217076454162597576e+00 1.140116117000579798e+00 1.099712665081024277e+00 1.080402251482009968e+00 1.067164027690887362e+00 1.057548016309738159e+00 1.055332800149917594e+00 1.053460345268249609e+00 1.050369033813476571e+00 1.045414608716964677e+00 1.042383548021316608e+00 1.037321039438247716e+00 1.032764838933944773e+00 1.028469126224517805e+00
1.352688277959823715e+00 1.811825424432754517e+00 2.031845679283142303e+00 2.067421319484710640e+00 1.894113069772720426e+00 1.735721111297607422e+00 1.621378811597824043e+00 1.463231812715530378e+00 1.392717901468276898e+00 1.298194670677184970e+00 1.213112950325012207e+00 1.136556072235107351e+00 1.095053336620330775e+00 1.077285581827163607e+00 1.065064511299133265e+00 1.054390180110931441e+00 1.051954221725463823e+00 1.050050230026245091e+00 1.047062336206436184e+00 1.042900346517562804e+00 1.039849352836608842e+00 1.034764344692230331e+00 1.030133752822876003e+00 1.026151851415634253e+00
1.315739105939865095e+00 1.836235829591751134e+00 2.037870517969131434e+00 2.078757598400116091e+00 1.904010562896728542e+00 1.741074907779693648e+00 1.621732896566391080e+00 1.468795541524887005e+00 1.396909967660904028e+00 1.299314184188842702e+00 1.214499318599700839e+00 1.139080922603607160e+00 1.098287506103515554e+00 1.080110529661178598e+00 1.067368927001953072e+00 1.057354067564010514e+00 1.055181045532226580e+00 1.053152563571929878e+00 1.050037547349929712e+00 1.045714992284774825e+00 1.042614955902099627e+00 1.037450797557830873e+00 1.032718113660812342e+00 1.028896206617355258e+00
1.335878237485885522e+00 1.831375218629837098e+00 2.051823303699493284e+00 2.081970963478088521e+00 1.900211977958679244e+00 1.741065907478332564e+00 1.626547830104827952e+00 1.467735396623611521e+00 1.399106714725494305e+00 1.299679780006408603e+00 1.216830844879150497e+00 1.140301628112792898e+00 1.099675259590148890e+00 1.080610983371734557e+00 1.067663714885711768e+00 1.057658318281173626e+00 1.055654051303863472e+00 1.053605240583419755e+00 1.050799183845519957e+00 1.046191605329513497e+00 1.043149749040603647e+00 1.037960542440414358e+00 1.033352986574173071e+00 1.029163495302200415e+00
1.348192284107208261e+00 1.836847964525222698e+00 2.040932673215865911e+00 2.069598354101180870e+00 1.902811756134033194e+00 1.742483139038085938e+00 1.619262691736221393e+00 1.470467299222946167e+00 1.395597341060638374e+00 1.298793770074844423e+00 1.215223617553711000e+00 1.138848286867141679e+00 1.097758798599243191e+00 1.079587544202804672e+00 1.066638553142547519e+00 1.056725565195083538e+00 1.054426561594009382e+00 1.052831356525421036e+00 1.049878720045089642e+00 1.045682792663574112e+00 1.042550312280654978e+00 1.037422463893890479e+00 1.032742080688476616e+00 1.028634080886840829e+00
1.347142872810363823e+00 1.828108803033828833e+00 2.040507838726043577e+00 2.072935186624527137e+00 1.905165760517120388e+00 1.738374687433242860e+00 1.622948142290115303e+00 1.468484823703765763e+00 1.395694029331207231e+00 1.297068914175033560e+00 1.214668390750885063e+00 1.136587345600128085e+00 1.096320651769637999e+00 1.077453923225402788e+00 1.064443440437316868e+00 1.054594945907592729e+00 1.052685395479202368e+00 1.050993883609771640e+00 1.048063881397247377e+00 1.043821426630020088e+00 1.040781316757202202e+00 1.035877406597137451e+00 1.031047011613845932e+00 1.026995469331741351e+00
1.324844441413879359e+00 1.827534433603286823e+00 2.026661598682403476e+00 2.075857142210006501e+00 1.895606650114059377e+00 1.740082120895385831e+00 1.623554350137710545e+00 1.466784316301345870e+00 1.394355038404464731e+00 1.298542381525039646e+00 1.214349936246871930e+00 1.137800691127777153e+00 1.097589221000671467e+00 1.079235749244690012e+00 1.066406532526016138e+00 1.056382569074630684e+00 1.054111963510513394e+00 1.052581243515014586e+00 1.049658379554748500e+00 1.045299446582794278e+00 1.042289174795150819e+00 1.036989715099334797e+00 1.032244577407836816e+00 1.028330364227294957e+00
1.329594432115554836e+00 1.818478916883468521e+00 2.025076031684875488e+00 2.074172322750091446e+00 1.898248078823089546e+00 1.740282416343688965e+00 1.624846328496933001e+00 1.463387639522552464e+00 1.393811386823654130e+00 1.297127708196639917e+00 1.212520800828933654e+00 1.135207691192626989e+00 1.095059875249862591e+00 1.076592935323715139e+00 1.063638943433761641e+00 1.053856207132339406e+00 1.052277518510818410e+00 1.050791828632354763e+00 1.047856467962265059e+00 1.043639104366302472e+00 1.040665692090988248e+00 1.035525902509689233e+00 1.031013965606689453e+00 1.027279901504516646e+00
1.344130716323852504e+00 1.842391550540924072e+00 2.049396216869354248e+00 2.075448795557022219e+00 1.900650237798690689e+00 1.738974617719650340e+00 1.624865660667419442e+00 1.469330528974533090e+00 1.396588521003723216e+00 1.298077629804611277e+00 1.215281275510788017e+00 1.138533169031143100e+00 1.098389470577239901e+00 1.079933295249938974e+00 1.066873778104782122e+00 1.057255191802978445e+00 1.055447340011596680e+00 1.053430002927780107e+00 1.050758851766586233e+00 1.046244729757308978e+00 1.043122622966766277e+00 1.037945668697357160e+00 1.033464627265930247e+00 1.029578624963760403e+00
1.357546635866165197e+00 1.838373566865921127e+00 2.013493355512618876e+00 2.078510888814926183e+00 1.899691351652145421e+00 1.738017542362213064e+00 1.625672858953475908e+00 1.465905733108520570e+00 1.396095679998397898e+00 1.299227559566497714e+00 1.215021649599075326e+00 1.138274316787719620e+00 1.097752186059951729e+00 1.079015691280365008e+00 1.066186074018478314e+00 1.056270546913147035e+00 1.054562999010085989e+00 1.052784459590911936e+00 1.049792667627334586e+00 1.045518132448196358e+00 1.042648786306381137e+00 1.037343770265579224e+00 1.032711998224258521e+00 1.028742508888244700e+00
1.346629086732864300e+00 1.836828594207763565e+00 2.035127718448638934e+00 2.077195578813552768e+00 1.889061572551727242e+00 1.736958431005477976e+00 1.620792647600173941e+00 1.467229880094528260e+00 1.395060662031173626e+00 1.297057155370712200e+00 1.213477002382278513e+00 1.137028856277465749e+00 1.097115629911422641e+00 1.078679388761520475e+00 1.065909471511840900e+00 1.055641149282455338e+00 1.053414226770400974e+00 1.051600297689437857e+00 1.048910846710205069e+00 1.044411860704421935e+00 1.041351950168609708e+00 1.035869656801223782e+00 1.031248486042022794e+00 1.027356163263321021e+00
1.350437411069870031e+00 1.816466294527053771e+00 2.034218479394912737e+00 2.074090515375137223e+00 1.891743551492691022e+00 1.738997478485107440e+00 1.622707520723342789e+00 1.467371644973754830e+00 1.395856685638427797e+00 1.297168790102005032e+00 1.213963249921798715e+00 1.137027673721313414e+00 1.096757006645202592e+00 1.078617027997970546e+00 1.066202456951141464e+00 1.055842783451080402e+00 1.053698282241821271e+00 1.052573775053024185e+00 1.049445273876190132e+00 1.045075849294662573e+00 1.042127816677093533e+00 1.036703748703002859e+00 1.031987638473510716e+00 1.028500795364379883e+00
1.348413386344909703e+00 1.836443654298782313e+00 2.031195027828216482e+00 2.074019057750701833e+00 1.898168286085128775e+00 1.739754390716552690e+00 1.620747203826904403e+00 1.464862118959426862e+00 1.395294224023818863e+00 1.298750816583633449e+00 1.214350420236587569e+00 1.138069519996643075e+00 1.097046147584915143e+00 1.078984779119491533e+00 1.066283767223358048e+00 1.056180192232131887e+00 1.054035155773162868e+00 1.052236658334732011e+00 1.049263293743133652e+00 1.044721944332122732e+00 1.041940802335739047e+00 1.036964491605758765e+00 1.032290246486663898e+00 1.028209234476089584e+00
1.359284158945083698e+00 1.821893639564514222e+00 2.014736152887344200e+00 2.069262590408325053e+00 1.899930465221405074e+00 1.736614586114883396e+00 1.618452724218368610e+00 1.463068319559097219e+00 1.392250815629959115e+00 1.295830471515655447e+00 1.210746504068374696e+00 1.135270127058029210e+00 1.093529254198074341e+00 1.075399225950241178e+00 1.062535185813903826e+00 1.053193840980529705e+00 1.051166553497314471e+00 1.049128292798995998e+00 1.046120644807815525e+00 1.041950924396514822e+00 1.038995018005371085e+00 1.033674188852310216e+00 1.028981324434280475e+00 1.025622540712356479e+00
1.355114541053771937e+00 1.801083077192306536e+00 2.032021040916442978e+00 2.073246269226074023e+00 1.899994388818740942e+00 1.738025338649749729e+00 1.620537766218185460e+00 1.463687475919723591e+00 1.392885026931762749e+00 1.294114997386932364e+00 1.210918720960617145e+00 1.134922454357147226e+00 1.094537575244903582e+00 1.076870833635330094e+00 1.063550417423248184e+00 1.053900073766708356e+00 1.051689144372940143e+00 1.049855695962905955e+00 1.046706912517547661e+00 1.042276879549026480e+00 1.039352003335952679e+00 1.034178104400634846e+00 1.029830099344253513e+00 1.026813100576400739e+00
1.341701465845108077e+00 1.801517995595931954e+00 2.038471829891205012e+00 2.086365621089935285e+00 1.900196464061737034e+00 1.738323180675506618e+00 1.621375139951706013e+00 1.464044409990310713e+00 1.394076793193817165e+00 1.296305667161941511e+00 1.212720983028411803e+00 1.135373792648315394e+00 1.094761382341384870e+00 1.076826944351196191e+00 1.064173370599746704e+00 1.054009169340133667e+00 1.052277221679687402e+00 1.050390756130218595e+00 1.047360657453537014e+00 1.042948589324951270e+00 1.040054210424423253e+00 1.034746433496475326e+00 1.030001134872436497e+00 1.026225810050964249e+00
1.355797138214111408e+00 1.831365629434585474e+00 2.032872548103332733e+00 2.073590450286865394e+00 1.893431843519210789e+00 1.739144010543823171e+00 1.622127037048339826e+00 1.468364102840423513e+00 1.394067130088806117e+00 1.297289739847183210e+00 1.212518781423568726e+00 1.136666504144668632e+00 1.095822386741638121e+00 1.077848960161209124e+00 1.065022795200347927e+00 1.054624596834182748e+00 1.052770245075225874e+00 1.050780389308929363e+00 1.047671164274215805e+00 1.043419240713119533e+00 1.040222063064575098e+00 1.035083841085433942e+00 1.030319756269455045e+00 1.026320468187332136e+00
1.343809552192688050e+00 1.835050607919693100e+00 2.026309437751769860e+00 2.073806854486465401e+00 1.902708454132080007e+00 1.741185079813003522e+00 1.623731399774551498e+00 1.468274492025375411e+00 1.396176271438598571e+00 1.298299735784530728e+00 1.214685289859771755e+00 1.138017058372497559e+00 1.097474273443222126e+00 1.078625671863555846e+00 1.066241976022720417e+00 1.056162663698196447e+00 1.053980437517166191e+00 1.051900235414505058e+00 1.048896561861038190e+00 1.044738359451294007e+00 1.041726834774017396e+00 1.036613745689392019e+00 1.032096914052963221e+00 1.028620115518569911e+00
1.333507150411605835e+00 1.802509893178939837e+00 2.031291936635970963e+00 2.082363544702529712e+00 1.903101594448089573e+00 1.739092546701431319e+00 1.619529149532318080e+00 1.468331884145736677e+00 1.395863167047500575e+00 1.297168936729431232e+00 1.215032633543014606e+00 1.137455160617828476e+00 1.096941158771514990e+00 1.078574485778808656e+00 1.066654384136199951e+00 1.056841336488723693e+00 1.054460374116897636e+00 1.052333136796951285e+00 1.049674476385116684e+00 1.045410736799240015e+00 1.042535855770110986e+00 1.037367264032363900e+00 1.032426751852035585e+00 1.028320672512054390e+00
1.328045591115951440e+00 1.822734066247940099e+00 2.031016060113906896e+00 2.073178222179413055e+00 1.891191031932830890e+00 1.737088011503219676e+00 1.620837514400482071e+00 1.464385724067688077e+00 1.391310395002365086e+00 1.293330942392349137e+00 1.211898733377456683e+00 1.134984923601150442e+00 1.095600997209548844e+00 1.076687960624694851e+00 1.063925362825393739e+00 1.053925244808197048e+00 1.051911877393722605e+00 1.049906724691390902e+00 1.046745249032974279e+00 1.042645424604415894e+00 1.039520385265350289e+00 1.034381530284881556e+00 1.029884546995162964e+00 1.026525614261627251e+00
1.330873174667358327e+00 1.816839895248413050e+00 2.019898916482925522e+00 2.076766591072082502e+00 1.888553197383880722e+00 1.744796202182769873e+00 1.620107626914978116e+00 1.463115375041961652e+00 1.393540161848068282e+00 1.297380242347717205e+00 1.213685342073440587e+00 1.137889230251312167e+00 1.097225216627121025e+00 1.079191368818283037e+00 1.066158474683761570e+00 1.056449483633041364e+00 1.054352076053619358e+00 1.052629690170288068e+00 1.049918274879455549e+00 1.045687308311462393e+00 1.042615698575973582e+00 1.037360678911209089e+00 1.032811633348464930e+00 1.028891149759292523e+00
1.330456185340881392e+00 1.824930578470230103e+00 2.036200590133666832e+00 2.070852308273315234e+00 1.892910317182540991e+00 1.735075613260269156e+00 1.620995833873748682e+00 1.467609944343566841e+00 1.392625051736831709e+00 1.295844203233718961e+00 1.213005514144897434e+00 1.135563790798187256e+00 1.095105823278427204e+00 1.075853636264801017e+00 1.063475580215454075e+00 1.053310807943344196e+00 1.051496243476867765e+00 1.049350887537002563e+00 1.046390014886856124e+00 1.042152938842773491e+00 1.039419655799865616e+00 1.034176248311996504e+00 1.029375363588333148e+00 1.025528172254562387e+00
1.343077967166900644e+00 1.828644907474517911e+00 2.047450374364852888e+00 2.084310293197631836e+00 1.898346711397171038e+00 1.737395528554916302e+00 1.619636952877044678e+00 1.462947684526443526e+00 1.391947427988052377e+00 1.295326011180877757e+00 1.210999759435653633e+00 1.135161728858947727e+00 1.094852590560912997e+00 1.075869504213333050e+00 1.063147325515747088e+00 1.052610212564468295e+00 1.050839257240295366e+00 1.049357137680053675e+00 1.046470965147018539e+00 1.042276542186737043e+00 1.039066809415817305e+00 1.033879342079162544e+00 1.029086762666702182e+00 1.025044052600860622e+00
1.334552619457244793e+00 1.841015597581863394e+00 2.031908839941024780e+00 2.065549323558807160e+00 1.893587148189544767e+00 1.738018492460250863e+00 1.624029971361160340e+00 1.465691671371460059e+00 1.392982199192047021e+00 1.296132041215896535e+00 1.212044199705123892e+00 1.135914781093597448e+00 1.095461791753769010e+00 1.076479078531265232e+00 1.064205631017684839e+00 1.054200615882873615e+00 1.051428263187408341e+00 1.050015872716903775e+00 1.047057237625122150e+00 1.043046383857727077e+00 1.039963943958282400e+00 1.034759669303894070e+00 1.030404886007308951e+00 1.026711896657943823e+00
1.350782850980758676e+00 1.828891094923019489e+00 2.031575459241866888e+00 2.072564123868942065e+00 1.902096325159072787e+00 1.738938238620758137e+00 1.626007015705108749e+00 1.465788296461105311e+00 1.396498377323150741e+00 1.298945295810699507e+00 1.214268618822097690e+00 1.138742306232452428e+00 1.097788178920745761e+00 1.079016593694686943e+00 1.066848528385162309e+00 1.056855193376541102e+00 1.054611725807189870e+00 1.053034811019897488e+00 1.049868195056915310e+00 1.045576368570327652e+00 1.042545318603515625e+00 1.037547072172164908e+00 1.033018541336059526e+00 1.029229422807693473e+00
1.330013636350631634e+00 1.825335400104522776e+00 2.032092097997665547e+00 2.075743615627288818e+00 1.900168483257293595e+00 1.737834739685058638e+00 1.624099503755569440e+00 1.468710788488388097e+00 1.395439858436584579e+00 1.298976113796234122e+00 1.214053956270217949e+00 1.137400612831115820e+00 1.097187018394470304e+00 1.078594372272491553e+00 1.065782272815704257e+00 1.055971684455871529e+00 1.053790493011474538e+00 1.051962894201278642e+00 1.049239876270294136e+00 1.044945789575576711e+00 1.042021396160125679e+00 1.036811088323593033e+00 1.032295055389404359e+00 1.028897588253021134e+00
1.353268536329269356e+00 1.822728645801544145e+00 2.030042405128479110e+00 2.077095054388046425e+00 1.894452649354934737e+00 1.741245328187942532e+00 1.623143410682678311e+00 1.465604840517044094e+00 1.394888337850570759e+00 1.297841792106628311e+00 1.214496362209320113e+00 1.137664632797241282e+00 1.097416081428527868e+00 1.078428839445114029e+00 1.065636096000671440e+00 1.055532039403915379e+00 1.053259832859039236e+00 1.051370339393615794e+00 1.048156522512435851e+00 1.044034112691879290e+00 1.040981413125991795e+00 1.035887991189956558e+00 1.031476076841354450e+00 1.027862231731414777e+00
1.353789541721343914e+00 1.818994503021240217e+00 2.040991312265396207e+00 2.070959193706512380e+00 1.898413560390472377e+00 1.739994360208511281e+00 1.621939681768417296e+00 1.465449810028076172e+00 1.394835269451141446e+00 1.298080407381057677e+00 1.214684019088745126e+00 1.138208227157592844e+00 1.097510029077529925e+00 1.078930888175964276e+00 1.065829691886901909e+00 1.055683150291442773e+00 1.053808611631393388e+00 1.051947273015976014e+00 1.049237620830535844e+00 1.044983698129653860e+00 1.041973713636398235e+00 1.036672283411026019e+00 1.032181465625762851e+00 1.028209067583084169e+00
1.340993400812149128e+00 1.824734671115875173e+00 2.020457116365432793e+00 2.068594340085983418e+00 1.893889349699020341e+00 1.737148061990738013e+00 1.620292397737502998e+00 1.462291494607925513e+00 1.392764092683792088e+00 1.295497726202011091e+00 1.212600861787795914e+00 1.135174435377120927e+00 1.095200214385986248e+00 1.076887806653976432e+00 1.064155141115188608e+00 1.053964434862136867e+00 1.052161418199539122e+00 1.050308408737182564e+00 1.047499542236328018e+00 1.043084108829498202e+00 1.040160052776336608e+00 1.035056552886962855e+00 1.030720064640045175e+00 1.026889040470123193e+00
1.341688246726989719e+00 1.830071985721588135e+00 2.036385948657989609e+00 2.072536698579788172e+00 1.895969407558441233e+00 1.737749106884002748e+00 1.619230275154113663e+00 1.465586657524108993e+00 1.396451414823532078e+00 1.296706008911132857e+00 1.212716623544692895e+00 1.137244520187377983e+00 1.096431773900985673e+00 1.078243526220321602e+00 1.065176861286163401e+00 1.055123130083084115e+00 1.053117245435714722e+00 1.051582654714584342e+00 1.048425611257553181e+00 1.044214427471160889e+00 1.041467444896698069e+00 1.036313147544860813e+00 1.031924411058425806e+00 1.028586878776550195e+00
1.340322805643081594e+00 1.819396470785140885e+00 2.042187112569808782e+00 2.076047083139419769e+00 1.888116445541381916e+00 1.740029873847961372e+00 1.623896769285201991e+00 1.468318655490875146e+00 1.394418812990188661e+00 1.296737766265869229e+00 1.212056063413619933e+00 1.136221741437911881e+00 1.095768642425537065e+00 1.077314168214797974e+00 1.064559855461120641e+00 1.054594715833663932e+00 1.052191473245620790e+00 1.050691828727722266e+00 1.047285236120224061e+00 1.043111817836761546e+00 1.039979202747344900e+00 1.034838818311691222e+00 1.030150662660598737e+00 1.026390738487243715e+00
1.350839611291885456e+00 1.824667354822158805e+00 2.035311704874038785e+00 2.074864135980606150e+00 1.896355596780777031e+00 1.738793777227401804e+00 1.621410340070724487e+00 1.465910439491271866e+00 1.394676539897918621e+00 1.297230359315872272e+00 1.212882891893386939e+00 1.135653557777404732e+00 1.095078576803207415e+00 1.077227183580398595e+00 1.064205482006072900e+00 1.054419083595275808e+00 1.052103950977325342e+00 1.050258399248123142e+00 1.047344307899475080e+00 1.043028357028961128e+00 1.039702506065368626e+00 1.034668779373169034e+00 1.030087479352951085e+00 1.026446311473846462e+00
1.355677304267883354e+00 1.839144638776779139e+00 2.043831896781921564e+00 2.069506381750106705e+00 1.904649083614349259e+00 1.739134076833724896e+00 1.623426272869110010e+00 1.465410767793655422e+00 1.391575680971145701e+00 1.296508564949035547e+00 1.213597590923309433e+00 1.136925302743911681e+00 1.096798728704452497e+00 1.078218407630920472e+00 1.065830760002136168e+00 1.056407502889633143e+00 1.054246699810028165e+00 1.052258189916610798e+00 1.049975297451019252e+00 1.045631823539733940e+00 1.042870731353759739e+00 1.037815101146698060e+00 1.033185713291168151e+00 1.029085849523544205e+00
1.336711679697036637e+00 1.793346420526504614e+00 2.027285052537918020e+00 2.066448688507080078e+00 1.883349479436874363e+00 1.729528272151946933e+00 1.612949042320251491e+00 1.457970982789993375e+00 1.387577300071716202e+00 1.290425670146942094e+00 1.208014373779296768e+00 1.130585790872573826e+00 1.090683362483978236e+00 1.072655895948410043e+00 1.059967927932739196e+00 1.050054436922073453e+00 1.048535975217819161e+00 1.046758729219436690e+00 1.044508883953094491e+00 1.041176095008850000e+00 1.039064185619354319e+00 1.034663217067718577e+00 1.030341135263443064e+00 1.026650888919830251e+00
1.349354593753814724e+00 1.827957113981246939e+00 2.027515746355056603e+00 2.061183146238326991e+00 1.891252427101135281e+00 1.734049513339996240e+00 1.618116904497146624e+00 1.462835322618484479e+00 1.393494963645935059e+00 1.296228015422820956e+00 1.213215687274932897e+00 1.135912154912948502e+00 1.095229117870330837e+00 1.077191144227981567e+00 1.064858230352401680e+00 1.054475483894348198e+00 1.052065384387969926e+00 1.049648184776306170e+00 1.047358325719833338e+00 1.043522378206253043e+00 1.041191173791885305e+00 1.036101863384246924e+00 1.031699888706207213e+00 1.028057641983032289e+00
1.327341097593307540e+00 1.825815507173538244e+00 2.037228162288665878e+00 2.078091987371444738e+00 1.895249075889587465e+00 1.736229072809219343e+00 1.621115843057632455e+00 1.465487198829650950e+00 1.395979635715484557e+00 1.298548841476440341e+00 1.213960896730422956e+00 1.137259904146194378e+00 1.096441861391067585e+00 1.078387395143509009e+00 1.066077092885971078e+00 1.055932734012603680e+00 1.054002047777175877e+00 1.052394005060195870e+00 1.049728032350540241e+00 1.045108047723770195e+00 1.041623487472534082e+00 1.036524118185043308e+00 1.031437107324600255e+00 1.027022863626480209e+00
1.341556382179260209e+00 1.811000045537948688e+00 2.030745242834091080e+00 2.063246381282806574e+00 1.892542976140975997e+00 1.729964661598205611e+00 1.615211077928543126e+00 1.460690513849258521e+00 1.390294733047485298e+00 1.293545582294464147e+00 1.209902148246765119e+00 1.134305962324142492e+00 1.094452816247940108e+00 1.076038560867309535e+00 1.063322336673736546e+00 1.053457580804824767e+00 1.051298898458480791e+00 1.049424254894256503e+00 1.046317499876022294e+00 1.041906648874282748e+00 1.038676515817642310e+00 1.033539203405380302e+00 1.028742098808288485e+00 1.024826123714446924e+00
1.330014809370040796e+00 1.813530181646346939e+00 2.023202815055847203e+00 2.064254624843597341e+00 1.889656368494033734e+00 1.728919600248336685e+00 1.613783221244811994e+00 1.458566378355026227e+00 1.386946586370468193e+00 1.290831129550933820e+00 1.207458174228668302e+00 1.131270016431808578e+00 1.090944087505340665e+00 1.072652921676635840e+00 1.059958471059799123e+00 1.049873366355895898e+00 1.047775001525878880e+00 1.045978280305862373e+00 1.042975925207137999e+00 1.038696848154067931e+00 1.035816805362701487e+00 1.030645545721054157e+00 1.025888806581497281e+00 1.021984571218490512e+00
1.340014324188232520e+00 1.814421159029006914e+00 2.025075017213821216e+00 2.060779997110366857e+00 1.893645567893981863e+00 1.731121351718902579e+00 1.619167562723159870e+00 1.462782293558120728e+00 1.390760725736618131e+00 1.294818871021270690e+00 1.211758075952529934e+00 1.135536928176879901e+00 1.095019716024398848e+00 1.076815919876098704e+00 1.064365160465240434e+00 1.054523702859878620e+00 1.052232902050018293e+00 1.050608472824096751e+00 1.047781481742858789e+00 1.043728963136673071e+00 1.040953347682952890e+00 1.036699259281158358e+00 1.032761726379394451e+00 1.029030653238296455e+00
1.331203196048736492e+00 1.809494341611862289e+00 2.037626850605010809e+00 2.077206617593765348e+00 1.893466106653213465e+00 1.736740273237228349e+00 1.622510108947753826e+00 1.467967152595520020e+00 1.395442832708358782e+00 1.298088843822479355e+00 1.215193135738372732e+00 1.139782352447509695e+00 1.099064757823944083e+00 1.080766383409500042e+00 1.068281812667846609e+00 1.058087745904922494e+00 1.056206320524215592e+00 1.054036349058151245e+00 1.051825997829437309e+00 1.047565726041793877e+00 1.044732791185378984e+00 1.039426449537277142e+00 1.034086973667144749e+00 1.029053198099136424e+00
1.341585655212402362e+00 1.835479960441589453e+00 2.025746290683746231e+00 2.082208548784255875e+00 1.897319362163543799e+00 1.744157186746597255e+00 1.621097517013549760e+00 1.466018304824829199e+00 1.395392098426818883e+00 1.298569449186325109e+00 1.215038838386535591e+00 1.137837277650833201e+00 1.097352837324142349e+00 1.079428082704544156e+00 1.066335929632186819e+00 1.055583133697509668e+00 1.054111796617507979e+00 1.052699155807495179e+00 1.049602817296981794e+00 1.045509738922119070e+00 1.042606029510497967e+00 1.037209354639053283e+00 1.032651184797287014e+00 1.028961061239242580e+00
1.347375273704528809e+00 1.825448830127716082e+00 2.039722124338149811e+00 2.077601861953735529e+00 1.893628908395767141e+00 1.736278054714202934e+00 1.623155003786087125e+00 1.466901166439056325e+00 1.395963909626007027e+00 1.296676906347274727e+00 1.214776176214218184e+00 1.137938693761825659e+00 1.096998424530029270e+00 1.078592026233673007e+00 1.065571652650833201e+00 1.056008120775222769e+00 1.053966014385223415e+00 1.051896288394927881e+00 1.048848220109939611e+00 1.044835802316665729e+00 1.041987843513488832e+00 1.037245817184448304e+00 1.032317653894424536e+00 1.028563600778579668e+00
1.339113196134567252e+00 1.816352019309997567e+00 2.023478759527206350e+00 2.066258152723312591e+00 1.896195522546768153e+00 1.734801577329635691e+00 1.620014023780822709e+00 1.463419120311737043e+00 1.393586087226867720e+00 1.295916774272918737e+00 1.211723896265029854e+00 1.135050793886184684e+00 1.094909021854400644e+00 1.076756480932235638e+00 1.064118195772171038e+00 1.053794167041778529e+00 1.051341581344604537e+00 1.049451165199279723e+00 1.046611884832382211e+00 1.042352533340454190e+00 1.039321931600570625e+00 1.034284763336181578e+00 1.029663227796554503e+00 1.025836337804794329e+00
1.339594745635986239e+00 1.827604678869247490e+00 2.030337721109390259e+00 2.068856086730956889e+00 1.896178704500198320e+00 1.739185754060745159e+00 1.621988244056701722e+00 1.466106544733047468e+00 1.394537724256515565e+00 1.296824681758880660e+00 1.212934256792068455e+00 1.136213190555572572e+00 1.095357774496078518e+00 1.076732041835784859e+00 1.064156141281128010e+00 1.054494282007217398e+00 1.052513103485107404e+00 1.050977438688278198e+00 1.047903170585632315e+00 1.043142863512039220e+00 1.039863796234130833e+00 1.034881339073181250e+00 1.030452895164489791e+00 1.026834466457366979e+00
1.348589676618576094e+00 1.824314399957656763e+00 2.015616751909255822e+00 2.053864654302596904e+00 1.902150964736938565e+00 1.731270990371704066e+00 1.624043169021606392e+00 1.466771299839019882e+00 1.391617203950882065e+00 1.294861469268798748e+00 1.212144876718521225e+00 1.134145959615707300e+00 1.093210117816925120e+00 1.073791952133178684e+00 1.060525929927826017e+00 1.051081389188766479e+00 1.049372159242629943e+00 1.048208328485488838e+00 1.045108213424682519e+00 1.041110868453979599e+00 1.038450350761413565e+00 1.034376885890960773e+00 1.030953269004821760e+00 1.027361384630203212e+00
1.343719955682754597e+00 1.831225582361221349e+00 2.040564515590667760e+00 2.080937179327011055e+00 1.898081511259078979e+00 1.739156554937362653e+00 1.625752960443496598e+00 1.469333207607269376e+00 1.395843844413757306e+00 1.299510523080825708e+00 1.217754126787185642e+00 1.140253351926803660e+00 1.099329016208648646e+00 1.080915849208831769e+00 1.068110725879669154e+00 1.058278864622116178e+00 1.055803753137588563e+00 1.054229729175567565e+00 1.051356137990951511e+00 1.047140195369720361e+00 1.043667800426483216e+00 1.037886132001876849e+00 1.032341253757476762e+00 1.028537908792495736e+00
1.338629657030105502e+00 1.807704268693923977e+00 2.029278025627136106e+00 2.073916708230972183e+00 1.890870829820632926e+00 1.729568802118301329e+00 1.616107935905456650e+00 1.460398985147476125e+00 1.391193645000457835e+00 1.293451644182205262e+00 1.211195675134658867e+00 1.134337458610534588e+00 1.094412879943847727e+00 1.076979612112045182e+00 1.064378989934921194e+00 1.053852943181991630e+00 1.051418244838714600e+00 1.049593324661254989e+00 1.046963784694671551e+00 1.042995383739471427e+00 1.039733808040618879e+00 1.034720618724823016e+00 1.030056158304214486e+00 1.026801786422729457e+00
1.325263569355010995e+00 1.827214573621749771e+00 2.037500754594802732e+00 2.072936085462570244e+00 1.894870438575744664e+00 1.734221584796905580e+00 1.617863171100616393e+00 1.464832042455673111e+00 1.393940837383270237e+00 1.296362524032592667e+00 1.212628614902496293e+00 1.135958907604217583e+00 1.096115393638610769e+00 1.078001309633255023e+00 1.065319955348968506e+00 1.055219231843948391e+00 1.053476358652114975e+00 1.051511492729187092e+00 1.048572852611541650e+00 1.044358645677566422e+00 1.041666762828826975e+00 1.037023718357086288e+00 1.032450423240661719e+00 1.028302681446075395e+00
1.318022881746292008e+00 1.843146065473556527e+00 2.033468104600906212e+00 2.076515125036239695e+00 1.902329939603805586e+00 1.737090976238250706e+00 1.622732825279235902e+00 1.467739326953887868e+00 1.395444371700286901e+00 1.296803952455520603e+00 1.214364143610000557e+00 1.138367501497268730e+00 1.097331546545028624e+00 1.078180327415466211e+00 1.065157580375671431e+00 1.055219370126724288e+00 1.053059043884277290e+00 1.050926532745361408e+00 1.048119800090789866e+00 1.043613021373748673e+00 1.040218490362167403e+00 1.034796411991119491e+00 1.029921638965606734e+00 1.026831232309341368e+00
1.357865904569625748e+00 1.810173646211624243e+00 2.030539289712905759e+00 2.076001436710357861e+00 1.898299380540847681e+00 1.738297470808029210e+00 1.619809483289718521e+00 1.468377403020858729e+00 1.393084317445755005e+00 1.297243762016296431e+00 1.213754231929779159e+00 1.138024835586547878e+00 1.096536394357681354e+00 1.078060498237609854e+00 1.065840282440185582e+00 1.054818040132522672e+00 1.052525577545166069e+00 1.050018280744552612e+00 1.046691635847091684e+00 1.042027436494827208e+00 1.038263299465179479e+00 1.032501467466354406e+00 1.027710074186324984e+00 1.024474864006042374e+00
1.340457817316055289e+00 1.830402884483337322e+00 2.021933679580688370e+00 2.076707115173340057e+00 1.898637969493865985e+00 1.739602349996566710e+00 1.623196657896041950e+00 1.468965382575988743e+00 1.395645091533660898e+00 1.300063297748565772e+00 1.216709482669830367e+00 1.139775931835174561e+00 1.099375194311142057e+00 1.080969022512435984e+00 1.068246911764144880e+00 1.058126497268676802e+00 1.055644949674606314e+00 1.053799657821655300e+00 1.050722235441207797e+00 1.046400543451309284e+00 1.042930150032043368e+00 1.037292327880859455e+00 1.032185992002487174e+00 1.028415608406066939e+00
1.344921467304229790e+00 1.811224869489669764e+00 2.025364289283752228e+00 2.081964672803878980e+00 1.897810908555984444e+00 1.731553541421890330e+00 1.618462604284286455e+00 1.464668977260589644e+00 1.394057985544204792e+00 1.296359276771545499e+00 1.213829810619354355e+00 1.136621159315109209e+00 1.096043480634689260e+00 1.077898859977722168e+00 1.064907431602478027e+00 1.055549204349517822e+00 1.053078759908676165e+00 1.051066492795944107e+00 1.047959641218185523e+00 1.043559038639068515e+00 1.040347890853881907e+00 1.035184717178344815e+00 1.030451389551162666e+00 1.026536546945571837e+00
1.344905084371566861e+00 1.817205791473388565e+00 2.025866719484329170e+00 2.067867259979248029e+00 1.893195912837982275e+00 1.734351593255996749e+00 1.620793856382370057e+00 1.463149453401565658e+00 1.393269199132919356e+00 1.296082830429077237e+00 1.212884546518325779e+00 1.136358147859573453e+00 1.095330930948257508e+00 1.076991953849792516e+00 1.064130482673645073e+00 1.053806735277175832e+00 1.051414853334426969e+00 1.049476559162139999e+00 1.046527817249297998e+00 1.042265295982360840e+00 1.039336483478546125e+00 1.034342858791351238e+00 1.030010198354720963e+00 1.026358957290649521e+00
