1.385979475975036568e+00 1.815827975273132333e+00 2.053760249614715594e+00 2.076480889320373446e+00 1.883709242343902579e+00 1.737499958276748746e+00 1.642810461521148735e+00 1.497912316322326687e+00 1.421161127090454057e+00 1.332444131374359131e+00 1.245608004331588692e+00 1.167832865715026758e+00 1.127803376913070643e+00 1.109752968549728491e+00 1.098304392099380467e+00 1.090215313434600874e+00 1.087602488994598326e+00 1.085940498113632247e+00 1.082505842447280875e+00 1.079449040889739919e+00 1.077271122932434100e+00 1.072635672092437709e+00 1.068421796560287573e+00 1.063633624315261761e+00
1.358723261356353795e+00 1.816069709062576365e+00 2.067411082983016790e+00 2.082108440399169869e+00 1.882683919668197703e+00 1.742931547164916939e+00 1.647137033939361617e+00 1.500993217229843246e+00 1.424239916801452566e+00 1.335134110450744593e+00 1.249035425186157289e+00 1.171003528833389318e+00 1.131067879199981752e+00 1.113235899209976232e+00 1.101226507425308254e+00 1.092705252170562691e+00 1.089937819242477346e+00 1.088076128959655664e+00 1.084986445903778129e+00 1.081649705171584985e+00 1.079400947093963614e+00 1.074575217962264961e+00 1.070293534994125384e+00 1.065339407920837367e+00
1.354063559770584124e+00 1.828048855066299438e+00 2.067894983291625799e+00 2.072909003496170133e+00 1.882639989852905371e+00 1.739038910865783771e+00 1.641226944923400932e+00 1.498566437959671038e+00 1.421846826076507586e+00 1.334456096887588483e+00 1.246883227825164697e+00 1.169879415035247838e+00 1.128810567855834890e+00 1.111716146469116318e+00 1.099457643032073939e+00 1.091332409381866375e+00 1.088632317781448311e+00 1.086177864074707067e+00 1.083078330755233853e+00 1.079894547462463272e+00 1.077865337133407486e+00 1.073333411216735866e+00 1.069179947376251327e+00 1.064623236656188965e+00
1.390282119512558090e+00 1.819571025371551576e+00 2.069791951179504430e+00 2.075870108604431330e+00 1.882864712476730373e+00 1.739539613723754874e+00 1.646586514711380067e+00 1.499421043395996023e+00 1.421738229990005431e+00 1.336605854034423890e+00 1.248769881725311226e+00 1.170712388753891053e+00 1.130771027803421092e+00 1.113605644702911457e+00 1.101090445518493555e+00 1.092703287601470841e+00 1.089913735389709482e+00 1.088095414638519332e+00 1.085004582405090234e+00 1.081914280652999771e+00 1.079744492769241226e+00 1.075077193975448653e+00 1.070817410945892334e+00 1.066329605579376283e+00
1.379260615110397437e+00 1.810158210992813155e+00 2.071343635320663346e+00 2.069379044771194387e+00 1.882923961877822849e+00 1.741454951763153014e+00 1.639434586763381940e+00 1.498088454008102310e+00 1.425117079019546429e+00 1.335895068645477357e+00 1.247921018600463894e+00 1.170306221246719458e+00 1.129938313961029062e+00 1.112555352449417168e+00 1.100260933637619010e+00 1.092084665298461932e+00 1.089305300712585467e+00 1.087298750877380371e+00 1.084236086606979343e+00 1.081069319248199490e+00 1.078833450078964251e+00 1.074318934679031390e+00 1.069982683658599942e+00 1.065249488353729346e+00
1.394606405496597201e+00 1.826832350492477497e+00 2.058446912765502734e+00 2.075288261175155746e+00 1.887254455089569127e+00 1.739254721403121984e+00 1.641520100831985518e+00 1.498537439107894942e+00 1.421659225225448520e+00 1.333415256738662791e+00 1.247623307704925466e+00 1.168740257024764917e+00 1.128443747758865356e+00 1.111089111566543552e+00 1.098780303001403835e+00 1.090894896984100360e+00 1.087741063833236765e+00 1.085303771495819136e+00 1.082096296548843428e+00 1.079070137739181590e+00 1.077132790088653591e+00 1.072576812505722010e+00 1.068267219066619811e+00 1.063819173574447552e+00
1.374733868837356487e+00 1.822556912899017334e+00 2.060544909238815503e+00 2.070863105058669884e+00 1.885778902769088772e+00 1.736727234125137409e+00 1.640770050287246651e+00 1.494997510910034189e+00 1.419870734214782715e+00 1.331809878349304199e+00 1.245849854946136537e+00 1.169357390403747532e+00 1.128581422567367598e+00 1.111683030128479022e+00 1.099626575708389176e+00 1.090782625675201345e+00 1.087719675302505573e+00 1.085681706666946411e+00 1.082468590736389125e+00 1.078854928016662607e+00 1.076701077222824043e+00 1.072410902976989711e+00 1.068303338289260829e+00 1.063544796705246043e+00
1.392450114488601676e+00 1.823646863698959342e+00 2.074354900121688772e+00 2.074347825050354199e+00 1.888336700201034501e+00 1.738913522958755564e+00 1.646189063787460327e+00 1.496872631311416679e+00 1.421155878305435216e+00 1.332832432985305848e+00 1.246003557443618792e+00 1.169064563512802080e+00 1.128141822814941353e+00 1.111623666286468470e+00 1.099685380458831796e+00 1.090567526817321831e+00 1.087419525384903052e+00 1.085367066860198904e+00 1.082509896755218470e+00 1.079007729291915796e+00 1.076864106655120779e+00 1.072268712520599410e+00 1.068057696819305402e+00 1.063402113914489799e+00
1.368234010934829659e+00 1.799783320426940891e+00 2.075182820558548080e+00 2.075663354396819926e+00 1.884286192655563408e+00 1.735401989221572849e+00 1.639929529428482136e+00 1.494326589107513481e+00 1.418287559747695825e+00 1.331414644718170059e+00 1.243758888244628880e+00 1.166558712720870972e+00 1.125498708486557087e+00 1.108239910602569545e+00 1.096818315982818648e+00 1.088872126340866053e+00 1.086236307621002206e+00 1.084127651453018260e+00 1.080730336904525801e+00 1.076895042657852075e+00 1.074646795988082992e+00 1.070326131582260087e+00 1.065851078033447363e+00 1.061170582771301163e+00
1.389419133663177597e+00 1.837466905117034921e+00 2.066765168905257966e+00 2.077622294425964355e+00 1.891365017890930256e+00 1.741431585550308192e+00 1.642364536523818863e+00 1.493354539871215803e+00 1.422935038805007935e+00 1.333497734069824192e+00 1.245509613752365130e+00 1.168357485532760531e+00 1.127644436359405589e+00 1.111065924167633057e+00 1.098633915185928345e+00 1.090556489229202342e+00 1.087601910829544050e+00 1.085425717830657888e+00 1.082311496734619238e+00 1.078982355594634956e+00 1.076576589345932033e+00 1.072053775787353613e+00 1.067929589748382480e+00 1.063159478902816701e+00
1.375803731679916320e+00 1.837829486131668189e+00 2.068741861581802510e+00 2.078434062004089533e+00 1.886062452793121347e+00 1.741143473386764562e+00 1.646707259416580138e+00 1.498994178771972718e+00 1.424425423145294189e+00 1.336021002531051716e+00 1.249231336116790825e+00 1.172127670049667447e+00 1.130291759967803955e+00 1.113877874612808183e+00 1.101485698223114040e+00 1.093264836072921797e+00 1.090829279422760090e+00 1.088790444135665947e+00 1.085689178705215419e+00 1.082665750980377206e+00 1.080481169223785454e+00 1.075924592018127512e+00 1.071783546209335247e+00 1.067110264301299960e+00
1.400843790769576991e+00 1.824251029491424481e+00 2.068705080747604175e+00 2.067387703657150411e+00 1.884840080738067636e+00 1.740718542337417629e+00 1.646173703670501753e+00 1.501854919195175109e+00 1.421401659250259408e+00 1.336594226360320992e+00 1.249897332191467259e+00 1.172637161016464313e+00 1.130069462060928398e+00 1.113216887712478620e+00 1.101323399543762127e+00 1.092672270536422685e+00 1.089623119831085285e+00 1.087677792310714819e+00 1.084507207870483381e+00 1.080989344120025564e+00 1.078906601667404264e+00 1.074412103891372761e+00 1.070225214958191007e+00 1.065288603305816650e+00
1.389754738807678303e+00 1.792105783224105853e+00 2.075709149837493772e+00 2.072159349918365479e+00 1.886458739042282007e+00 1.738468362092971731e+00 1.644918123483657846e+00 1.497487783432006836e+00 1.421908097267150950e+00 1.334275599718093952e+00 1.246310362815856942e+00 1.169088401794433629e+00 1.128417457342147934e+00 1.112008229494094946e+00 1.100128790140151969e+00 1.091595292091369629e+00 1.088729687929153478e+00 1.086511703729629463e+00 1.083145585060119709e+00 1.079879903793334872e+00 1.077629512548446744e+00 1.073096083402633738e+00 1.069025529623031545e+00 1.064423133134841937e+00
1.356255971193313536e+00 1.806341035366058279e+00 2.069259264469146764e+00 2.072572435140609848e+00 1.877181571722030595e+00 1.733793426752090472e+00 1.633798284530639577e+00 1.495906121730804506e+00 1.419591065645217975e+00 1.330728000402450650e+00 1.244346890449523846e+00 1.166325280666351327e+00 1.126168041229248074e+00 1.109046912193298429e+00 1.096970357894897496e+00 1.089239990711212247e+00 1.086270159482956021e+00 1.084128055572509686e+00 1.080938829183578420e+00 1.077824612855911246e+00 1.075781544446945182e+00 1.071284282207489058e+00 1.066964125633239835e+00 1.062565674781799308e+00
1.373982733488082975e+00 1.816127184629440228e+00 2.073336985111236430e+00 2.071851061582565379e+00 1.885898457765579295e+00 1.736420764923095605e+00 1.640819500684738141e+00 1.497026463747024527e+00 1.420096852779388463e+00 1.331623240709304712e+00 1.245097895860671988e+00 1.167613872289657628e+00 1.127278951406478935e+00 1.109788213968276871e+00 1.097726120948791406e+00 1.089704216718673679e+00 1.087055869102478090e+00 1.084872313737869298e+00 1.081853774785995537e+00 1.078437012434005693e+00 1.076226277351379323e+00 1.071711297035217392e+00 1.067476783990859879e+00 1.062982333898544240e+00
1.398523538112640408e+00 1.831945139169693038e+00 2.056900328397750943e+00 2.085000529289245730e+00 1.882740988731384180e+00 1.732464321851730382e+00 1.640465101003646842e+00 1.500924620628356854e+00 1.422191795110702595e+00 1.334076769351959291e+00 1.247265373468398941e+00 1.169593442678451556e+00 1.128193224668502914e+00 1.110754505395889380e+00 1.098536641597747776e+00 1.090549345016479599e+00 1.087288279533386248e+00 1.084963613748550326e+00 1.082125614881515485e+00 1.078923610448837334e+00 1.076490112543106115e+00 1.071829385757446351e+00 1.067397850751876875e+00 1.062496958971023586e+00
1.377550697326660245e+00 1.817850910425186095e+00 2.055832413434982353e+00 2.079916884899139617e+00 1.894604047536849967e+00 1.738301215171814018e+00 1.642945591211318890e+00 1.501399027109146189e+00 1.424199316501617352e+00 1.336627227067947343e+00 1.249811780452728227e+00 1.171994671821594336e+00 1.131162215471267718e+00 1.114572838544845679e+00 1.102633316516876238e+00 1.094452998638153041e+00 1.091281502246856716e+00 1.089271448850631652e+00 1.086059265136718688e+00 1.082729049921035802e+00 1.080419367551803678e+00 1.075983362197876048e+00 1.071646552085876447e+00 1.066998462677001935e+00
1.389024221897125155e+00 1.814678107500076187e+00 2.076440901756286816e+00 2.070253338813781596e+00 1.887333950996398890e+00 1.737915735244750959e+00 1.641095584630966275e+00 1.498305162191390982e+00 1.422778152227401671e+00 1.333532413244247428e+00 1.246814874410629326e+00 1.169416912794113195e+00 1.128267289400100681e+00 1.111162295341491690e+00 1.098484487533569309e+00 1.090806157588958714e+00 1.087718882560730016e+00 1.085636404752731377e+00 1.082389092445373624e+00 1.079354827404022110e+00 1.077167285680770803e+00 1.072406629323959359e+00 1.068322662115096966e+00 1.063629034757614056e+00
1.390651912689208958e+00 1.829637452363967798e+00 2.067187964916229248e+00 2.071449664831161552e+00 1.887143995761871418e+00 1.735297294855117745e+00 1.639600176811218279e+00 1.496404508352279672e+00 1.422985614538192722e+00 1.333045921325683558e+00 1.246880242824554452e+00 1.169690833091735938e+00 1.128475837707519469e+00 1.111681030988693308e+00 1.099538052082061679e+00 1.091545034646987933e+00 1.088523048162460372e+00 1.086644433736801085e+00 1.083582813739776718e+00 1.080123350620269873e+00 1.077695122957229579e+00 1.072883658409118590e+00 1.068528332710266149e+00 1.064156888723373440e+00
1.366579692363738996e+00 1.819347100257873606e+00 2.068446058034896673e+00 2.076266806125640851e+00 1.885498787164688217e+00 1.736346787214279264e+00 1.642090184688568044e+00 1.497082381248474148e+00 1.421112743616104179e+00 1.332392512559890774e+00 1.246405479907989555e+00 1.168060307502746475e+00 1.127486348152160645e+00 1.109818462133407513e+00 1.097825846672058070e+00 1.089224336147308403e+00 1.086355525255203291e+00 1.084263710975646999e+00 1.080886417627334506e+00 1.077460378408432007e+00 1.075182950496673673e+00 1.070565209388733008e+00 1.066472523212432799e+00 1.061759651899337742e+00
1.378540892601013201e+00 1.814908068180084211e+00 2.078247632980346538e+00 2.079345765113830513e+00 1.885757259130477870e+00 1.739500485658645568e+00 1.643554286956787180e+00 1.500491286516189682e+00 1.423235572576522889e+00 1.334641252756118668e+00 1.247595976591110212e+00 1.169810267686843819e+00 1.128362101316451982e+00 1.111402941942214895e+00 1.098694529533386310e+00 1.090505698919296274e+00 1.087991385459899929e+00 1.085872021913528496e+00 1.082940999269485394e+00 1.079626991748809717e+00 1.077342358827590996e+00 1.072435814142227217e+00 1.068086600303649991e+00 1.063456941843032855e+00
1.385701955556869480e+00 1.797459826469421484e+00 2.079795368909835851e+00 2.077966265678405922e+00 1.880346312522888086e+00 1.740630284547805884e+00 1.645788273811340297e+00 1.499867362976074148e+00 1.421602373123168839e+00 1.333851382732391455e+00 1.247367734909057724e+00 1.169884035587310800e+00 1.128110374212265121e+00 1.111317167282104501e+00 1.099725238084793055e+00 1.091118602752685574e+00 1.088093572854995639e+00 1.086089472770690900e+00 1.082909597158431936e+00 1.079450237751007124e+00 1.077224717140197852e+00 1.072733896970748946e+00 1.068566608428955123e+00 1.064118602275848424e+00
1.394729075431823784e+00 1.826243082284927377e+00 2.060878460407256973e+00 2.076599416732788139e+00 1.887948865890503036e+00 1.737918764352798462e+00 1.641607259511947525e+00 1.496225266456604031e+00 1.420022250413894627e+00 1.332754265069961530e+00 1.245211591720581046e+00 1.168971312046050981e+00 1.127703616619110116e+00 1.110068703889846908e+00 1.097457920312881363e+00 1.089474527835845974e+00 1.086592397689819300e+00 1.084795061349868694e+00 1.081908411979675355e+00 1.078257551193237296e+00 1.075827661752700726e+00 1.070842963457107500e+00 1.066425921916961617e+00 1.062019876241683924e+00
1.371709960699081465e+00 1.823877565860748229e+00 2.066921824216842563e+00 2.086808016300201629e+00 1.870589562654495275e+00 1.733713680505752475e+00 1.641712207794189471e+00 1.496669201850891140e+00 1.419382770061492938e+00 1.331504708528518766e+00 1.243799077272415232e+00 1.166993980407714737e+00 1.125658785104751480e+00 1.108325545787811173e+00 1.096162666082382220e+00 1.087861537933349609e+00 1.085215903520584169e+00 1.083105796575546176e+00 1.079777758121490461e+00 1.076445355415344141e+00 1.073801015615463150e+00 1.069145585298538315e+00 1.064667642116546631e+00 1.059883371591568091e+00
1.372097563743591264e+00 1.825454233884811428e+00 2.070912911891937380e+00 2.086854318380355622e+00 1.882200428247451818e+00 1.743324267864227339e+00 1.646054036617279115e+00 1.496767940521240181e+00 1.422993577718734803e+00 1.334771817922592252e+00 1.246884040832519469e+00 1.169676129817962540e+00 1.128102637529373231e+00 1.111669695377349942e+00 1.099644887447357222e+00 1.091477566957473666e+00 1.088533023595809945e+00 1.086263532638549911e+00 1.083005445003509593e+00 1.079735326766967818e+00 1.077592766284942716e+00 1.072920068502426050e+00 1.068701065778732362e+00 1.064151940345764213e+00
1.381691447496414149e+00 1.813885663747787369e+00 2.078397307395935201e+00 2.069108277559280396e+00 1.887949031591415361e+00 1.744945502281189054e+00 1.641438149213790831e+00 1.497869765758514493e+00 1.419761748313903782e+00 1.333282654285430802e+00 1.246098552942275894e+00 1.168416696786880538e+00 1.127262207269668526e+00 1.110375196933746311e+00 1.097802870273590026e+00 1.089396610260009668e+00 1.086923682689666659e+00 1.084794396162032992e+00 1.081752226352691748e+00 1.078845335245132375e+00 1.076610609292983911e+00 1.072123523950576862e+00 1.067935839891433814e+00 1.062932612895965523e+00
1.352118544578552184e+00 1.811595129966735884e+00 2.073155312538146777e+00 2.074901348352432340e+00 1.888743940591812054e+00 1.737243125438690194e+00 1.640629651546478218e+00 1.501112536191940405e+00 1.421385637521743739e+00 1.332464095354080280e+00 1.247102420330047590e+00 1.170054817199706942e+00 1.128902118206024152e+00 1.111948596239090037e+00 1.099852045774459830e+00 1.091207578182220361e+00 1.088052849769592267e+00 1.085997461080551174e+00 1.082941092252731385e+00 1.079714556932449332e+00 1.077581337690353358e+00 1.072988257408142188e+00 1.068821251392364502e+00 1.063984292745590254e+00
1.395835870504379184e+00 1.825077888965606743e+00 2.077789503335952581e+00 2.077283917665481372e+00 1.890088399648666373e+00 1.739795154333114713e+00 1.643716660737991386e+00 1.501219910383224443e+00 1.422490272521972576e+00 1.334062256813049352e+00 1.247604069709777885e+00 1.169885092973709018e+00 1.129674944877624432e+00 1.111851565837860045e+00 1.099903092384338477e+00 1.091753356456756530e+00 1.088677901029586836e+00 1.086466470956802377e+00 1.083224490880966284e+00 1.080003620386123631e+00 1.077711626291274927e+00 1.073075808286666932e+00 1.068734145164489835e+00 1.064083719253539950e+00
1.386913889646530063e+00 1.820613306760787919e+00 2.069808073043823082e+00 2.086302366256713725e+00 1.889908705949783219e+00 1.738623871803283594e+00 1.644681197404861406e+00 1.502117115259170577e+00 1.424029482603073049e+00 1.335133438110351456e+00 1.248365044593811035e+00 1.171117258071899370e+00 1.130142410993576041e+00 1.113059835433960032e+00 1.100949832201004064e+00 1.092752320766448904e+00 1.089713571071624809e+00 1.087770110368728727e+00 1.084512203931808472e+00 1.081284421682357832e+00 1.078798509836196962e+00 1.074109910726547268e+00 1.070059318542480487e+00 1.065453712940215958e+00
1.371789835691451964e+00 1.831612564325332704e+00 2.058921257257461335e+00 2.071385345458984339e+00 1.882663267850875899e+00 1.740057121515274030e+00 1.639539474248886020e+00 1.499598342180252120e+00 1.421472269296646163e+00 1.333590737581253016e+00 1.248088803291320881e+00 1.169696164131164506e+00 1.129397263526916495e+00 1.112438006401061941e+00 1.100121693611145091e+00 1.091552294492721620e+00 1.088675631284713674e+00 1.086056492328643763e+00 1.083148448467254665e+00 1.079928382635116479e+00 1.077434986829757690e+00 1.072485740184784042e+00 1.068276202678680509e+00 1.063699768781662058e+00
1.402164977788925126e+00 1.795559843778610221e+00 2.072681246995925708e+00 2.076981490850448697e+00 1.884518756866454980e+00 1.740195300579071125e+00 1.644704922437667749e+00 1.503896688222885025e+00 1.427214252948761031e+00 1.338426315784454257e+00 1.250094485282897905e+00 1.172038112878799332e+00 1.131077930927276709e+00 1.113310451507568466e+00 1.100781254768371520e+00 1.092591611146926933e+00 1.089781748056411814e+00 1.087512190341949569e+00 1.084028869867324829e+00 1.080184363126754699e+00 1.077992335557937720e+00 1.073377914428711000e+00 1.069282424449920610e+00 1.064225060939788747e+00
1.378017666339874214e+00 1.811615176200866761e+00 2.068015795946121393e+00 2.072973146438598757e+00 1.883635020256042569e+00 1.738585203886032104e+00 1.642933368682861328e+00 1.495934705734252912e+00 1.420195698738098145e+00 1.334850232601165754e+00 1.246078695058822738e+00 1.168535770177841160e+00 1.127086945772171056e+00 1.110646612644195619e+00 1.098933458328247070e+00 1.090352159738540605e+00 1.086865419149398715e+00 1.084663084745407069e+00 1.081485375165939233e+00 1.078352221250534093e+00 1.076066493988037109e+00 1.071500868797302219e+00 1.067301151752471977e+00 1.062595139741897565e+00
1.365202093124389560e+00 1.829644398689270091e+00 2.073244003057479912e+00 2.076707129478454483e+00 1.889869527816772532e+00 1.739528354406356891e+00 1.642212688922882080e+00 1.501028701066970727e+00 1.423055571317672685e+00 1.335340864658355775e+00 1.247863081693649345e+00 1.170981873273849505e+00 1.129508025646209779e+00 1.112554695606231769e+00 1.100663828849792525e+00 1.092082388401031556e+00 1.089085408449173009e+00 1.086885516643524063e+00 1.083771318197250366e+00 1.080398299694061315e+00 1.078101567029952967e+00 1.073446514606475777e+00 1.069199825525283920e+00 1.064447946548461976e+00
1.378123177289962698e+00 1.826061317920684823e+00 2.081296644210815394e+00 2.083640729188918961e+00 1.890422235727310163e+00 1.743056952953338623e+00 1.646125515699386588e+00 1.500866211652755799e+00 1.425633893013000586e+00 1.336561834812164395e+00 1.250009551048278711e+00 1.172491092681884783e+00 1.131781005859374911e+00 1.114225422143936051e+00 1.102105998992919833e+00 1.093703752756118863e+00 1.090709050893783560e+00 1.088402445316314804e+00 1.085625246763229468e+00 1.082098566293716368e+00 1.079827338457107544e+00 1.075171319246292168e+00 1.070956922769546571e+00 1.065948582887649598e+00
1.392413444519043031e+00 1.831491427421569895e+00 2.081872851848602490e+00 2.076171317100524938e+00 1.886403024196624756e+00 1.745279406309127701e+00 1.640586825609207100e+00 1.502607240676879785e+00 1.424194958209991535e+00 1.335981037616729816e+00 1.249278937578201187e+00 1.171918927431106594e+00 1.130521717071533150e+00 1.113312782049179051e+00 1.101268563270568768e+00 1.092895907163619951e+00 1.090006496906280598e+00 1.088071273565292429e+00 1.084992095232009790e+00 1.081797164678573564e+00 1.079442975521087700e+00 1.074895130395889353e+00 1.070695310831069946e+00 1.065788674354553267e+00
1.387971463203430122e+00 1.832223235368728664e+00 2.074862610101699811e+00 2.073875868320464999e+00 1.888999238014221094e+00 1.738872120380401620e+00 1.644719498157501292e+00 1.500899327993392873e+00 1.422348533868789566e+00 1.333699125051498457e+00 1.247091811895370439e+00 1.168673264980316207e+00 1.128035733699798593e+00 1.110561687946319598e+00 1.098518861532211233e+00 1.090321985483169609e+00 1.087561018466949525e+00 1.085563170909881636e+00 1.082367959022521919e+00 1.079076071977615348e+00 1.076899164915084750e+00 1.072593148946762165e+00 1.068215235471725366e+00 1.063352028131484994e+00
1.378868902921676742e+00 1.824147691726684561e+00 2.063785774707794118e+00 2.079479962587356567e+00 1.879597957134246933e+00 1.741635955572128358e+00 1.644002041816711390e+00 1.497944173812866264e+00 1.421744489669799716e+00 1.335648566484451294e+00 1.247969537973403931e+00 1.170686229467391870e+00 1.130100076198577774e+00 1.113137346506118730e+00 1.101107773780822807e+00 1.092780357599258512e+00 1.089649727344512931e+00 1.087775480747222856e+00 1.084643114805221575e+00 1.081382204294204730e+00 1.079079973697662398e+00 1.074297382831573389e+00 1.069991872310638525e+00 1.065245056152343661e+00
1.379243832826614335e+00 1.816793655157089127e+00 2.063329532146453982e+00 2.084717665910720719e+00 1.888388712406158465e+00 1.744170120954513514e+00 1.647767039537429756e+00 1.498352230787277195e+00 1.422044985294341979e+00 1.334725265502929581e+00 1.246625454425811741e+00 1.168284950256347710e+00 1.128024067878723224e+00 1.110763462781906075e+00 1.098588981628418004e+00 1.090422554016113210e+00 1.088058781623840288e+00 1.086385724544525200e+00 1.083213522434234521e+00 1.080154907703399614e+00 1.077924937009811401e+00 1.073341892957687449e+00 1.069179463386535689e+00 1.064504098892211870e+00
1.383306682109832764e+00 1.832986642122268695e+00 2.081750310659408409e+00 2.075653231143951505e+00 1.886729271411895725e+00 1.737501463890075648e+00 1.642470078468322825e+00 1.500515757799148586e+00 1.422391436100006068e+00 1.333546959161758361e+00 1.247782469987869236e+00 1.169982541799545306e+00 1.129584230184555116e+00 1.113014973402023378e+00 1.100624163150787371e+00 1.092528449296951365e+00 1.089938852787017742e+00 1.087686364650726212e+00 1.084740266799926856e+00 1.081253852844238361e+00 1.079046915769577009e+00 1.074374871253967356e+00 1.070279788970947221e+00 1.065645416975021353e+00
1.400783275365829361e+00 1.821766129732131922e+00 2.058399349451065063e+00 2.080238296985626345e+00 1.887895216941833487e+00 1.739763287305831962e+00 1.645758616924285933e+00 1.499217259883880660e+00 1.423127334117889387e+00 1.336927735805511386e+00 1.249018543958663852e+00 1.171796327829361051e+00 1.130890303850173861e+00 1.113239241838455129e+00 1.101168557405471704e+00 1.093008487224578884e+00 1.090373812913894680e+00 1.088297027349472090e+00 1.085116572380065980e+00 1.081931644678115756e+00 1.079791318178176862e+00 1.075036339759826598e+00 1.070822986364364571e+00 1.065940232276916477e+00
1.381521232128143373e+00 1.834636614322662451e+00 2.075814921855926531e+00 2.080372403860092145e+00 1.876507475376129053e+00 1.738935536146164029e+00 1.643673472404479918e+00 1.497835175991058421e+00 1.422813684940338108e+00 1.334800847768783605e+00 1.246630113124847394e+00 1.169377824068069449e+00 1.129227266311645606e+00 1.112075115442276108e+00 1.099716932773590061e+00 1.091376067399978611e+00 1.088332378864288241e+00 1.086381254196167045e+00 1.083407319784164491e+00 1.080230467319488463e+00 1.077908848524093521e+00 1.072989599704742503e+00 1.068810200691223233e+00 1.064107993841171274e+00
1.381703060865402177e+00 1.819306124448776263e+00 2.067992072105407697e+00 2.083934864997863734e+00 1.874881215095520082e+00 1.738190189599990942e+00 1.642150878906250000e+00 1.499000713825225928e+00 1.422546255588531539e+00 1.333825168609619194e+00 1.247372537851333618e+00 1.169326599836349567e+00 1.128776297569275000e+00 1.112009441852569669e+00 1.100179527997970474e+00 1.091570305824279830e+00 1.088739076852798471e+00 1.087130562067031958e+00 1.083988231420516923e+00 1.080776562690734854e+00 1.078740316629409834e+00 1.074020190238952566e+00 1.069681096076965376e+00 1.065361959934234548e+00
1.371989754438400322e+00 1.819392474889755196e+00 2.063061202764511215e+00 2.075961441993713574e+00 1.884915016889572081e+00 1.740109292268753105e+00 1.638419142961502040e+00 1.498235818147659382e+00 1.422602050304412780e+00 1.334482805728912425e+00 1.247055740356445286e+00 1.170215219259262085e+00 1.129400120973587107e+00 1.112325112819671613e+00 1.100536320209503094e+00 1.092204425334930340e+00 1.088943666219711393e+00 1.086992591619491577e+00 1.083800581693649345e+00 1.080330764055251969e+00 1.078456466197967423e+00 1.073885927200317392e+00 1.069478805065155136e+00 1.064379534721374476e+00
1.398347563743591371e+00 1.811765419244766306e+00 2.054373575448989797e+00 2.072961412668228309e+00 1.884942752122878984e+00 1.736966189146041950e+00 1.640051161050796402e+00 1.496122471094131434e+00 1.419152616262435940e+00 1.331601328849792543e+00 1.243659856319427437e+00 1.167201440334320051e+00 1.124840952157974305e+00 1.108341772556304949e+00 1.096297366619110036e+00 1.088539285659789968e+00 1.085690108537674003e+00 1.083216780424117953e+00 1.080046403408050582e+00 1.077077658176422092e+00 1.074830805063247574e+00 1.070160067081451505e+00 1.065824190378189096e+00 1.061772130727767882e+00
1.397910761833190962e+00 1.798083631992340115e+00 2.067835047245025759e+00 2.077820159196853478e+00 1.887947938442230189e+00 1.741621918678283754e+00 1.640288195610046351e+00 1.498987666368484462e+00 1.420530424118042090e+00 1.331467550992965654e+00 1.244823883771896345e+00 1.167955445051193308e+00 1.126693129539489746e+00 1.110376842021942201e+00 1.097717477083206106e+00 1.089530819654464633e+00 1.086578423976898300e+00 1.084418727159500051e+00 1.081208548545837367e+00 1.077874089479446518e+00 1.075746225118637156e+00 1.071166443824768111e+00 1.067166819572448633e+00 1.062989107370376551e+00
1.383571734428405753e+00 1.800194064378738412e+00 2.074204573631286408e+00 2.086801329851150300e+00 1.886837898492813137e+00 1.738674541711807242e+00 1.643022011518478376e+00 1.496726692914962742e+00 1.421895756721496484e+00 1.333746273517608660e+00 1.246063387393951505e+00 1.167250901460647583e+00 1.126787511110305839e+00 1.110097676515579224e+00 1.098253535032272410e+00 1.089743562936782872e+00 1.087292655706405542e+00 1.085119436979293805e+00 1.081948196887970060e+00 1.078649140596389833e+00 1.076572782993316713e+00 1.071788126230239779e+00 1.067406882047653216e+00 1.062764880657196098e+00
1.397088066339492896e+00 1.821879590749740707e+00 2.066670083999633700e+00 2.076153653860091985e+00 1.885673130750656235e+00 1.740339666604995728e+00 1.641315790414810127e+00 1.499262986183166557e+00 1.421103497743606559e+00 1.334045305252075098e+00 1.245693231821060287e+00 1.168821126222610474e+00 1.127799172401428240e+00 1.110932364463806055e+00 1.098965032100677419e+00 1.090206947326660236e+00 1.087660924196243384e+00 1.085387867689132646e+00 1.082107234001159712e+00 1.078978564739227375e+00 1.076693347692489588e+00 1.072129900455474960e+00 1.067822446823120108e+00 1.062987943887710562e+00
1.384214664697647201e+00 1.835764209032058725e+00 2.072341032028198082e+00 2.078434942960738940e+00 1.890759880542755234e+00 1.743428803682327333e+00 1.645019031763076844e+00 1.499854071140289236e+00 1.423345195055008006e+00 1.334378013610839853e+00 1.247855709791183543e+00 1.169990823268890479e+00 1.129402793645858827e+00 1.112034022808074951e+00 1.100170218944549472e+00 1.091751356124877947e+00 1.088733897209167578e+00 1.086455426216125453e+00 1.083449994325637711e+00 1.080319712162017831e+00 1.078152511119842449e+00 1.073586478233337305e+00 1.069488210678100515e+00 1.065183943510055631e+00
1.375260990858077959e+00 1.807415938377380460e+00 2.070368888378143257e+00 2.084814857244491559e+00 1.891988700628280728e+00 1.740629763603210423e+00 1.643728342056274494e+00 1.501601722240448078e+00 1.423949072360992441e+00 1.335045065879821857e+00 1.248246110677719178e+00 1.170643551349639822e+00 1.129772908687591615e+00 1.112548336982727148e+00 1.101070215702056876e+00 1.093033450841903731e+00 1.089864679574966466e+00 1.087522972822189349e+00 1.084576666355133057e+00 1.081409176588058463e+00 1.079304075241088956e+00 1.074673372507095381e+00 1.070187121629714966e+00 1.065256232023239047e+00
1.375871150493621853e+00 1.818932917118072590e+00 2.066616032123565816e+00 2.072720140218734741e+00 1.880045883655548034e+00 1.737533435821533301e+00 1.640877532958984419e+00 1.495501570701599059e+00 1.417774292230606026e+00 1.328962271213531388e+00 1.243821934461593726e+00 1.166269031763076836e+00 1.126657134294509977e+00 1.109163039922714145e+00 1.096963063478469946e+00 1.088772445917129517e+00 1.085820678472518841e+00 1.083638366460800251e+00 1.080329238176345852e+00 1.077129466533660818e+00 1.074817738533019984e+00 1.070269867181777856e+00 1.066260802745819136e+00 1.062092782258987400e+00
1.391244252920150748e+00 1.821579492092132657e+00 2.062939082384109390e+00 2.084634568691253520e+00 1.876786941289901645e+00 1.746109054088592627e+00 1.640104651451110840e+00 1.495807746648788461e+00 1.421778048276901352e+00 1.334856518507003820e+00 1.247694990634918177e+00 1.170350658893585249e+00 1.129798735380172836e+00 1.113031096458435121e+00 1.100358848571777237e+00 1.092488063573837209e+00 1.089735460281372026e+00 1.087699689865112340e+00 1.084815331697464025e+00 1.081667096614837620e+00 1.079477678537368757e+00 1.074775930643081745e+00 1.070542820692062413e+00 1.065809987783431945e+00
1.382274487018585241e+00 1.824353429079055733e+00 2.072598747014999354e+00 2.072541980743408008e+00 1.883846026659011796e+00 1.734155552387237620e+00 1.642882071733474669e+00 1.499554147720336905e+00 1.419492261409759593e+00 1.331576123237609766e+00 1.246231883764266968e+00 1.167517111301422217e+00 1.126846767663955751e+00 1.108943582773208592e+00 1.097453857660293686e+00 1.088978838920593217e+00 1.086247222423553538e+00 1.083761521577835119e+00 1.080626577138900757e+00 1.077444593906402570e+00 1.075647583007812491e+00 1.070881757736205975e+00 1.066456943750381470e+00 1.061670086383819545e+00
1.378092403411865341e+00 1.827694457769393876e+00 2.078846725225448555e+00 2.090669136047363263e+00 1.886689296960830653e+00 1.738374710083007812e+00 1.640959260463714653e+00 1.493822516202926609e+00 1.418939830064773533e+00 1.332097326517104996e+00 1.244542993307113710e+00 1.167292922735214233e+00 1.127158708572387757e+00 1.109293611049652073e+00 1.097270177602768015e+00 1.088291572332382273e+00 1.085805138349533072e+00 1.084125335216522323e+00 1.081119263172149569e+00 1.078060827255248988e+00 1.075617263317108163e+00 1.070990455150604204e+00 1.066721155643463037e+00 1.061842136383056578e+00
1.374193012714385986e+00 1.834885872602462831e+00 2.070006446838378977e+00 2.067662254571914549e+00 1.879330433607101503e+00 1.741184362173080480e+00 1.645081485509872543e+00 1.498418359756469753e+00 1.420621447563171325e+00 1.332023627758026185e+00 1.244991997480392465e+00 1.167998050451278580e+00 1.126876876354217627e+00 1.109457553625106785e+00 1.097528624534606978e+00 1.089584406614303669e+00 1.086157928705215436e+00 1.084536941051483128e+00 1.081560001373291113e+00 1.078660496473312413e+00 1.076387089490890459e+00 1.071663666963577288e+00 1.067739979028701880e+00 1.063383921384811304e+00
1.394587213993072616e+00 1.833748364448547274e+00 2.069896197319030851e+00 2.077705510854721105e+00 1.886613756418228149e+00 1.740195125341415405e+00 1.648479574918746859e+00 1.498368430137634322e+00 1.423594934940338064e+00 1.336143145561218271e+00 1.247801811695098850e+00 1.171472253799438423e+00 1.130488759279251187e+00 1.113190460205078169e+00 1.101457096338272157e+00 1.093303433656692469e+00 1.090037301778793433e+00 1.088137459754943803e+00 1.084962570667266757e+00 1.081740283966064364e+00 1.079502156972885096e+00 1.074989467859268188e+00 1.070817768573760986e+00 1.066110463142394993e+00
1.364770969152450553e+00 1.823658251762390048e+00 2.069723453521728374e+00 2.079291011095047104e+00 1.881887328624725297e+00 1.738460466861724951e+00 1.645615223646163860e+00 1.501677277088165230e+00 1.424402440786361801e+00 1.335558503866195679e+00 1.247964516878128149e+00 1.169992277622222909e+00 1.129540661573410043e+00 1.112202929258346629e+00 1.099636328220367387e+00 1.091476045846939025e+00 1.088394479751586985e+00 1.086386537551879972e+00 1.083623681068420330e+00 1.080307223796844518e+00 1.078092631101608356e+00 1.073369160890579321e+00 1.069323481321334812e+00 1.065090519189834550e+00
1.397679123878478924e+00 1.822754662036895734e+00 2.070367650985717844e+00 2.077937661409377856e+00 1.881294174194335866e+00 1.741201816797256496e+00 1.643936198949813798e+00 1.496197683811187673e+00 1.421069180965423673e+00 1.334271273612976039e+00 1.247355165481567330e+00 1.169343417882919400e+00 1.129020472764968863e+00 1.111349432468414333e+00 1.099109004735946638e+00 1.091019728183746373e+00 1.088211264610290607e+00 1.086083588600158745e+00 1.082661013603210431e+00 1.079594397544860751e+00 1.077391660213470548e+00 1.072967709302902195e+00 1.068970293998718235e+00 1.064526417255401647e+00
1.395505704879760778e+00 1.814302256107330313e+00 2.075628442764282156e+00 2.076716034412383838e+00 1.881771090030670113e+00 1.739766887426376307e+00 1.643905453681945739e+00 1.497292401790618843e+00 1.422035068273544312e+00 1.334472289085388175e+00 1.247992120981216368e+00 1.170293970108032156e+00 1.129434099197387686e+00 1.112191119194030797e+00 1.099428043365478613e+00 1.091325305700302062e+00 1.088582534790039080e+00 1.086389631032943726e+00 1.083563235998153740e+00 1.080445946455001804e+00 1.078314330577850422e+00 1.073500140905380151e+00 1.069445132017135647e+00 1.064571089744567933e+00
1.384376085996627870e+00 1.805369533300399842e+00 2.060789725780487025e+00 2.079072127342223908e+00 1.876291284561157235e+00 1.738389377593994034e+00 1.643185682296752992e+00 1.495251191854476858e+00 1.419952516555786026e+00 1.332876412868499783e+00 1.246467583179473815e+00 1.168439211845397896e+00 1.127587872743606612e+00 1.110835250616073688e+00 1.098760408163070634e+00 1.090258712768554794e+00 1.087555156946182322e+00 1.085558642148971575e+00 1.082351580858230689e+00 1.079000492095947283e+00 1.076803416013717651e+00 1.072072178125381470e+00 1.067884835004806465e+00 1.063103580474853427e+00
1.382706668376922687e+00 1.817914600372314560e+00 2.071701515913009661e+00 2.078605819940567034e+00 1.884012143611907941e+00 1.739225362539291275e+00 1.641711968183517500e+00 1.499973026514053398e+00 1.424630129337310702e+00 1.334131580591201738e+00 1.247039653062820497e+00 1.169585553407669121e+00 1.128743094205856279e+00 1.112148474454879743e+00 1.099910393953323462e+00 1.091547709703445390e+00 1.088773000240325972e+00 1.086941041946411168e+00 1.083745901584625138e+00 1.080596501827240097e+00 1.078767143487930236e+00 1.074173724651336759e+00 1.070150049924850411e+00 1.065902048349380404e+00
1.374452373981475795e+00 1.820271892547607351e+00 2.082466586828231936e+00 2.076838005781173724e+00 1.874813992977142352e+00 1.742259593009948704e+00 1.644202799797058079e+00 1.498962334394454921e+00 1.420705811977386546e+00 1.332278002500534075e+00 1.244116727113723675e+00 1.166939617395400974e+00 1.126312927007675269e+00 1.109122056961059588e+00 1.097009315490722559e+00 1.088889749050140354e+00 1.085559091567993129e+00 1.083737283945083618e+00 1.080342564582824627e+00 1.077348864078521817e+00 1.075124064683914193e+00 1.070567042827606175e+00 1.066169005632400468e+00 1.061601356267929175e+00
1.394257256984710702e+00 1.823836869001388639e+00 2.076856188774109047e+00 2.076881130933761810e+00 1.883239693641662660e+00 1.741476124525070279e+00 1.641909092664718628e+00 1.498726210594177211e+00 1.421103589534759459e+00 1.333633763790130544e+00 1.245877826213836581e+00 1.167824600934982193e+00 1.127186928987502945e+00 1.110759587287902805e+00 1.098399848937988255e+00 1.090357834100723178e+00 1.087104268074035707e+00 1.084976385831832868e+00 1.081950038671493530e+00 1.078815652132034231e+00 1.076292375326156625e+00 1.071786837577819895e+00 1.067639728784561148e+00 1.063162885904312072e+00
1.390393574237823504e+00 1.835888731479644820e+00 2.083630807399749596e+00 2.069715086221695088e+00 1.891424289941787684e+00 1.740444298982620319e+00 1.645381015539169267e+00 1.497362172603607267e+00 1.417757942676544092e+00 1.333173948526382491e+00 1.246519155502319398e+00 1.168830085992813128e+00 1.128687556982040485e+00 1.111611791849136388e+00 1.099999140501022321e+00 1.092078714370727566e+00 1.089059078693389804e+00 1.086815390586852947e+00 1.084053260087966875e+00 1.080780303478241056e+00 1.078786767721176210e+00 1.074195594787597630e+00 1.069988505840301585e+00 1.065088007450103680e+00
1.373432515859603908e+00 1.792938691377639726e+00 2.066013742685318011e+00 2.067251763343811000e+00 1.870119016170501691e+00 1.731085234880447299e+00 1.635037306547164837e+00 1.490720081329345748e+00 1.415311809778213581e+00 1.327615947723388645e+00 1.241379326581955045e+00 1.162972880601882864e+00 1.123102113008499048e+00 1.106153258085250890e+00 1.094081280231475883e+00 1.085947244167327908e+00 1.083586697578430069e+00 1.081256411075592005e+00 1.078809635639190745e+00 1.076719694137573180e+00 1.075445522069931048e+00 1.071722646951675406e+00 1.068052314519882140e+00 1.063628829717636171e+00
1.391871942281722951e+00 1.826850492954254168e+00 2.059285377264022721e+00 2.065836199522018468e+00 1.878923324346542412e+00 1.735493882894515894e+00 1.639685007333755440e+00 1.494035620689392108e+00 1.420417131185531590e+00 1.333537412881851125e+00 1.246733970642089906e+00 1.169243352413177561e+00 1.128142884969711268e+00 1.111003468036651620e+00 1.099382958412170375e+00 1.090596768856048504e+00 1.087345364093780464e+00 1.084669562578201241e+00 1.082290791273117003e+00 1.079725047349929801e+00 1.078229622840881419e+00 1.073752815723419296e+00 1.069946740865707291e+00 1.065457829236984288e+00
1.366092847585678172e+00 1.825433593988418535e+00 2.076018761396408063e+00 2.074697484970092987e+00 1.883472825288772690e+00 1.737149817943572927e+00 1.639791669845581001e+00 1.498267986774444616e+00 1.423167887926101605e+00 1.335449165105819791e+00 1.247361012697219884e+00 1.169778646230697605e+00 1.128751277923583984e+00 1.111945230960845965e+00 1.100589861869812003e+00 1.092117695808410671e+00 1.089455544948577881e+00 1.087666957378387478e+00 1.084885078668594405e+00 1.081259264945983789e+00 1.078583124876022259e+00 1.073907566070556596e+00 1.069440381526947093e+00 1.064242365360259956e+00
1.382650982141494733e+00 1.809339872598648036e+00 2.067913159132003909e+00 2.066516997814178414e+00 1.876785030364990225e+00 1.731006613969802821e+00 1.636858135461807251e+00 1.492653739452362016e+00 1.417182985544204632e+00 1.330196261405944824e+00 1.243005660772323662e+00 1.166570494174957284e+00 1.126100213527679417e+00 1.109045473337173515e+00 1.097133200168609601e+00 1.088814189434051505e+00 1.085978373289108179e+00 1.083852347135543903e+00 1.080679563283920341e+00 1.077351992130279434e+00 1.074818116426467851e+00 1.069924263954162624e+00 1.065526771545410201e+00 1.061108893156051725e+00
1.373997564315796005e+00 1.808928574323654281e+00 2.056784884929657053e+00 2.064478346109390294e+00 1.873773320913314722e+00 1.729142644405365026e+00 1.633223801851272583e+00 1.489604614973068175e+00 1.413248410224914542e+00 1.325936155319213938e+00 1.239474877119064233e+00 1.162380098104476955e+00 1.121749513149261412e+00 1.104716057777404892e+00 1.092649168968200746e+00 1.084343761205673218e+00 1.081384384632110507e+00 1.079287400245666495e+00 1.076064065694809058e+00 1.072791411876678369e+00 1.070581206083297765e+00 1.065886856317520115e+00 1.061502339839935249e+00 1.056763406991958698e+00
1.379429308176040703e+00 1.821891202926635644e+00 2.054384120702743566e+00 2.063983206748962296e+00 1.882351201772689775e+00 1.732595530748367363e+00 1.640640648603439278e+00 1.494334107637405484e+00 1.417723846435546831e+00 1.330863929986953798e+00 1.244608978033065805e+00 1.167370185852050879e+00 1.126515374183654883e+00 1.109592030048370370e+00 1.097712774276733416e+00 1.089639569520950424e+00 1.086513350009918222e+00 1.084526469707489005e+00 1.081593744754791198e+00 1.078491454124450577e+00 1.076590057611465534e+00 1.072664901018142602e+00 1.069053699970245352e+00 1.064361941814422563e+00
1.372687512636184604e+00 1.815856587886810258e+00 2.069489203691482704e+00 2.078293960094451887e+00 1.886888731718063372e+00 1.737477620840072623e+00 1.641916062831878742e+00 1.500701900720596393e+00 1.421367647647857613e+00 1.334257301092147907e+00 1.247492625713348291e+00 1.171379283666610815e+00 1.130963411331176838e+00 1.113642557859420679e+00 1.101799753904342705e+00 1.093199818134307888e+00 1.090477706193923924e+00 1.087986422777175832e+00 1.085510730743408203e+00 1.082324527502059874e+00 1.080351781845092729e+00 1.075768377780914387e+00 1.070813668966293264e+00 1.064754703044891393e+00
1.383787885904312231e+00 1.834371885061264029e+00 2.065916728973388850e+00 2.087650182247161812e+00 1.883902970552444378e+00 1.745764322280883851e+00 1.645330972671508851e+00 1.498810856342315700e+00 1.423725996017455975e+00 1.335429583787917984e+00 1.249274891614913896e+00 1.170933555364608747e+00 1.130303909778594962e+00 1.113766638040542656e+00 1.101276891231536936e+00 1.092107573747634897e+00 1.089812308549880981e+00 1.088220891952514702e+00 1.084918445348739713e+00 1.081690595149993994e+00 1.079585695266723544e+00 1.074842849969863900e+00 1.070500594377517656e+00 1.065864213705062902e+00
1.386487275362014771e+00 1.817202442884445102e+00 2.073875037431716972e+00 2.065627071857452535e+00 1.882678804397583061e+00 1.735122220516204905e+00 1.643234137296676556e+00 1.497573295831680307e+00 1.421760365962982275e+00 1.331960123777389482e+00 1.246851972341537440e+00 1.169391744136810241e+00 1.127999929189682060e+00 1.110822203159332222e+00 1.098524786233902040e+00 1.090869164466857999e+00 1.088060179948806772e+00 1.085900567770004210e+00 1.082564984560012711e+00 1.079609704017639116e+00 1.077539849281311080e+00 1.073420087099075326e+00 1.069007071256637520e+00 1.064283381700515729e+00
1.380855367183685400e+00 1.815542758703231785e+00 2.061627578735351740e+00 2.070589882135391413e+00 1.884173690080642727e+00 1.736974191665649370e+00 1.642023005485534703e+00 1.496507111787795941e+00 1.421712014675140301e+00 1.333342067003250087e+00 1.245717450380325220e+00 1.168102016448974600e+00 1.127680339813232457e+00 1.110839576721191380e+00 1.098851855993270954e+00 1.090227984189987120e+00 1.086957856416702173e+00 1.084792836904525659e+00 1.081793892383575484e+00 1.078640475273132227e+00 1.076520220041275122e+00 1.072062234878540021e+00 1.067847648859024057e+00 1.063127309083938599e+00
1.383385456800460878e+00 1.825769653320312491e+00 2.070798450708389193e+00 2.071315432786941635e+00 1.884915801286697334e+00 1.740904824733734202e+00 1.643541114330291819e+00 1.499227687120437524e+00 1.422662259340286228e+00 1.333269140720367396e+00 1.246152291297912607e+00 1.168730365037918162e+00 1.127521682977676409e+00 1.110169434547424228e+00 1.097855322360992369e+00 1.089856423139572206e+00 1.087213964462280247e+00 1.085558898448944154e+00 1.082152850627899232e+00 1.078375086784362891e+00 1.075773334503173917e+00 1.071347457170486406e+00 1.067677255868911823e+00 1.063417382240295472e+00
1.385707298517227182e+00 1.822742419242858958e+00 2.031819478273391599e+00 2.058206928968429494e+00 1.889318838119506738e+00 1.729833755493163983e+00 1.642835655212402379e+00 1.495424065589904705e+00 1.417957810163497978e+00 1.331522686481475759e+00 1.244757890701293945e+00 1.165915231704711896e+00 1.125023310184478653e+00 1.107099795341491610e+00 1.094498839378357014e+00 1.087480866909027011e+00 1.084708441495895404e+00 1.083237034082412675e+00 1.080294317007064908e+00 1.077237436771392831e+00 1.075445815324783227e+00 1.072049651145934979e+00 1.069099009037017822e+00 1.064512805938720774e+00
1.384225862026214671e+00 1.828259867429733232e+00 2.078719034194946413e+00 2.083207209110260028e+00 1.882666211128234846e+00 1.739943045377731368e+00 1.646916687488555908e+00 1.500554498434066852e+00 1.421845861673355138e+00 1.335514701604843202e+00 1.250129057168960500e+00 1.172027325630188077e+00 1.131002314090728822e+00 1.113786479234695426e+00 1.101816529035568148e+00 1.093579618930816677e+00 1.090491350889206013e+00 1.088619083166122437e+00 1.085635783672332710e+00 1.082458951473236120e+00 1.079855716228485196e+00 1.074726372957229614e+00 1.069549692869186330e+00 1.064940358400344955e+00
1.379019366502761912e+00 1.807029734849929792e+00 2.062096706628799403e+00 2.077312581539154213e+00 1.880804047584533789e+00 1.732921836376190239e+00 1.636203545331955000e+00 1.492405474185943604e+00 1.417664303779601953e+00 1.328812446594238361e+00 1.243271398544311568e+00 1.165616098642349163e+00 1.125037276744842440e+00 1.109260632991790674e+00 1.097259182929992694e+00 1.088500206470489395e+00 1.085281956195831343e+00 1.083358957767486475e+00 1.080432418584823528e+00 1.077552505731582677e+00 1.075161372423171890e+00 1.070809217691421455e+00 1.066795006990432837e+00 1.062697701454162535e+00
1.360628303289413532e+00 1.822982742786407373e+00 2.073276296854019041e+00 2.074198700189590294e+00 1.879176737070083592e+00 1.735570850372314400e+00 1.638032540082931421e+00 1.496134426593780598e+00 1.419511392116546533e+00 1.331730229854583669e+00 1.244184417724609304e+00 1.167148942947387802e+00 1.127171026468277049e+00 1.110181547403335633e+00 1.098312158584594744e+00 1.089935103654861459e+00 1.087424352169036768e+00 1.085111844539642378e+00 1.082023272514343271e+00 1.078827316761016952e+00 1.076857057809829765e+00 1.072569018602371305e+00 1.068431446552276620e+00 1.063724259138107309e+00
1.356658539772033656e+00 1.836592164039611896e+00 2.067672579288482471e+00 2.080598858594894462e+00 1.884759474992752093e+00 1.735950412750244087e+00 1.642770694494247508e+00 1.499026980400085529e+00 1.421926032304763776e+00 1.332259958982467740e+00 1.246625593900680506e+00 1.169984881877899063e+00 1.128693652153015092e+00 1.111110383272170932e+00 1.099022732973098826e+00 1.090818628072738550e+00 1.087753958702087465e+00 1.085377690792083794e+00 1.082363929748535236e+00 1.078898617029190099e+00 1.076379799842834384e+00 1.071538153886794964e+00 1.067125961780548193e+00 1.063191164731979388e+00
1.396645578145980782e+00 1.800040515661239571e+00 2.053130934238433625e+00 2.081527965068817210e+00 1.882952971458434988e+00 1.740815798044204721e+00 1.641397023200988681e+00 1.500418037176132202e+00 1.420615520477295002e+00 1.333847485780715880e+00 1.246805773973465037e+00 1.170051428079605049e+00 1.128458739519119236e+00 1.111465405225753766e+00 1.099448511600494394e+00 1.090398428440094047e+00 1.087651897668838519e+00 1.084742972850799569e+00 1.081231362819671693e+00 1.077579048871994072e+00 1.074650076627731377e+00 1.069171361923217711e+00 1.064773544073104761e+00 1.060925664901733345e+00
1.379607722759246924e+00 1.825720344781875504e+00 2.059295747280120992e+00 2.076249442100524867e+00 1.883664777278900138e+00 1.740576734542846671e+00 1.643046897649764970e+00 1.500253670215606627e+00 1.421114090681075970e+00 1.335041399002075302e+00 1.248852074146270752e+00 1.170879322290420577e+00 1.130256671905517596e+00 1.113207497596740758e+00 1.101236224174499512e+00 1.092805479764938248e+00 1.089507312774658176e+00 1.087541463375091499e+00 1.084286296367645175e+00 1.081011580228805613e+00 1.078488881587982284e+00 1.073501192331314025e+00 1.068803069591522270e+00 1.064263378381729019e+00
1.386689096689224243e+00 1.820425275564193646e+00 2.056836454868316455e+00 2.083350385427475082e+00 1.884881473779678407e+00 1.729275466203689549e+00 1.642165901660919136e+00 1.495939688682556223e+00 1.421152349710464557e+00 1.332256376743316650e+00 1.246176377534866431e+00 1.168376088142395020e+00 1.127403856515884373e+00 1.110369080305099398e+00 1.098095329999923653e+00 1.090355066061019951e+00 1.087207001447677568e+00 1.084866989850997943e+00 1.081553573608398544e+00 1.078385651111602783e+00 1.076013441085815536e+00 1.071452493667602646e+00 1.067178245782852253e+00 1.062601794004440325e+00
1.374895678758621287e+00 1.818523148298263559e+00 2.064252122640609866e+00 2.071775414943695104e+00 1.879324690103530981e+00 1.734527602195739648e+00 1.640073012113571149e+00 1.494657497406005842e+00 1.419539844989776700e+00 1.331171703338623002e+00 1.244833369255065936e+00 1.167802166938781694e+00 1.126423660516738812e+00 1.109430118799209497e+00 1.097365416288375917e+00 1.088819298744201580e+00 1.085746651887893766e+00 1.083438138961791974e+00 1.080234007835388255e+00 1.077040293216705358e+00 1.074962394237518382e+00 1.070575128793716413e+00 1.066650887727737418e+00 1.062117208242416400e+00
