5.065690612792968750e+01 1.183515777587890625e+02 2.403543472290039062e+01 1.167369461059570312e+02 6.689463043212890625e+01 9.438381958007812500e+01 8.613809967041015625e+01 5.842345046997070312e+01 5.329446792602539062e+01 5.246447753906250000e+01 3.885474777221679688e+01 3.344521713256835938e+01 2.143957901000976562e+01 1.475339508056640625e+01 9.798914909362792969e+00 4.951903820037841797e+00 3.629455566406250000e+00 3.155773162841796875e+00 1.970208764076232910e+00 1.399847149848937988e+00 1.168987035751342773e+00 7.959480881690979004e-01 4.885520339012145996e-01 3.193595707416534424e-01
4.686318969726562500e+01 1.203400802612304688e+02 3.057367515563964844e+01 1.236694488525390625e+02 6.388309097290039062e+01 9.867984008789062500e+01 8.676344299316406250e+01 5.642026138305664062e+01 5.684024810791015625e+01 5.292522048950195312e+01 3.881661605834960938e+01 3.368920516967773438e+01 2.137241363525390625e+01 1.485634040832519531e+01 9.736901283264160156e+00 5.033364295959472656e+00 3.633981466293334961e+00 3.200090885162353516e+00 1.870743274688720703e+00 1.442612767219543457e+00 1.146120905876159668e+00 7.645303010940551758e-01 4.985967874526977539e-01 3.409554958343505859e-01
5.031987762451171875e+01 1.227607650756835938e+02 2.949979782104492188e+01 1.184219741821289062e+02 6.674564361572265625e+01 9.459616851806640625e+01 8.593026733398437500e+01 5.724284362792968750e+01 5.411746215820312500e+01 5.356612396240234375e+01 3.938695144653320312e+01 3.344162368774414062e+01 2.177809906005859375e+01 1.485844802856445312e+01 9.789385795593261719e+00 5.074090003967285156e+00 3.649055004119873047e+00 3.155418395996093750e+00 1.866346597671508789e+00 1.434456229209899902e+00 1.147280097007751465e+00 7.779377698898315430e-01 5.018443465232849121e-01 3.339511454105377197e-01
3.936685943603515625e+01 1.228623275756835938e+02 1.997550201416015625e+01 1.182761230468750000e+02 6.710271453857421875e+01 9.774760437011718750e+01 8.667442321777343750e+01 5.586754989624023438e+01 5.347529220581054688e+01 5.354312896728515625e+01 3.844382476806640625e+01 3.350205993652343750e+01 2.151775550842285156e+01 1.461512279510498047e+01 9.739113807678222656e+00 5.000698089599609375e+00 3.521026134490966797e+00 3.115833282470703125e+00 1.853797316551208496e+00 1.447139739990234375e+00 1.202697634696960449e+00 7.796037793159484863e-01 4.910313785076141357e-01 3.211339414119720459e-01
7.975042724609375000e+01 1.268916854858398438e+02 2.846892356872558594e+01 1.230875396728515625e+02 6.752772521972656250e+01 9.898633575439453125e+01 8.713699340820312500e+01 5.736190032958984375e+01 5.509624099731445312e+01 5.344351196289062500e+01 3.826524353027343750e+01 3.453275299072265625e+01 2.135024642944335938e+01 1.493641281127929688e+01 9.878130912780761719e+00 5.071404933929443359e+00 3.629330158233642578e+00 3.143576622009277344e+00 1.880827069282531738e+00 1.429748892784118652e+00 1.196624159812927246e+00 7.807232737541198730e-01 4.943245351314544678e-01 3.502172529697418213e-01
5.320780181884765625e+01 1.148606033325195312e+02 3.021417427062988281e+01 1.145735015869140625e+02 6.579505157470703125e+01 9.504325103759765625e+01 8.723129272460937500e+01 5.864265823364257812e+01 5.374934387207031250e+01 5.198328399658203125e+01 3.897833633422851562e+01 3.368736648559570312e+01 2.155661582946777344e+01 1.504519653320312500e+01 9.534543037414550781e+00 4.920780181884765625e+00 3.537321567535400391e+00 3.229413986206054688e+00 1.885309219360351562e+00 1.411670327186584473e+00 1.163058876991271973e+00 7.718775868415832520e-01 4.677770137786865234e-01 2.942939996719360352e-01
6.373810577392578125e+01 1.119596405029296875e+02 3.172421836853027344e+01 1.152299041748046875e+02 6.856576538085937500e+01 9.654647064208984375e+01 8.561429595947265625e+01 5.533697128295898438e+01 5.260025024414062500e+01 5.249132537841796875e+01 3.900341796875000000e+01 3.368494415283203125e+01 2.102499008178710938e+01 1.452852249145507812e+01 9.651098251342773438e+00 4.993303775787353516e+00 3.657862901687622070e+00 3.212558984756469727e+00 1.952780485153198242e+00 1.467350482940673828e+00 1.206286311149597168e+00 8.223046660423278809e-01 4.750806987285614014e-01 3.231524527072906494e-01
4.910984420776367188e+01 1.268978958129882812e+02 3.376788330078125000e+01 1.190882797241210938e+02 6.861481475830078125e+01 9.544391632080078125e+01 8.628786468505859375e+01 5.789662933349609375e+01 5.472906494140625000e+01 5.282176208496093750e+01 3.787052154541015625e+01 3.381959152221679688e+01 2.154457473754882812e+01 1.484471321105957031e+01 9.980991363525390625e+00 5.015847206115722656e+00 3.557268142700195312e+00 3.207438468933105469e+00 1.843638420104980469e+00 1.404393792152404785e+00 1.192191600799560547e+00 7.640460133552551270e-01 4.792988896369934082e-01 3.067388236522674561e-01
5.707264709472656250e+01 1.187310256958007812e+02 2.983228302001953125e+01 1.160979614257812500e+02 6.316551971435546875e+01 9.615888977050781250e+01 8.496102142333984375e+01 5.797565078735351562e+01 5.432472991943359375e+01 5.353466033935546875e+01 3.944610595703125000e+01 3.345298385620117188e+01 2.151619720458984375e+01 1.416911315917968750e+01 9.561952590942382812e+00 5.043496608734130859e+00 3.545789718627929688e+00 3.321744918823242188e+00 1.915658473968505859e+00 1.437518119812011719e+00 1.207992076873779297e+00 7.928881645202636719e-01 4.901845157146453857e-01 3.251326978206634521e-01
3.806960296630859375e+01 1.237480392456054688e+02 2.612190055847167969e+01 1.180565338134765625e+02 6.568407440185546875e+01 9.702556610107421875e+01 8.574223327636718750e+01 5.730241394042968750e+01 5.450221633911132812e+01 5.276318740844726562e+01 3.843175888061523438e+01 3.338740158081054688e+01 2.149145126342773438e+01 1.484757423400878906e+01 9.842328071594238281e+00 4.858757019042968750e+00 3.531180381774902344e+00 3.162294149398803711e+00 1.874398469924926758e+00 1.433858990669250488e+00 1.176648020744323730e+00 7.919006347656250000e-01 5.099574327468872070e-01 3.454986810684204102e-01
6.037054824829101562e+01 1.234217910766601562e+02 2.917868804931640625e+01 1.159014892578125000e+02 6.374881744384765625e+01 9.653652954101562500e+01 8.745393371582031250e+01 5.613430786132812500e+01 5.394596862792968750e+01 5.261771392822265625e+01 3.845882797241210938e+01 3.377900695800781250e+01 2.138944435119628906e+01 1.503902816772460938e+01 9.890791893005371094e+00 5.049796104431152344e+00 3.557286977767944336e+00 3.237023353576660156e+00 1.816969037055969238e+00 1.395025014877319336e+00 1.159658789634704590e+00 7.971872687339782715e-01 5.234848856925964355e-01 3.381642997264862061e-01
5.536199569702148438e+01 1.198939285278320312e+02 3.180104827880859375e+01 1.124729995727539062e+02 6.631778717041015625e+01 9.940073394775390625e+01 8.655118560791015625e+01 5.642007064819335938e+01 5.373478317260742188e+01 5.281969833374023438e+01 3.911381530761718750e+01 3.427012634277343750e+01 2.189150238037109375e+01 1.481840133666992188e+01 9.815093994140625000e+00 5.216970920562744141e+00 3.732884645462036133e+00 3.054285526275634766e+00 1.881471753120422363e+00 1.438711404800415039e+00 1.159859895706176758e+00 7.789505720138549805e-01 4.847287535667419434e-01 3.282417058944702148e-01
5.929632568359375000e+01 1.206974029541015625e+02 2.916380310058593750e+01 1.169289703369140625e+02 6.793327331542968750e+01 9.688859558105468750e+01 8.463940429687500000e+01 5.745135498046875000e+01 5.502175903320312500e+01 5.355275726318359375e+01 3.895266723632812500e+01 3.362171554565429688e+01 2.157659912109375000e+01 1.485115337371826172e+01 9.779050827026367188e+00 5.047813415527343750e+00 3.534770965576171875e+00 3.177022695541381836e+00 1.896856904029846191e+00 1.434437870979309082e+00 1.174281239509582520e+00 7.693951725959777832e-01 5.083781480789184570e-01 3.275344371795654297e-01
5.242358779907226562e+01 1.058213806152343750e+02 2.819020271301269531e+01 1.144367599487304688e+02 6.666944885253906250e+01 1.012745666503906250e+02 8.559841156005859375e+01 5.674959182739257812e+01 5.320190811157226562e+01 5.341978454589843750e+01 3.883369064331054688e+01 3.379004287719726562e+01 2.162467956542968750e+01 1.454793453216552734e+01 9.783101081848144531e+00 4.970309734344482422e+00 3.580363273620605469e+00 3.119361162185668945e+00 1.874818086624145508e+00 1.390240311622619629e+00 1.188289284706115723e+00 8.021381497383117676e-01 5.101434588432312012e-01 3.240433931350708008e-01
5.589179992675781250e+01 1.218297576904296875e+02 2.693165016174316406e+01 1.162989196777343750e+02 6.521374511718750000e+01 9.717936706542968750e+01 8.683792114257812500e+01 5.533543777465820312e+01 5.299312591552734375e+01 5.253390502929687500e+01 3.869061660766601562e+01 3.362643051147460938e+01 2.111992645263671875e+01 1.465294647216796875e+01 9.775389671325683594e+00 5.211143970489501953e+00 3.614272117614746094e+00 3.123470783233642578e+00 1.846906781196594238e+00 1.399439930915832520e+00 1.128586411476135254e+00 8.019175529479980469e-01 5.263563394546508789e-01 3.229341208934783936e-01
4.536530685424804688e+01 1.256204147338867188e+02 2.720325851440429688e+01 1.127564926147460938e+02 6.980445098876953125e+01 9.562033843994140625e+01 8.755123901367187500e+01 5.716118240356445312e+01 5.437754821777343750e+01 5.267972564697265625e+01 3.799863815307617188e+01 3.395380783081054688e+01 2.207144165039062500e+01 1.465325832366943359e+01 9.944264411926269531e+00 5.071493148803710938e+00 3.597389459609985352e+00 3.098676443099975586e+00 1.792289018630981445e+00 1.388380408287048340e+00 1.197402954101562500e+00 8.114285469055175781e-01 5.441838502883911133e-01 3.276647925376892090e-01
5.379332351684570312e+01 1.153657608032226562e+02 3.436053466796875000e+01 1.164412231445312500e+02 7.117359924316406250e+01 9.417984008789062500e+01 8.747870635986328125e+01 5.950193405151367188e+01 5.440668869018554688e+01 5.337432479858398438e+01 3.879721450805664062e+01 3.344636917114257812e+01 2.146510887145996094e+01 1.502556800842285156e+01 9.947177886962890625e+00 5.175329685211181641e+00 3.651089429855346680e+00 3.109751701354980469e+00 1.849260568618774414e+00 1.408996224403381348e+00 1.187607884407043457e+00 7.685472369194030762e-01 5.144823789596557617e-01 3.181785643100738525e-01
5.089611434936523438e+01 1.254303665161132812e+02 3.039882278442382812e+01 1.209775848388671875e+02 6.295610046386718750e+01 9.712793731689453125e+01 8.754258728027343750e+01 5.593738555908203125e+01 5.397339248657226562e+01 5.339487075805664062e+01 3.828971862792968750e+01 3.346136474609375000e+01 2.164249801635742188e+01 1.504894924163818359e+01 9.709934234619140625e+00 4.917295455932617188e+00 3.465800523757934570e+00 3.148632049560546875e+00 1.832609534263610840e+00 1.414496779441833496e+00 1.197969913482666016e+00 7.809429764747619629e-01 5.225094556808471680e-01 3.368551433086395264e-01
5.757766342163085938e+01 1.280538635253906250e+02 3.004503059387207031e+01 1.243964843750000000e+02 7.235363006591796875e+01 9.439459228515625000e+01 8.431139373779296875e+01 5.774324035644531250e+01 5.454542160034179688e+01 5.260610580444335938e+01 3.802488327026367188e+01 3.391041564941406250e+01 2.154657745361328125e+01 1.460811996459960938e+01 9.725583076477050781e+00 4.879427433013916016e+00 3.660493612289428711e+00 3.127720832824707031e+00 1.877254366874694824e+00 1.480697154998779297e+00 1.193314194679260254e+00 8.224494457244873047e-01 5.068053007125854492e-01 3.172596693038940430e-01
5.996926498413085938e+01 1.247985610961914062e+02 2.855247306823730469e+01 1.177684097290039062e+02 6.535764312744140625e+01 9.733977508544921875e+01 8.714616394042968750e+01 5.835907745361328125e+01 5.474726104736328125e+01 5.178708267211914062e+01 3.861674499511718750e+01 3.338461685180664062e+01 2.138077545166015625e+01 1.499815845489501953e+01 9.830009460449218750e+00 4.965203285217285156e+00 3.434862136840820312e+00 3.165720224380493164e+00 1.823304533958435059e+00 1.411396145820617676e+00 1.132948279380798340e+00 8.033489584922790527e-01 5.201671719551086426e-01 3.302998244762420654e-01
5.577777481079101562e+01 1.252159194946289062e+02 2.342862892150878906e+01 1.157270660400390625e+02 6.734606170654296875e+01 9.605102539062500000e+01 8.665079498291015625e+01 5.601766204833984375e+01 5.514997482299804688e+01 5.212285614013671875e+01 3.872483062744140625e+01 3.399570846557617188e+01 2.136100387573242188e+01 1.496365451812744141e+01 9.786058425903320312e+00 4.933708667755126953e+00 3.541464805603027344e+00 3.177434206008911133e+00 1.906140208244323730e+00 1.375049591064453125e+00 1.204407930374145508e+00 7.945484519004821777e-01 4.998427629470825195e-01 3.299239575862884521e-01
7.365806579589843750e+01 1.211411132812500000e+02 2.843612480163574219e+01 1.080283966064453125e+02 6.533493804931640625e+01 9.684234619140625000e+01 8.765832519531250000e+01 5.546278762817382812e+01 5.455899429321289062e+01 5.314871215820312500e+01 3.794181060791015625e+01 3.366419601440429688e+01 2.091489410400390625e+01 1.479244995117187500e+01 9.748233795166015625e+00 5.099107742309570312e+00 3.577000379562377930e+00 3.139907360076904297e+00 1.887577533721923828e+00 1.389025568962097168e+00 1.190163254737854004e+00 7.907212376594543457e-01 5.203735232353210449e-01 3.401758968830108643e-01
5.487685394287109375e+01 1.136370620727539062e+02 2.018714904785156250e+01 1.174023284912109375e+02 6.920352935791015625e+01 9.675682067871093750e+01 8.406153106689453125e+01 5.542010879516601562e+01 5.487902832031250000e+01 5.224510955810546875e+01 3.775790786743164062e+01 3.334532928466796875e+01 2.176029968261718750e+01 1.484567832946777344e+01 9.825187683105468750e+00 5.017785549163818359e+00 3.463966369628906250e+00 3.116618633270263672e+00 1.785084009170532227e+00 1.407878279685974121e+00 1.189149498939514160e+00 7.754362821578979492e-01 4.847687482833862305e-01 3.316942155361175537e-01
4.614711761474609375e+01 1.257001571655273438e+02 2.757816886901855469e+01 1.072213058471679688e+02 6.597618103027343750e+01 9.381638336181640625e+01 8.660674285888671875e+01 5.862813568115234375e+01 5.391585922241210938e+01 5.245507431030273438e+01 3.935719680786132812e+01 3.321957397460937500e+01 2.168408966064453125e+01 1.491447448730468750e+01 9.907275199890136719e+00 5.000988483428955078e+00 3.612259149551391602e+00 3.222848415374755859e+00 1.849756360054016113e+00 1.390693664550781250e+00 1.184662818908691406e+00 7.895388603210449219e-01 4.929677248001098633e-01 3.133046627044677734e-01
5.589736557006835938e+01 1.312132568359375000e+02 2.865049934387207031e+01 1.136576232910156250e+02 6.746644592285156250e+01 9.632929992675781250e+01 8.563123321533203125e+01 5.843345260620117188e+01 5.376414489746093750e+01 5.268888092041015625e+01 3.962176132202148438e+01 3.333303451538085938e+01 2.161025619506835938e+01 1.441076278686523438e+01 9.813328742980957031e+00 5.068547725677490234e+00 3.661898612976074219e+00 3.063535213470458984e+00 1.805963397026062012e+00 1.384754657745361328e+00 1.160003662109375000e+00 8.138893842697143555e-01 5.353057384490966797e-01 3.461908102035522461e-01
5.577777481079101562e+01 1.179851379394531250e+02 3.116786193847656250e+01 1.188389129638671875e+02 6.768267059326171875e+01 9.316044616699218750e+01 8.599999237060546875e+01 5.613740539550781250e+01 5.334968948364257812e+01 5.258667755126953125e+01 3.901734924316406250e+01 3.442311477661132812e+01 2.181805992126464844e+01 1.490446949005126953e+01 9.916016578674316406e+00 5.021218299865722656e+00 3.567125558853149414e+00 3.113649845123291016e+00 1.841764569282531738e+00 1.413450717926025391e+00 1.192245841026306152e+00 7.776033878326416016e-01 4.831098318099975586e-01 3.243300318717956543e-01
4.826291656494140625e+01 1.207641525268554688e+02 2.990996551513671875e+01 1.185212936401367188e+02 6.411750030517578125e+01 9.670619201660156250e+01 8.582020568847656250e+01 5.741079711914062500e+01 5.493909454345703125e+01 5.229944992065429688e+01 3.805622482299804688e+01 3.300501251220703125e+01 2.173961448669433594e+01 1.453972721099853516e+01 9.776628494262695312e+00 5.054536342620849609e+00 3.696513175964355469e+00 3.150640010833740234e+00 1.901240110397338867e+00 1.428150653839111328e+00 1.234840989112854004e+00 8.022316694259643555e-01 5.131410360336303711e-01 3.384266793727874756e-01
5.577777481079101562e+01 1.258003616333007812e+02 2.669564819335937500e+01 1.160599822998046875e+02 6.875378417968750000e+01 9.514524078369140625e+01 8.602845764160156250e+01 5.780208206176757812e+01 5.325613784790039062e+01 5.225594329833984375e+01 3.843982315063476562e+01 3.350416946411132812e+01 2.173703956604003906e+01 1.497912597656250000e+01 9.706686019897460938e+00 4.975026607513427734e+00 3.669229030609130859e+00 3.200308561325073242e+00 1.907405734062194824e+00 1.393727421760559082e+00 1.151319861412048340e+00 7.821092605590820312e-01 4.894897341728210449e-01 3.213290870189666748e-01
4.572663879394531250e+01 1.211966629028320312e+02 2.681719779968261719e+01 1.129759292602539062e+02 6.325500106811523438e+01 9.555989837646484375e+01 8.705465698242187500e+01 5.546376037597656250e+01 5.330938720703125000e+01 5.264155578613281250e+01 3.870294570922851562e+01 3.429012680053710938e+01 2.171791267395019531e+01 1.495173168182373047e+01 9.671960830688476562e+00 5.283993721008300781e+00 3.565723896026611328e+00 3.161799430847167969e+00 1.910226941108703613e+00 1.383347272872924805e+00 1.166116833686828613e+00 7.996450066566467285e-01 5.338025093078613281e-01 3.543541431427001953e-01
6.915639495849609375e+01 1.331489105224609375e+02 2.556205368041992188e+01 1.148511428833007812e+02 6.565149688720703125e+01 9.198397064208984375e+01 8.619921875000000000e+01 5.347729873657226562e+01 5.385674667358398438e+01 5.304575347900390625e+01 3.915851974487304688e+01 3.372822570800781250e+01 2.153891181945800781e+01 1.460057735443115234e+01 9.881462097167968750e+00 4.914245128631591797e+00 3.606465101242065430e+00 3.128955841064453125e+00 1.877686858177185059e+00 1.423612713813781738e+00 1.214133977890014648e+00 7.852841615676879883e-01 4.980791509151458740e-01 3.146672248840332031e-01
5.736287689208984375e+01 1.303502807617187500e+02 3.199019050598144531e+01 1.206012573242187500e+02 6.549532318115234375e+01 9.729662322998046875e+01 8.451933288574218750e+01 5.634096145629882812e+01 5.499989318847656250e+01 5.278845214843750000e+01 3.901372146606445312e+01 3.388088226318359375e+01 2.144816780090332031e+01 1.480411148071289062e+01 9.616456031799316406e+00 4.887883186340332031e+00 3.580133914947509766e+00 3.032069444656372070e+00 1.867530226707458496e+00 1.488079309463500977e+00 1.213120102882385254e+00 7.550123333930969238e-01 4.793377518653869629e-01 3.493328988552093506e-01
7.223860931396484375e+01 1.298961334228515625e+02 3.184841156005859375e+01 1.133349838256835938e+02 6.767005157470703125e+01 9.785230255126953125e+01 8.604170989990234375e+01 5.496627044677734375e+01 5.503567504882812500e+01 5.268958282470703125e+01 3.803539657592773438e+01 3.379231643676757812e+01 2.110708999633789062e+01 1.443022632598876953e+01 9.781309127807617188e+00 4.934469223022460938e+00 3.518689870834350586e+00 3.093029975891113281e+00 1.786235451698303223e+00 1.356807470321655273e+00 1.162908554077148438e+00 7.763323187828063965e-01 4.914079308509826660e-01 3.024395406246185303e-01
4.988688278198242188e+01 1.185875473022460938e+02 3.097566413879394531e+01 1.199100799560546875e+02 6.544725799560546875e+01 9.805503082275390625e+01 8.668283081054687500e+01 5.612409973144531250e+01 5.431674957275390625e+01 5.282711029052734375e+01 3.883936691284179688e+01 3.396489715576171875e+01 2.119175910949707031e+01 1.546234989166259766e+01 9.615785598754882812e+00 4.792506217956542969e+00 3.510827302932739258e+00 3.083253145217895508e+00 1.865268826484680176e+00 1.386145591735839844e+00 1.180579185485839844e+00 8.010146617889404297e-01 5.034703612327575684e-01 3.180744349956512451e-01
5.577777481079101562e+01 1.125673370361328125e+02 2.662630653381347656e+01 1.225584030151367188e+02 6.724286651611328125e+01 9.965364837646484375e+01 8.744020080566406250e+01 5.729735946655273438e+01 5.328822708129882812e+01 5.246173477172851562e+01 3.871796417236328125e+01 3.334119415283203125e+01 2.170148277282714844e+01 1.499316215515136719e+01 9.711877822875976562e+00 5.142181873321533203e+00 3.541800022125244141e+00 3.135459899902343750e+00 1.940248012542724609e+00 1.405227422714233398e+00 1.212011098861694336e+00 8.140633106231689453e-01 4.857842624187469482e-01 3.414102792739868164e-01
5.587049865722656250e+01 1.131469802856445312e+02 2.697904586791992188e+01 1.213363876342773438e+02 6.466839599609375000e+01 9.722219848632812500e+01 8.815042877197265625e+01 5.585095214843750000e+01 5.423507690429687500e+01 5.161872863769531250e+01 3.870664215087890625e+01 3.451039505004882812e+01 2.148994827270507812e+01 1.481033039093017578e+01 9.760444641113281250e+00 4.985959529876708984e+00 3.476532220840454102e+00 3.130511760711669922e+00 1.879582285881042480e+00 1.410680294036865234e+00 1.199490427970886230e+00 8.366599678993225098e-01 5.190503597259521484e-01 3.431687951087951660e-01
6.432062530517578125e+01 1.217374343872070312e+02 3.915142059326171875e+01 1.187259140014648438e+02 6.317391586303710938e+01 9.952047729492187500e+01 8.735532379150390625e+01 5.618754959106445312e+01 5.562482070922851562e+01 5.316367721557617188e+01 3.853522109985351562e+01 3.349299240112304688e+01 2.113299560546875000e+01 1.481778717041015625e+01 9.814953804016113281e+00 4.949417591094970703e+00 3.565885782241821289e+00 3.164706230163574219e+00 1.906407952308654785e+00 1.397194623947143555e+00 1.196595668792724609e+00 7.898688912391662598e-01 4.994858205318450928e-01 3.285565972328186035e-01
5.168678283691406250e+01 1.264641265869140625e+02 2.686634635925292969e+01 1.161338195800781250e+02 6.615872955322265625e+01 9.770595550537109375e+01 8.616336059570312500e+01 5.758391189575195312e+01 5.383355712890625000e+01 5.216678237915039062e+01 3.928014373779296875e+01 3.393995666503906250e+01 2.165777778625488281e+01 1.475019645690917969e+01 9.920578002929687500e+00 4.812181949615478516e+00 3.544310808181762695e+00 3.221320152282714844e+00 1.874746441841125488e+00 1.410836458206176758e+00 1.219075679779052734e+00 8.097833991050720215e-01 4.854883551597595215e-01 3.254036903381347656e-01
4.653416061401367188e+01 1.250516586303710938e+02 2.313258934020996094e+01 1.164896545410156250e+02 6.610660552978515625e+01 9.537513732910156250e+01 8.663378906250000000e+01 5.604841995239257812e+01 5.358803558349609375e+01 5.280151367187500000e+01 3.865682220458984375e+01 3.360121536254882812e+01 2.162022590637207031e+01 1.466106891632080078e+01 9.710416793823242188e+00 5.060732364654541016e+00 3.598333358764648438e+00 3.069633483886718750e+00 1.830367684364318848e+00 1.395364522933959961e+00 1.182904124259948730e+00 8.110607862472534180e-01 4.951989948749542236e-01 3.353909552097320557e-01
5.408925628662109375e+01 1.214860076904296875e+02 2.809933853149414062e+01 1.192237091064453125e+02 6.801908874511718750e+01 9.279540252685546875e+01 8.701062011718750000e+01 5.590037155151367188e+01 5.368394851684570312e+01 5.202835083007812500e+01 3.906074142456054688e+01 3.384959030151367188e+01 2.154967117309570312e+01 1.488522529602050781e+01 9.624733924865722656e+00 5.007411479949951172e+00 3.550781011581420898e+00 3.091729402542114258e+00 1.884378075599670410e+00 1.404369115829467773e+00 1.200175285339355469e+00 7.846316099166870117e-01 4.945895075798034668e-01 3.356052935123443604e-01
5.012171936035156250e+01 1.140503082275390625e+02 2.898321342468261719e+01 1.154744262695312500e+02 6.367224884033203125e+01 9.397772216796875000e+01 8.595711517333984375e+01 5.939210128784179688e+01 5.240526199340820312e+01 5.141196441650390625e+01 3.882573318481445312e+01 3.334289932250976562e+01 2.145643997192382812e+01 1.487186622619628906e+01 1.004062080383300781e+01 4.835123538970947266e+00 3.369626283645629883e+00 3.243368148803710938e+00 1.807865023612976074e+00 1.390824198722839355e+00 1.162571907043457031e+00 7.458238601684570312e-01 5.042943954467773438e-01 2.906269431114196777e-01
6.318365859985351562e+01 1.224610290527343750e+02 2.226244735717773438e+01 1.126364135742187500e+02 6.728292846679687500e+01 9.703202056884765625e+01 8.660232543945312500e+01 5.722912597656250000e+01 5.382509231567382812e+01 5.282756042480468750e+01 3.854401016235351562e+01 3.318090438842773438e+01 2.100434875488281250e+01 1.475531578063964844e+01 9.656739234924316406e+00 4.921178340911865234e+00 3.637152671813964844e+00 3.100077152252197266e+00 1.930922508239746094e+00 1.411214947700500488e+00 1.147713184356689453e+00 8.048071265220642090e-01 5.073724389076232910e-01 3.106923997402191162e-01
7.166852569580078125e+01 1.222813720703125000e+02 3.050240325927734375e+01 1.110860061645507812e+02 6.535846710205078125e+01 9.884016418457031250e+01 8.728656768798828125e+01 5.603584671020507812e+01 5.395061874389648438e+01 5.266885757446289062e+01 3.852758407592773438e+01 3.423420715332031250e+01 2.172425460815429688e+01 1.491784763336181641e+01 1.001585483551025391e+01 4.967093944549560547e+00 3.656113624572753906e+00 3.099772930145263672e+00 1.843160152435302734e+00 1.419510483741760254e+00 1.212006807327270508e+00 7.866345643997192383e-01 5.227051377296447754e-01 3.252926170825958252e-01
7.765323638916015625e+01 1.254577789306640625e+02 3.353511047363281250e+01 1.171090240478515625e+02 6.670972442626953125e+01 9.878262329101562500e+01 8.620921325683593750e+01 5.736107254028320312e+01 5.406502151489257812e+01 5.275719833374023438e+01 3.852285766601562500e+01 3.377386093139648438e+01 2.157889556884765625e+01 1.459820270538330078e+01 9.652685165405273438e+00 5.034833431243896484e+00 3.638524532318115234e+00 3.161829710006713867e+00 1.873458027839660645e+00 1.405214786529541016e+00 1.187268257141113281e+00 8.027481436729431152e-01 5.177230834960937500e-01 3.513791263103485107e-01
5.449096679687500000e+01 1.267877731323242188e+02 3.293911361694335938e+01 1.153009643554687500e+02 6.567375946044921875e+01 9.346272277832031250e+01 8.809151458740234375e+01 5.655002593994140625e+01 5.427550506591796875e+01 5.326874542236328125e+01 3.885499954223632812e+01 3.387294769287109375e+01 2.170743370056152344e+01 1.472508049011230469e+01 9.672491073608398438e+00 4.839081764221191406e+00 3.726261377334594727e+00 3.200058937072753906e+00 1.866515278816223145e+00 1.369391798973083496e+00 1.193608641624450684e+00 8.095729351043701172e-01 4.750185310840606689e-01 3.299242854118347168e-01
4.970409011840820312e+01 1.219056854248046875e+02 2.637573051452636719e+01 1.164079437255859375e+02 6.239904785156250000e+01 9.747058868408203125e+01 8.663367462158203125e+01 5.541637802124023438e+01 5.527891540527343750e+01 5.322536468505859375e+01 3.898340225219726562e+01 3.354645919799804688e+01 2.124375724792480469e+01 1.458934307098388672e+01 9.536836624145507812e+00 5.189486026763916016e+00 3.659506320953369141e+00 3.072323322296142578e+00 1.888230800628662109e+00 1.431150436401367188e+00 1.185630321502685547e+00 7.819312214851379395e-01 4.832769036293029785e-01 3.353666663169860840e-01
6.521899414062500000e+01 1.296102752685546875e+02 2.835896492004394531e+01 1.136935043334960938e+02 6.669860839843750000e+01 9.562376403808593750e+01 8.712895965576171875e+01 5.713490676879882812e+01 5.310343551635742188e+01 5.278536224365234375e+01 3.865961456298828125e+01 3.360541152954101562e+01 2.167060279846191406e+01 1.484579086303710938e+01 9.733419418334960938e+00 4.945996284484863281e+00 3.616538286209106445e+00 3.213246822357177734e+00 1.887245297431945801e+00 1.418800115585327148e+00 1.199687361717224121e+00 7.825044393539428711e-01 4.943335354328155518e-01 3.072161674499511719e-01
5.115491867065429688e+01 1.204004974365234375e+02 3.053280830383300781e+01 1.198147888183593750e+02 6.697397613525390625e+01 9.451422119140625000e+01 8.885585784912109375e+01 5.580972290039062500e+01 5.439345932006835938e+01 5.140568542480468750e+01 3.850179672241210938e+01 3.371509552001953125e+01 2.135313415527343750e+01 1.508599662780761719e+01 9.658028602600097656e+00 5.104498863220214844e+00 3.411076784133911133e+00 3.152702093124389648e+00 1.884271979331970215e+00 1.399906754493713379e+00 1.202566623687744141e+00 7.873524427413940430e-01 4.897984862327575684e-01 3.333761394023895264e-01
5.184527587890625000e+01 1.186031799316406250e+02 2.746438407897949219e+01 1.178989486694335938e+02 6.529499053955078125e+01 9.617196655273437500e+01 8.658043670654296875e+01 5.626360321044921875e+01 5.321186828613281250e+01 5.266175079345703125e+01 3.862099838256835938e+01 3.361883163452148438e+01 2.176692581176757812e+01 1.460983657836914062e+01 9.915679931640625000e+00 4.945847511291503906e+00 3.717716455459594727e+00 3.228163480758666992e+00 1.937217950820922852e+00 1.413417696952819824e+00 1.200993776321411133e+00 8.079389929771423340e-01 5.032098293304443359e-01 3.362522423267364502e-01
5.786655044555664062e+01 1.218895034790039062e+02 2.833882331848144531e+01 1.178679733276367188e+02 6.587319946289062500e+01 9.503698730468750000e+01 8.626850128173828125e+01 5.665572738647460938e+01 5.245432281494140625e+01 5.252639389038085938e+01 3.857326507568359375e+01 3.352930831909179688e+01 2.138571739196777344e+01 1.485531139373779297e+01 9.843079566955566406e+00 5.002202510833740234e+00 3.611478328704833984e+00 3.219157218933105469e+00 1.882941007614135742e+00 1.402626037597656250e+00 1.180447101593017578e+00 8.174563050270080566e-01 5.093442201614379883e-01 3.225500583648681641e-01
5.267781829833984375e+01 1.207267608642578125e+02 2.210795211791992188e+01 1.200057144165039062e+02 6.503224182128906250e+01 9.738254547119140625e+01 8.740506744384765625e+01 5.625557327270507812e+01 5.323643493652343750e+01 5.293354034423828125e+01 3.796004486083984375e+01 3.335819244384765625e+01 2.137787246704101562e+01 1.463538837432861328e+01 9.801684379577636719e+00 4.913919448852539062e+00 3.661093950271606445e+00 3.198628425598144531e+00 1.857894301414489746e+00 1.486400842666625977e+00 1.213984131813049316e+00 7.987628579139709473e-01 5.274603366851806641e-01 3.506917953491210938e-01
6.300831222534179688e+01 1.214878387451171875e+02 3.157256317138671875e+01 1.243093643188476562e+02 6.769335937500000000e+01 9.767688751220703125e+01 8.740818023681640625e+01 5.781681823730468750e+01 5.468548965454101562e+01 5.318679046630859375e+01 3.775848770141601562e+01 3.333558654785156250e+01 2.158461570739746094e+01 1.492360973358154297e+01 9.781610488891601562e+00 4.991487503051757812e+00 3.566216707229614258e+00 3.029975414276123047e+00 1.923061490058898926e+00 1.392776489257812500e+00 1.140427708625793457e+00 7.597587704658508301e-01 4.966594576835632324e-01 2.961732149124145508e-01
5.662858200073242188e+01 1.369570007324218750e+02 2.666382598876953125e+01 1.138519515991210938e+02 6.692910766601562500e+01 9.799771118164062500e+01 8.780583953857421875e+01 5.830763626098632812e+01 5.504728317260742188e+01 5.156224060058593750e+01 3.720615386962890625e+01 3.449655532836914062e+01 2.159607887268066406e+01 1.496083450317382812e+01 9.717423439025878906e+00 5.097718238830566406e+00 3.617105007171630859e+00 3.153760433197021484e+00 1.863055706024169922e+00 1.390570044517517090e+00 1.143498301506042480e+00 7.907459139823913574e-01 5.233373045921325684e-01 3.429315388202667236e-01
4.929240798950195312e+01 1.267897338867187500e+02 2.906915664672851562e+01 1.143984680175781250e+02 6.724890899658203125e+01 9.201702117919921875e+01 8.623351287841796875e+01 5.781431198120117188e+01 5.444640731811523438e+01 5.343334579467773438e+01 3.838868331909179688e+01 3.404485321044921875e+01 2.145087814331054688e+01 1.457523155212402344e+01 9.636169433593750000e+00 4.900938987731933594e+00 3.546914815902709961e+00 3.160521745681762695e+00 1.851315736770629883e+00 1.449615120887756348e+00 1.128116011619567871e+00 7.674062848091125488e-01 4.924215078353881836e-01 3.132664561271667480e-01
5.906710433959960938e+01 1.262489242553710938e+02 3.284637832641601562e+01 1.162814331054687500e+02 7.136642456054687500e+01 9.518717193603515625e+01 8.529260253906250000e+01 5.603442382812500000e+01 5.421463775634765625e+01 5.390265655517578125e+01 3.833243560791015625e+01 3.287397384643554688e+01 2.102060890197753906e+01 1.483030509948730469e+01 9.872191429138183594e+00 5.018662929534912109e+00 3.434721469879150391e+00 3.044543266296386719e+00 1.866199970245361328e+00 1.357901692390441895e+00 1.141404151916503906e+00 7.870683670043945312e-01 5.122312903404235840e-01 3.390610814094543457e-01
6.103270339965820312e+01 1.211653900146484375e+02 3.016732597351074219e+01 1.211569900512695312e+02 6.701463317871093750e+01 9.727162170410156250e+01 8.573935699462890625e+01 5.730032348632812500e+01 5.288666534423828125e+01 5.304951858520507812e+01 3.904343032836914062e+01 3.358322525024414062e+01 2.161912918090820312e+01 1.515787982940673828e+01 9.732395172119140625e+00 4.943136215209960938e+00 3.532200336456298828e+00 3.184811115264892578e+00 1.883530616760253906e+00 1.419861197471618652e+00 1.171747088432312012e+00 7.868531942367553711e-01 4.954163134098052979e-01 3.342462480068206787e-01
4.927815628051757812e+01 1.215233306884765625e+02 3.096213340759277344e+01 1.182307815551757812e+02 6.739177703857421875e+01 9.555356597900390625e+01 8.745588684082031250e+01 5.756668472290039062e+01 5.413454437255859375e+01 5.263660430908203125e+01 3.848934555053710938e+01 3.362084579467773438e+01 2.163924789428710938e+01 1.484376621246337891e+01 9.642028808593750000e+00 4.891214847564697266e+00 3.608933448791503906e+00 3.131117820739746094e+00 1.877311110496520996e+00 1.444524645805358887e+00 1.206053018569946289e+00 7.785056829452514648e-01 5.087524056434631348e-01 3.252493441104888916e-01
5.577777481079101562e+01 1.231066360473632812e+02 3.063008117675781250e+01 1.174337081909179688e+02 6.873516845703125000e+01 9.485706329345703125e+01 8.626416015625000000e+01 5.580877304077148438e+01 5.425132751464843750e+01 5.310273742675781250e+01 3.845241165161132812e+01 3.351644515991210938e+01 2.145877075195312500e+01 1.487613964080810547e+01 9.872250556945800781e+00 5.038061141967773438e+00 3.508094549179077148e+00 3.092000484466552734e+00 1.857343673706054688e+00 1.428267836570739746e+00 1.192517161369323730e+00 7.993444204330444336e-01 4.919940829277038574e-01 3.079758286476135254e-01
5.419579315185546875e+01 1.213694152832031250e+02 2.239318275451660156e+01 1.150665664672851562e+02 6.549102020263671875e+01 9.401453399658203125e+01 8.633443450927734375e+01 5.590937805175781250e+01 5.470670318603515625e+01 5.256081008911132812e+01 3.828860855102539062e+01 3.355500411987304688e+01 2.134926605224609375e+01 1.470083141326904297e+01 9.720414161682128906e+00 5.062629222869873047e+00 3.524878501892089844e+00 3.172093152999877930e+00 1.817844867706298828e+00 1.443746447563171387e+00 1.192579746246337891e+00 7.923829555511474609e-01 4.978082478046417236e-01 3.474223315715789795e-01
6.621389770507812500e+01 1.233928604125976562e+02 2.071120643615722656e+01 1.209110870361328125e+02 6.588621520996093750e+01 9.678464508056640625e+01 8.614721679687500000e+01 5.738434600830078125e+01 5.288908386230468750e+01 5.276226425170898438e+01 3.834493637084960938e+01 3.379335021972656250e+01 2.150190162658691406e+01 1.486685943603515625e+01 9.646230697631835938e+00 4.691067218780517578e+00 3.539004325866699219e+00 3.027098655700683594e+00 1.840187668800354004e+00 1.301349043846130371e+00 1.119935154914855957e+00 7.599484324455261230e-01 4.732175767421722412e-01 2.993294298648834229e-01
6.317556381225585938e+01 1.213545989990234375e+02 3.445408248901367188e+01 1.126834640502929688e+02 6.816043090820312500e+01 9.350365447998046875e+01 8.507875823974609375e+01 5.868891143798828125e+01 5.435661697387695312e+01 5.309318161010742188e+01 3.791271972656250000e+01 3.384479522705078125e+01 2.130592918395996094e+01 1.478224468231201172e+01 9.840591430664062500e+00 4.941470623016357422e+00 3.647505760192871094e+00 3.065910100936889648e+00 1.826403021812438965e+00 1.366026401519775391e+00 1.136627316474914551e+00 7.672678232192993164e-01 5.006476044654846191e-01 3.250768780708312988e-01
5.477375030517578125e+01 1.219443969726562500e+02 3.350176620483398438e+01 1.198434600830078125e+02 6.619922637939453125e+01 9.445077514648437500e+01 8.765613555908203125e+01 5.613151931762695312e+01 5.381065368652343750e+01 5.277901840209960938e+01 3.829256439208984375e+01 3.391991424560546875e+01 2.150380706787109375e+01 1.493840026855468750e+01 9.846662521362304688e+00 4.937654972076416016e+00 3.602875232696533203e+00 3.152147293090820312e+00 1.885829329490661621e+00 1.421289682388305664e+00 1.179939270019531250e+00 8.035767078399658203e-01 5.029112696647644043e-01 3.414406776428222656e-01
5.755266952514648438e+01 1.196117401123046875e+02 2.731806564331054688e+01 1.174097137451171875e+02 6.253924179077148438e+01 9.646765899658203125e+01 8.490023803710937500e+01 5.800436782836914062e+01 5.505179595947265625e+01 5.279525756835937500e+01 3.870779800415039062e+01 3.333078765869140625e+01 2.133705520629882812e+01 1.468253803253173828e+01 9.761030197143554688e+00 5.008306503295898438e+00 3.534792661666870117e+00 3.116669416427612305e+00 1.862620234489440918e+00 1.411948680877685547e+00 1.161010265350341797e+00 7.950052618980407715e-01 5.221619009971618652e-01 3.194194138050079346e-01
3.607516860961914062e+01 1.181219558715820312e+02 2.945476913452148438e+01 1.135580215454101562e+02 6.469882202148437500e+01 9.653990173339843750e+01 8.589866638183593750e+01 5.892774963378906250e+01 5.360170745849609375e+01 5.300580978393554688e+01 3.862133407592773438e+01 3.363307189941406250e+01 2.084786987304687500e+01 1.508579635620117188e+01 9.760289192199707031e+00 5.074085235595703125e+00 3.602235317230224609e+00 3.181544542312622070e+00 1.830282330513000488e+00 1.405569553375244141e+00 1.188487768173217773e+00 8.099058866500854492e-01 5.231814384460449219e-01 3.387068510055541992e-01
6.168855667114257812e+01 1.264526290893554688e+02 2.342084693908691406e+01 1.182279891967773438e+02 6.502229309082031250e+01 9.433135986328125000e+01 8.690686798095703125e+01 5.673818588256835938e+01 5.338943099975585938e+01 5.277037429809570312e+01 3.931361770629882812e+01 3.418669128417968750e+01 2.159791564941406250e+01 1.496401977539062500e+01 9.786038398742675781e+00 5.047757148742675781e+00 3.484857797622680664e+00 3.141128540039062500e+00 1.883768320083618164e+00 1.421007156372070312e+00 1.172046780586242676e+00 7.718947529792785645e-01 4.973551034927368164e-01 3.266266286373138428e-01
4.714249038696289062e+01 1.205548248291015625e+02 2.779951095581054688e+01 1.192539901733398438e+02 6.594789123535156250e+01 9.542605590820312500e+01 8.752136230468750000e+01 5.737547683715820312e+01 5.429825973510742188e+01 5.195563125610351562e+01 3.864264678955078125e+01 3.298198699951171875e+01 2.171701622009277344e+01 1.487863826751708984e+01 9.772326469421386719e+00 5.119407653808593750e+00 3.638999223709106445e+00 3.073137998580932617e+00 1.883766412734985352e+00 1.427604913711547852e+00 1.147543549537658691e+00 7.997643947601318359e-01 5.050446987152099609e-01 3.395311832427978516e-01
4.616473007202148438e+01 1.200964202880859375e+02 2.734476661682128906e+01 1.218176651000976562e+02 6.678117370605468750e+01 9.643166351318359375e+01 8.632025146484375000e+01 5.655805969238281250e+01 5.316623306274414062e+01 5.261360549926757812e+01 3.843970108032226562e+01 3.381526565551757812e+01 2.155554008483886719e+01 1.470237064361572266e+01 9.590444564819335938e+00 5.016401767730712891e+00 3.462386608123779297e+00 3.134965896606445312e+00 1.845667362213134766e+00 1.392947435379028320e+00 1.192788720130920410e+00 8.011728525161743164e-01 5.201608538627624512e-01 3.398172557353973389e-01
7.075578308105468750e+01 1.268673858642578125e+02 2.564746856689453125e+01 1.146496582031250000e+02 6.954567718505859375e+01 9.776013946533203125e+01 8.779356384277343750e+01 5.726732635498046875e+01 5.397097396850585938e+01 5.207183074951171875e+01 3.827917861938476562e+01 3.371812057495117188e+01 2.141185951232910156e+01 1.484356594085693359e+01 9.758295059204101562e+00 4.936913013458251953e+00 3.583767414093017578e+00 3.149766683578491211e+00 1.862000703811645508e+00 1.417361140251159668e+00 1.191224932670593262e+00 8.093351125717163086e-01 5.092310309410095215e-01 3.230447173118591309e-01
5.577777481079101562e+01 1.215354080200195312e+02 2.767197608947753906e+01 1.167881393432617188e+02 6.673066711425781250e+01 9.495076751708984375e+01 8.675397491455078125e+01 5.733312606811523438e+01 5.422567749023437500e+01 5.296424484252929688e+01 3.852687072753906250e+01 3.384638595581054688e+01 2.146234130859375000e+01 1.483081722259521484e+01 9.780593872070312500e+00 4.999466419219970703e+00 3.582420825958251953e+00 3.161597251892089844e+00 1.874931335449218750e+00 1.407146811485290527e+00 1.182117700576782227e+00 7.867755293846130371e-01 5.063533186912536621e-01 3.264543116092681885e-01
5.784146881103515625e+01 1.221388244628906250e+02 2.758691978454589844e+01 1.176504058837890625e+02 6.710224151611328125e+01 9.550789642333984375e+01 8.716773986816406250e+01 5.711559677124023438e+01 5.534112930297851562e+01 5.301372909545898438e+01 3.903648376464843750e+01 3.387285995483398438e+01 2.166157150268554688e+01 1.477255821228027344e+01 9.853371620178222656e+00 5.114171028137207031e+00 3.619270563125610352e+00 3.193605661392211914e+00 1.856271028518676758e+00 1.404766917228698730e+00 1.179028153419494629e+00 7.834178805351257324e-01 5.054106712341308594e-01 3.306712210178375244e-01
5.222499465942382812e+01 1.190679702758789062e+02 2.872094535827636719e+01 1.218180999755859375e+02 6.708946990966796875e+01 9.461879730224609375e+01 8.797733306884765625e+01 5.466767501831054688e+01 5.307881164550781250e+01 5.300611877441406250e+01 3.810763931274414062e+01 3.325761413574218750e+01 2.132217597961425781e+01 1.478943061828613281e+01 9.832920074462890625e+00 4.910655021667480469e+00 3.593524694442749023e+00 3.131322622299194336e+00 1.884662747383117676e+00 1.448653459548950195e+00 1.201836585998535156e+00 7.849855422973632812e-01 5.114722847938537598e-01 3.126328587532043457e-01
5.513628768920898438e+01 1.175208282470703125e+02 2.845057678222656250e+01 1.189479751586914062e+02 6.852156066894531250e+01 9.491688537597656250e+01 8.690565490722656250e+01 5.640359497070312500e+01 5.347663879394531250e+01 5.266350936889648438e+01 3.869207000732421875e+01 3.397537231445312500e+01 2.127109146118164062e+01 1.507752323150634766e+01 9.672082901000976562e+00 4.977893352508544922e+00 3.585921525955200195e+00 3.129182815551757812e+00 1.829025983810424805e+00 1.405475378036499023e+00 1.186460971832275391e+00 8.111572861671447754e-01 5.026932954788208008e-01 3.327558040618896484e-01
5.329568481445312500e+01 1.213358154296875000e+02 2.616250610351562500e+01 1.139989395141601562e+02 6.469403839111328125e+01 9.551074981689453125e+01 8.737448120117187500e+01 5.671262741088867188e+01 5.427562713623046875e+01 5.272017288208007812e+01 3.892951202392578125e+01 3.343897247314453125e+01 2.146216964721679688e+01 1.471466064453125000e+01 9.905897140502929688e+00 5.014669895172119141e+00 3.628938674926757812e+00 3.170944690704345703e+00 1.880054831504821777e+00 1.419031262397766113e+00 1.176646351814270020e+00 7.868758440017700195e-01 5.005490183830261230e-01 3.467138409614562988e-01
5.577777481079101562e+01 1.219640731811523438e+02 2.904867362976074219e+01 1.174926986694335938e+02 6.619013214111328125e+01 9.670923614501953125e+01 8.731340026855468750e+01 5.711309432983398438e+01 5.362464141845703125e+01 5.314127731323242188e+01 3.883306884765625000e+01 3.378303146362304688e+01 2.147114372253417969e+01 1.469847011566162109e+01 9.755890846252441406e+00 5.100856304168701172e+00 3.564805269241333008e+00 3.179270267486572266e+00 1.875191926956176758e+00 1.402569293975830078e+00 1.179244637489318848e+00 7.796211838722229004e-01 5.032629370689392090e-01 3.311459422111511230e-01
5.626310348510742188e+01 1.170413208007812500e+02 2.659277153015136719e+01 1.144206695556640625e+02 6.785289001464843750e+01 9.472490692138671875e+01 8.676381683349609375e+01 5.713108062744140625e+01 5.345431900024414062e+01 5.326168823242187500e+01 3.846306610107421875e+01 3.408425140380859375e+01 2.155949211120605469e+01 1.479834556579589844e+01 9.637921333312988281e+00 4.897380828857421875e+00 3.636118173599243164e+00 3.233950376510620117e+00 1.875165343284606934e+00 1.388270497322082520e+00 1.175447940826416016e+00 7.824997901916503906e-01 5.128192901611328125e-01 3.343791961669921875e-01
6.460384368896484375e+01 1.053632125854492188e+02 3.243569946289062500e+01 1.188033828735351562e+02 6.516808319091796875e+01 9.621439361572265625e+01 8.664202880859375000e+01 5.632765197753906250e+01 5.307293319702148438e+01 5.341768264770507812e+01 3.860371398925781250e+01 3.402114868164062500e+01 2.144548988342285156e+01 1.477864742279052734e+01 1.004594707489013672e+01 4.836902141571044922e+00 3.711650848388671875e+00 3.111801624298095703e+00 1.910018086433410645e+00 1.438827991485595703e+00 1.178655266761779785e+00 7.858415842056274414e-01 4.857804477214813232e-01 3.101361095905303955e-01
5.651056671142578125e+01 1.199884719848632812e+02 2.940157699584960938e+01 1.140080261230468750e+02 6.895878601074218750e+01 9.451889038085937500e+01 8.556900787353515625e+01 5.788061523437500000e+01 5.458570861816406250e+01 5.277051925659179688e+01 3.870420074462890625e+01 3.423572158813476562e+01 2.129304695129394531e+01 1.483690834045410156e+01 9.833151817321777344e+00 4.981077194213867188e+00 3.627827405929565430e+00 3.172590255737304688e+00 1.867262005805969238e+00 1.445811033248901367e+00 1.169673085212707520e+00 7.729035019874572754e-01 4.958029985427856445e-01 3.126034140586853027e-01
5.577777481079101562e+01 1.232999725341796875e+02 2.243823623657226562e+01 1.139018096923828125e+02 6.342005920410156250e+01 9.827178192138671875e+01 8.623877716064453125e+01 5.664905548095703125e+01 5.515946960449218750e+01 5.330860137939453125e+01 3.860274887084960938e+01 3.351610946655273438e+01 2.164263153076171875e+01 1.466350078582763672e+01 9.721935272216796875e+00 4.956101417541503906e+00 3.575407505035400391e+00 3.133193492889404297e+00 1.836555242538452148e+00 1.372372031211853027e+00 1.178541779518127441e+00 7.798017859458923340e-01 5.004860162734985352e-01 3.296988904476165771e-01
5.814119338989257812e+01 1.195300827026367188e+02 2.866486549377441406e+01 1.172876205444335938e+02 6.757272338867187500e+01 9.720346069335937500e+01 8.574784851074218750e+01 5.686967468261718750e+01 5.387177658081054688e+01 5.258142089843750000e+01 3.867272186279296875e+01 3.349008941650390625e+01 2.141050338745117188e+01 1.471599674224853516e+01 9.750182151794433594e+00 4.991269111633300781e+00 3.636349201202392578e+00 3.115157365798950195e+00 1.856243252754211426e+00 1.394733905792236328e+00 1.191209197044372559e+00 7.732454538345336914e-01 4.992143511772155762e-01 3.285776674747467041e-01
5.597519683837890625e+01 1.208333206176757812e+02 3.411262893676757812e+01 1.139565277099609375e+02 6.362748336791992188e+01 9.359977722167968750e+01 8.841577911376953125e+01 5.377075576782226562e+01 5.312392807006835938e+01 5.316903686523437500e+01 3.782224655151367188e+01 3.401756286621093750e+01 2.112047195434570312e+01 1.471047401428222656e+01 9.491876602172851562e+00 4.956171989440917969e+00 3.516561031341552734e+00 3.161120653152465820e+00 1.887274980545043945e+00 1.418907999992370605e+00 1.209591269493103027e+00 8.285053968429565430e-01 5.095545649528503418e-01 3.426305055618286133e-01
4.481427001953125000e+01 1.020745544433593750e+02 3.413593292236328125e+01 1.163194656372070312e+02 6.106848144531250000e+01 9.687738037109375000e+01 8.662841033935546875e+01 5.942564773559570312e+01 5.532994079589843750e+01 5.183616638183593750e+01 3.777637481689453125e+01 3.350155639648437500e+01 2.158361625671386719e+01 1.520223712921142578e+01 9.550122261047363281e+00 4.710071086883544922e+00 3.572446584701538086e+00 3.152208805084228516e+00 1.924660444259643555e+00 1.385424613952636719e+00 1.215450763702392578e+00 8.057289123535156250e-01 4.889797866344451904e-01 3.348338007926940918e-01
5.454033660888671875e+01 1.263764648437500000e+02 2.795538902282714844e+01 1.157929000854492188e+02 6.517533111572265625e+01 9.450419616699218750e+01 8.851552581787109375e+01 5.587381362915039062e+01 5.413024139404296875e+01 5.304382324218750000e+01 3.902124786376953125e+01 3.378727340698242188e+01 2.131091117858886719e+01 1.499853992462158203e+01 9.743454933166503906e+00 5.040820121765136719e+00 3.567062616348266602e+00 3.184125185012817383e+00 1.853345394134521484e+00 1.401507973670959473e+00 1.188497304916381836e+00 7.909770607948303223e-01 4.971236884593963623e-01 3.200764656066894531e-01
5.003301239013671875e+01 1.179919052124023438e+02 3.481055831909179688e+01 1.134035644531250000e+02 6.766191864013671875e+01 9.732395172119140625e+01 8.729725646972656250e+01 5.831403350830078125e+01 5.349393463134765625e+01 5.245605468750000000e+01 3.894306945800781250e+01 3.368828201293945312e+01 2.140843963623046875e+01 1.483666896820068359e+01 9.730718612670898438e+00 5.033428192138671875e+00 3.540879964828491211e+00 3.224756717681884766e+00 1.863355755805969238e+00 1.410574793815612793e+00 1.171829223632812500e+00 8.015784025192260742e-01 4.897612035274505615e-01 3.190008401870727539e-01
5.882057189941406250e+01 1.159857101440429688e+02 2.625730133056640625e+01 1.192753448486328125e+02 6.549694061279296875e+01 9.735122680664062500e+01 8.736538696289062500e+01 5.748790359497070312e+01 5.376321411132812500e+01 5.278281784057617188e+01 3.842529296875000000e+01 3.390354537963867188e+01 2.135737991333007812e+01 1.494363784790039062e+01 9.736306190490722656e+00 4.982723712921142578e+00 3.519341945648193359e+00 3.129801273345947266e+00 1.855485677719116211e+00 1.408541917800903320e+00 1.175918102264404297e+00 7.886804342269897461e-01 5.125203728675842285e-01 3.307954072952270508e-01
