5.577777481079101562e+01 7.668235778808593750e+01
1.215354080200195312e+02 4.956315231323242188e+01
2.859543228149414062e+01 3.570207977294921875e+01
1.169100265502929688e+02 2.623172378540039062e+01
6.636434936523437500e+01 1.987530326843261719e+01
9.614185333251953125e+01 1.493793869018554688e+01
8.662407684326171875e+01 1.144081115722656250e+01
5.687425231933593750e+01 8.741696357727050781e+00
5.405240631103515625e+01 6.602468013763427734e+00
5.275006484985351562e+01 4.992746829986572266e+00
3.859248352050781250e+01 3.781445980072021484e+00
3.370140838623046875e+01 2.796088695526123047e+00
2.147744560241699219e+01 2.078877449035644531e+00
1.481549739837646484e+01 1.522361516952514648e+00
9.766333580017089844e+00 1.118039965629577637e+00
4.992043495178222656e+00 8.148010373115539551e-01
3.580598115921020508e+00 5.949742794036865234e-01
3.147619247436523438e+00 4.335919320583343506e-01
1.869428515434265137e+00 3.164615333080291748e-01
1.410959720611572266e+00 2.308002114295959473e-01
1.181130647659301758e+00 1.684680730104446411e-01
7.905535101890563965e-01 1.232377812266349792e-01
5.023177266120910645e-01 9.029536694288253784e-02
3.279804289340972900e-01 6.676296889781951904e-02
