1.156521601676940847e+00 1.595351442098617456e+00 1.778404972553253138e+00 1.880001239776611266e+00 1.809109190702438363e+00 1.683853375911712691e+00 1.541045136451721254e+00 1.395631190538406452e+00 1.293616002798080533e+00 1.199288268089294451e+00 1.118423135280609104e+00 1.062261537313461401e+00 1.015372353792190596e+00 9.939063423871994374e-01 9.817564213275908891e-01 9.736332780122757269e-01 9.680606746673583451e-01 9.663709807395934881e-01 9.639751899242401390e-01 9.622135084867476928e-01 9.612924593687057762e-01 9.588156181573868064e-01 9.571028572320937622e-01 9.542688560485840243e-01
1.155529853105545124e+00 1.605916161537170428e+00 1.778738616704940823e+00 1.881856594085693279e+00 1.819513175487518231e+00 1.687022477388381958e+00 1.544561359882354656e+00 1.401659775972366351e+00 1.297300318479537973e+00 1.202220526933670097e+00 1.122630020380020133e+00 1.067932295799255416e+00 1.019389510750770667e+00 9.986355447769165172e-01 9.859646320343017356e-01 9.775115782022476552e-01 9.716649049520492687e-01 9.697036951780318992e-01 9.667680543661117953e-01 9.645319938659667747e-01 9.625794625282287909e-01 9.589893925189971746e-01 9.563594818115234153e-01 9.528308761119842485e-01
1.147529402971267709e+00 1.608888564109802299e+00 1.765424628257751483e+00 1.879481580257415851e+00 1.811683274507522645e+00 1.681782289743423364e+00 1.546480396986007699e+00 1.401491899490356463e+00 1.298597252368927091e+00 1.202030795812606856e+00 1.122634164094924891e+00 1.066420124769210886e+00 1.019253882765770003e+00 9.974377751350402832e-01 9.842474073171615379e-01 9.758087986707687511e-01 9.703106814622879384e-01 9.688774168491363081e-01 9.661677569150924905e-01 9.641884219646453813e-01 9.628249943256378396e-01 9.598683726787566872e-01 9.570759934186935380e-01 9.534772199392318459e-01
1.128831023573875436e+00 1.595891070365905717e+00 1.762827385663986224e+00 1.872146455049514824e+00 1.805959839820861834e+00 1.677858486175537012e+00 1.540477041006088177e+00 1.396323553323745692e+00 1.293593145608902040e+00 1.198298524618148786e+00 1.118993481397628775e+00 1.064138351678848293e+00 1.016899429559707579e+00 9.949863708019256459e-01 9.818761855363845603e-01 9.736842584609984863e-01 9.679915386438370239e-01 9.661789619922638295e-01 9.637036806344986273e-01 9.616391521692275735e-01 9.599960535764694436e-01 9.573400950431824041e-01 9.549262660741806297e-01 9.515240889787673906e-01
1.129437693953514010e+00 1.616399525403976467e+00 1.763706347942352259e+00 1.885592067241668612e+00 1.825091458559036317e+00 1.685477458238601622e+00 1.547580739259719840e+00 1.402065263986587595e+00 1.300066999197006190e+00 1.203838007450103831e+00 1.124584665298461905e+00 1.068489650487899789e+00 1.021386341452598545e+00 9.998939621448517112e-01 9.869440364837646085e-01 9.785703992843628463e-01 9.729269063472747447e-01 9.711547577381134388e-01 9.690415894985199285e-01 9.670095682144165261e-01 9.654127591848373768e-01 9.626989030838012384e-01 9.604304665327072499e-01 9.569497233629227217e-01
1.142931832075118948e+00 1.590709025859832870e+00 1.781309018135070810e+00 1.883281663656234839e+00 1.808139731884002677e+00 1.682844024896621660e+00 1.540182498693466240e+00 1.396920728683471724e+00 1.293700206279754683e+00 1.198044145107269198e+00 1.118691467046737609e+00 1.062752313613891664e+00 1.016013722419738752e+00 9.938482201099395619e-01 9.809515231847762973e-01 9.726888418197632280e-01 9.666409665346145097e-01 9.650198811292648449e-01 9.621131068468093961e-01 9.598441153764725176e-01 9.584713977575302080e-01 9.558786505460739047e-01 9.534309643507004051e-01 9.504024475812912209e-01
1.136175479888916096e+00 1.609215227365493828e+00 1.780552939176559546e+00 1.879852923154830879e+00 1.812556864023208592e+00 1.684838812351226789e+00 1.542857836484909040e+00 1.400235592126846340e+00 1.296985393762588590e+00 1.203692274093628001e+00 1.122668424844741830e+00 1.066385532617569076e+00 1.019213047027587971e+00 9.971647751331329523e-01 9.844688630104064808e-01 9.764318084716796520e-01 9.703271597623824851e-01 9.683781325817107932e-01 9.657284736633300337e-01 9.638114625215530307e-01 9.624439281225204423e-01 9.593706899881362382e-01 9.564925915002823187e-01 9.529538315534591408e-01
1.169146372079849172e+00 1.612647727727890112e+00 1.789893347024917647e+00 1.895636519193649283e+00 1.821513389348983658e+00 1.689590893983840880e+00 1.550493494272232153e+00 1.407993761301040703e+00 1.303397859334945785e+00 1.207849289178848373e+00 1.125947884321212733e+00 1.070957615375518701e+00 1.024240163564682060e+00 1.002207239270210160e+00 9.895952296257018999e-01 9.818303716182709140e-01 9.759731137752533092e-01 9.744366139173508135e-01 9.718136155605315851e-01 9.700113528966903820e-01 9.685022050142287897e-01 9.657153320312500400e-01 9.635437393188476252e-01 9.600818043947220159e-01
1.166178179979324270e+00 1.611544952392578223e+00 1.788198118209838761e+00 1.893563154935836712e+00 1.808003536462783778e+00 1.687194622755050721e+00 1.545457397699355973e+00 1.399863929748535130e+00 1.297054624557495206e+00 1.202960959672927821e+00 1.120641658306121835e+00 1.066176515817642168e+00 1.019039911031722978e+00 9.970760142803192227e-01 9.845604723691940841e-01 9.766368722915649281e-01 9.708795374631882247e-01 9.690649187564850386e-01 9.661829298734665450e-01 9.639830708503722700e-01 9.625342738628387407e-01 9.593555140495300115e-01 9.563613009452819336e-01 9.526483136415481168e-01
1.153014889359474271e+00 1.607096652984619123e+00 1.778644999265670767e+00 1.885437089204788252e+00 1.816899440288543666e+00 1.687392952442169136e+00 1.545033490657806485e+00 1.402186968326568639e+00 1.299303909540176383e+00 1.204287540912628129e+00 1.123055243492126376e+00 1.066842091083526567e+00 1.020237367749214252e+00 9.985254651308059781e-01 9.855948448181152122e-01 9.777933108806610152e-01 9.719336760044098300e-01 9.700750219821929754e-01 9.675234323740005138e-01 9.656221801042557118e-01 9.642678970098494950e-01 9.612866044044494629e-01 9.586892020702362238e-01 9.552565926313399958e-01
1.169533063769340409e+00 1.625707465410232588e+00 1.782962514162063528e+00 1.889821079969406181e+00 1.817895455360412527e+00 1.691183656454086304e+00 1.546382988691330063e+00 1.403027379512786776e+00 1.301484291553497208e+00 1.204774442911147991e+00 1.124954569339752242e+00 1.068381929397582919e+00 1.021739304661750891e+00 9.993958204984665361e-01 9.869662642478942427e-01 9.788323956727981168e-01 9.728041374683380482e-01 9.710398453474045066e-01 9.684241247177124423e-01 9.665628004074097168e-01 9.650866621732712147e-01 9.622118055820465532e-01 9.595216661691665649e-01 9.560406315326690496e-01
1.153209395408630433e+00 1.619129543304443253e+00 1.792266110181808481e+00 1.888670912981033290e+00 1.819665392637252799e+00 1.690494300127029392e+00 1.547635670900344929e+00 1.404105128049850437e+00 1.300574527978897166e+00 1.206857677698135456e+00 1.125345838069915727e+00 1.069166213274002075e+00 1.023038001060485813e+00 1.001162804961204467e+00 9.880848187208175482e-01 9.796407765150070279e-01 9.736944031715393244e-01 9.720692175626755027e-01 9.694503831863403587e-01 9.676382791996002153e-01 9.663206768035889072e-01 9.634649097919464333e-01 9.609158980846405074e-01 9.575385576486588057e-01
1.152041006684303204e+00 1.604221795797347916e+00 1.786844851970672554e+00 1.896762670278549168e+00 1.816023218631744429e+00 1.688023964166641244e+00 1.547966753244399918e+00 1.404009617567062440e+00 1.301084445714950633e+00 1.204200943708419791e+00 1.123781968355178851e+00 1.068369030952453613e+00 1.021306666731834456e+00 9.992347258329391524e-01 9.866240596771240767e-01 9.784731405973434715e-01 9.726730251312255549e-01 9.708741050958633600e-01 9.683920460939406949e-01 9.664731788635253507e-01 9.651663661003112571e-01 9.623286336660384910e-01 9.596340960264205799e-01 9.562581628561019897e-01
1.141810419559478706e+00 1.611072517633438173e+00 1.784641333818435704e+00 1.877305099964141855e+00 1.819551447629928598e+00 1.689028471708297729e+00 1.541367596387863248e+00 1.402626979351043746e+00 1.297661650180816695e+00 1.202831281423568655e+00 1.122665019035339329e+00 1.067411310672760072e+00 1.020034481883048905e+00 9.977400738000870017e-01 9.851357084512710749e-01 9.771171277761458995e-01 9.713732635974884344e-01 9.701040422916412664e-01 9.675624006986618397e-01 9.655631387233734042e-01 9.644619715213775812e-01 9.616594076156615989e-01 9.594564795494079368e-01 9.564638900756835538e-01
1.168103926181793151e+00 1.624527413845062274e+00 1.783070129156112626e+00 1.887517296075820861e+00 1.819606926441192707e+00 1.693413041830062804e+00 1.550233321189880442e+00 1.407223752737045253e+00 1.303900753259658707e+00 1.206521736383438181e+00 1.125869562625885001e+00 1.070387912988662649e+00 1.022874596714973494e+00 1.000725117921829277e+00 9.876560491323470581e-01 9.793700706958771152e-01 9.731361299753189531e-01 9.719805705547333030e-01 9.695989257097243907e-01 9.682280850410461825e-01 9.673254549503326194e-01 9.650505763292313022e-01 9.628867828845977250e-01 9.595101112127304432e-01
1.151056447029113805e+00 1.616287231445312500e+00 1.771901310682296726e+00 1.883229845762252719e+00 1.811162357330322159e+00 1.683120043277740452e+00 1.548270055055618322e+00 1.403187659978866630e+00 1.297429910898208583e+00 1.204631354808807453e+00 1.121371269226074219e+00 1.067687157392501751e+00 1.020573315620422417e+00 9.987043595314025746e-01 9.867239356040954368e-01 9.780717229843139959e-01 9.716541343927382890e-01 9.700744611024856301e-01 9.673688489198685181e-01 9.651176041364669667e-01 9.633357387781142922e-01 9.599635165929794045e-01 9.570821720361709639e-01 9.537276750802994307e-01
1.157893223166465813e+00 1.604091683626174936e+00 1.772307639122009171e+00 1.869483900070190385e+00 1.813320145606994727e+00 1.686238974332809448e+00 1.540576870441436874e+00 1.399756205081939653e+00 1.298387560844421307e+00 1.201039108037948555e+00 1.120755796432495011e+00 1.063579249382019087e+00 1.017228919863700787e+00 9.952298080921173629e-01 9.830405056476593240e-01 9.747614157199859797e-01 9.687246769666671975e-01 9.668213367462158425e-01 9.643184912204741943e-01 9.625951343774795665e-01 9.617055010795593217e-01 9.594881945848464655e-01 9.571816617250442638e-01 9.538801425695419001e-01
1.158708633780479502e+00 1.613081564903259268e+00 1.787235730886459262e+00 1.887057369947433560e+00 1.810701398849487331e+00 1.683887983560562240e+00 1.541525851488113386e+00 1.404280364513397217e+00 1.298655084371566737e+00 1.204674901962280220e+00 1.124367723464965829e+00 1.068364485502242944e+00 1.021454363465309045e+00 9.990704977512359086e-01 9.860412299633025679e-01 9.774224990606308339e-01 9.717369985580444069e-01 9.702717548608780218e-01 9.677324235439300759e-01 9.659138357639313055e-01 9.643355542421341298e-01 9.612384587526321411e-01 9.587746471166610496e-01 9.550945663452148349e-01
1.153831464648246818e+00 1.616774492263793883e+00 1.780709422826767030e+00 1.892016050815582329e+00 1.812229593992233267e+00 1.690603748559951880e+00 1.543117024898529088e+00 1.404605507850646973e+00 1.298005682229995683e+00 1.203492215871810878e+00 1.125402119159698566e+00 1.069062618017196709e+00 1.021319171786308377e+00 9.996552538871764648e-01 9.867909330129623902e-01 9.787136942148209062e-01 9.724945831298827947e-01 9.708741575479507002e-01 9.680782163143157870e-01 9.659154504537582620e-01 9.643245375156402899e-01 9.615382224321364912e-01 9.589892840385436656e-01 9.557047694921493308e-01
1.171526798009872472e+00 1.609704712629318246e+00 1.783050379753112757e+00 1.896653559207916340e+00 1.817157015800476172e+00 1.687477005720138479e+00 1.547067974805831803e+00 1.400795304775237948e+00 1.298952518701553371e+00 1.202028577327728165e+00 1.122769147157669067e+00 1.065972647666931117e+00 1.018883821368217424e+00 9.968103951215744329e-01 9.840476125478744285e-01 9.760157006978988914e-01 9.700101435184478316e-01 9.679987829923629716e-01 9.652762711048126221e-01 9.631821942329407138e-01 9.615740901231766280e-01 9.587746697664261131e-01 9.564158779382705422e-01 9.531266564130782548e-01
1.168325828313827586e+00 1.609644666910171606e+00 1.770047320127487112e+00 1.883362157344818044e+00 1.806195471286773602e+00 1.685956686735153198e+00 1.545093789100646875e+00 1.403491889238357437e+00 1.299870154857635463e+00 1.202481532096862704e+00 1.123552840948104814e+00 1.066417540311813461e+00 1.020232524275779706e+00 9.979729467630386042e-01 9.853420698642730846e-01 9.772570192813873069e-01 9.711472368240356978e-01 9.695506274700165239e-01 9.668797916173934581e-01 9.650687354803085816e-01 9.636378335952758833e-01 9.610190707445144254e-01 9.586838132143020719e-01 9.553092116117477550e-01
1.145248161554336619e+00 1.610940399169921822e+00 1.791292721033096225e+00 1.886035981178283638e+00 1.823097708225250191e+00 1.689673728942871156e+00 1.548560341596603385e+00 1.402885543107986521e+00 1.302161948680877757e+00 1.204087530374526871e+00 1.125876963138580322e+00 1.070153625011444065e+00 1.021508358716964660e+00 1.000191884636878914e+00 9.880136483907699940e-01 9.800283557176590055e-01 9.739328771829605103e-01 9.722966456413268954e-01 9.703255981206894143e-01 9.690071457624435114e-01 9.682775938510894687e-01 9.663775169849395663e-01 9.644647532701492443e-01 9.611467289924621182e-01
1.157560509443283037e+00 1.617613990306854266e+00 1.783386338949203509e+00 1.891505416631698688e+00 1.815519123077392605e+00 1.693730671405792254e+00 1.545135930776596167e+00 1.405263901948928806e+00 1.301087188720703169e+00 1.203744529485702541e+00 1.126219182014465359e+00 1.068798341751098668e+00 1.021629136204719623e+00 9.993659311532974154e-01 9.870462334156036022e-01 9.790133488178253129e-01 9.732415407896042314e-01 9.712414193153381392e-01 9.683493310213089345e-01 9.658034145832061768e-01 9.639100193977355735e-01 9.605027943849563377e-01 9.572148782014846535e-01 9.536235010623932418e-01
1.149294182062148950e+00 1.623614345788955582e+00 1.791598553657531845e+00 1.884354317188262851e+00 1.821513822078704825e+00 1.691252266168594254e+00 1.550090143680572519e+00 1.401327311992645264e+00 1.301436798572540354e+00 1.203714230060577428e+00 1.122782900333404443e+00 1.067653981447219902e+00 1.021413654685020544e+00 1.000058620572090051e+00 9.873032790422439087e-01 9.793325036764144453e-01 9.729792755842209262e-01 9.711839604377746626e-01 9.687825089693069547e-01 9.668961369991302401e-01 9.653470194339752730e-01 9.623835259675979081e-01 9.595688009262084428e-01 9.557820177078246715e-01
1.163460500836372313e+00 1.608918669223785347e+00 1.788731828927993872e+00 1.891866761445999190e+00 1.819103096723556412e+00 1.688491618633270352e+00 1.544133082628250220e+00 1.402433961629867554e+00 1.299375200271606356e+00 1.203751013278961279e+00 1.121805177927017283e+00 1.066952530145645062e+00 1.018938353657722562e+00 9.974116504192351851e-01 9.845353078842162819e-01 9.760936307907104315e-01 9.705033016204833718e-01 9.688853549957275879e-01 9.663010698556899758e-01 9.645589649677276389e-01 9.631220710277557107e-01 9.602357852458953680e-01 9.577021658420562522e-01 9.543481403589249012e-01
1.173573669791221574e+00 1.623179230690002361e+00 1.775978846549987722e+00 1.893196384906768781e+00 1.812951359748840252e+00 1.688029344081878769e+00 1.543381725549697769e+00 1.400991796255111721e+00 1.299769968986511204e+00 1.204515366554260281e+00 1.122950147390365583e+00 1.067463636398315430e+00 1.021163789629936147e+00 9.979621976613998191e-01 9.856932824850082042e-01 9.775272917747497292e-01 9.717914253473282082e-01 9.704080331325530828e-01 9.678846633434295965e-01 9.658403551578521595e-01 9.644533067941665205e-01 9.618059682846069602e-01 9.594689941406250311e-01 9.562744587659836037e-01
1.169034374356269890e+00 1.630528119802475029e+00 1.783316696882248031e+00 1.888290860652923620e+00 1.821398695707321158e+00 1.691577328443527151e+00 1.547394615411758378e+00 1.404254869222641089e+00 1.302710424661636335e+00 1.206453303098678598e+00 1.125205827951431203e+00 1.069720163345336816e+00 1.021830712556838883e+00 1.000040121674537597e+00 9.871325367689132158e-01 9.787916225194931430e-01 9.727921158075332198e-01 9.708044123649597346e-01 9.682203882932662875e-01 9.662680590152740168e-01 9.646580678224563332e-01 9.616679793596267789e-01 9.592516493797301758e-01 9.559592753648757935e-01
1.165223181843757727e+00 1.612998843193054199e+00 1.790402613878250060e+00 1.889274923801422146e+00 1.813376823663711557e+00 1.688479487895965470e+00 1.549855862855911148e+00 1.407428853511810241e+00 1.303620245456695637e+00 1.206434403657913101e+00 1.125677959918975901e+00 1.069801861047744662e+00 1.022714329361915642e+00 1.000311279892921457e+00 9.873613870143890248e-01 9.791863113641738892e-01 9.734063935279846369e-01 9.715919476747513217e-01 9.690445953607559337e-01 9.671434938907623735e-01 9.658569896221160800e-01 9.628768551349640159e-01 9.604066956043243453e-01 9.570533585548400834e-01
1.166226171851158178e+00 1.609586056470871052e+00 1.788024674654006940e+00 1.892864521741867145e+00 1.820592980384826642e+00 1.688657277822494418e+00 1.549875992536544844e+00 1.407570739984512320e+00 1.302617787122726467e+00 1.207668193578720128e+00 1.125944255590438869e+00 1.069871206283569354e+00 1.023082872033119095e+00 1.001538532972335860e+00 9.884699130058288707e-01 9.802501434087753651e-01 9.743967300653457730e-01 9.728969502449035245e-01 9.703319209814071922e-01 9.681905299425125344e-01 9.667381167411803755e-01 9.640476071834563898e-01 9.625129926204681885e-01 9.594974499940872592e-01
1.146047160625457861e+00 1.593197666406631408e+00 1.791332626342773349e+00 1.885886206626891992e+00 1.818863097429275433e+00 1.692813459634780804e+00 1.546515896320342920e+00 1.404554141759872365e+00 1.299017536640167281e+00 1.205938948392867971e+00 1.124881787300109792e+00 1.069086785316467392e+00 1.021391192078590304e+00 9.996905243396758678e-01 9.863238769769668846e-01 9.780484586954116821e-01 9.723486888408661155e-01 9.706690138578415450e-01 9.677768403291702182e-01 9.657465326786041082e-01 9.642012792825699341e-01 9.613110262155533103e-01 9.584950649738311901e-01 9.548512953519820989e-01
1.158883793950080898e+00 1.619974437952041546e+00 1.766504071950912413e+00 1.863828488588333165e+00 1.807935490608215234e+00 1.686633906364440882e+00 1.539505118131637484e+00 1.402136666774749685e+00 1.299211379289627155e+00 1.203877972364425730e+00 1.122542301416397104e+00 1.065835626125335667e+00 1.019763535261154264e+00 9.989951801300048784e-01 9.860719889402389526e-01 9.777982902526854980e-01 9.721031117439270508e-01 9.703764492273330156e-01 9.674943512678146895e-01 9.655965232849120783e-01 9.644327783584594194e-01 9.618738293647766113e-01 9.593920069932937444e-01 9.558817207813262717e-01
1.150171169638633639e+00 1.589762144088745055e+00 1.769551405906677255e+00 1.889990636110305822e+00 1.806004577875137240e+00 1.685044534206390443e+00 1.538372453451156696e+00 1.398739362955093490e+00 1.296814892292022625e+00 1.201160180568695113e+00 1.120889307260513279e+00 1.065418065786361668e+00 1.017590646147727984e+00 9.961343759298324496e-01 9.833133709430694758e-01 9.748861163854598555e-01 9.687843573093414262e-01 9.668895411491393865e-01 9.643023175001144143e-01 9.625425851345061901e-01 9.611271131038665594e-01 9.585752040147781372e-01 9.564443314075470326e-01 9.535620313882827714e-01
1.120938820838928152e+00 1.621782400608062780e+00 1.789917693138122656e+00 1.891590887308120639e+00 1.824212667942047172e+00 1.692968494892120424e+00 1.550373936891555893e+00 1.403638241291046196e+00 1.302884081602096566e+00 1.204850640296936115e+00 1.124566754102706900e+00 1.069085713624954304e+00 1.022017076611518860e+00 9.997975921630859464e-01 9.865572303533554077e-01 9.789051693677902621e-01 9.729934787750244007e-01 9.714472973346710560e-01 9.687719857692718151e-01 9.670791280269622758e-01 9.660105568170547219e-01 9.631513196229934959e-01 9.607126837968826827e-01 9.573608750104903864e-01
1.175852761864662144e+00 1.622442591190338179e+00 1.769730418920516968e+00 1.904370356798172015e+00 1.822015175819396982e+00 1.689312152862548766e+00 1.551716885566711390e+00 1.406204203367233285e+00 1.302701804637908856e+00 1.208093175888061532e+00 1.127512367963790840e+00 1.070840659141540474e+00 1.023929520249366787e+00 1.001245806217193612e+00 9.888167333602905229e-01 9.803826886415482056e-01 9.744479602575302213e-01 9.723915117979049505e-01 9.696180516481399669e-01 9.675284063816070868e-01 9.660101753473281372e-01 9.629707008600234541e-01 9.605607897043227927e-01 9.570040309429168612e-01
1.154381771087646502e+00 1.612808049917221043e+00 1.764733043909072929e+00 1.887877287864685005e+00 1.822385638952255249e+00 1.688448326587677073e+00 1.545728425979614240e+00 1.405309462547302157e+00 1.302004797458648611e+00 1.205340752601623544e+00 1.126172145605087271e+00 1.069648951292037964e+00 1.022694399356842032e+00 1.000542769432067880e+00 9.878070825338363115e-01 9.796133387088775679e-01 9.733181154727935658e-01 9.713766413927078514e-01 9.689043819904327171e-01 9.672660988569259377e-01 9.661228817701339455e-01 9.634157329797744529e-01 9.609593045711517512e-01 9.575309187173843828e-01
1.162031270265579286e+00 1.614716114997863716e+00 1.773553706407547059e+00 1.883483889102935738e+00 1.808340821266174236e+00 1.683414003849029505e+00 1.540843852758407628e+00 1.399007682800292862e+00 1.297695628404617274e+00 1.202315056324005038e+00 1.123013063669204614e+00 1.067048016786575237e+00 1.020055445432662911e+00 9.981191200017929255e-01 9.852839583158492509e-01 9.771120530366897983e-01 9.714362007379532260e-01 9.696213155984878540e-01 9.671522092819213601e-01 9.653449100255966364e-01 9.641105943918227839e-01 9.615165913105010453e-01 9.595326548814773204e-01 9.570252758264541360e-01
1.130026451349258387e+00 1.626886683702468916e+00 1.772308701276779086e+00 1.882958776950836244e+00 1.816024373769760114e+00 1.682708671092987052e+00 1.542454910278320268e+00 1.400378872156143206e+00 1.298047308921813858e+00 1.203199825286865199e+00 1.121123945713043302e+00 1.065956526994705111e+00 1.018145498037338337e+00 9.954249721765517922e-01 9.822188341617583696e-01 9.745465499162674350e-01 9.690555059909820024e-01 9.676045423746109098e-01 9.648360460996627808e-01 9.628261846303939331e-01 9.612814599275588678e-01 9.583266603946686280e-01 9.557608747482300160e-01 9.520601403713225830e-01
1.150942005515098510e+00 1.622156796455383354e+00 1.780595605373382462e+00 1.881079835891723562e+00 1.814385304450988778e+00 1.686982955932617267e+00 1.547129245996475166e+00 1.399873023033141983e+00 1.301333874464035034e+00 1.204348654747009251e+00 1.123547319173812786e+00 1.068433399200439560e+00 1.020122863650321898e+00 9.984648472070694059e-01 9.857766765356064109e-01 9.778623706102371749e-01 9.717296773195266413e-01 9.701676523685455189e-01 9.675305026769638328e-01 9.656014382839203103e-01 9.643592423200607611e-01 9.616349744796752752e-01 9.593488109111786288e-01 9.561710548400879084e-01
1.168795934915542567e+00 1.619110958576202464e+00 1.779644197225570768e+00 1.884950886964797956e+00 1.816922904253005955e+00 1.688017495870590245e+00 1.550019613504409755e+00 1.406389149427413887e+00 1.300720008611679024e+00 1.207596639394760141e+00 1.126541815996169982e+00 1.071277065277099538e+00 1.023401570916175896e+00 1.001088492274284425e+00 9.879331368207932007e-01 9.796344333887100353e-01 9.738388037681580123e-01 9.719928264617919700e-01 9.694291126728057373e-01 9.676270467042923373e-01 9.661486440896988048e-01 9.632140511274337458e-01 9.607924312353134377e-01 9.573925775289535700e-01
1.165905981063842800e+00 1.628362716436386082e+00 1.777051998376846242e+00 1.891026979684829801e+00 1.813555580377578691e+00 1.690052521228790239e+00 1.548291492462158248e+00 1.405492836236953647e+00 1.301543904542922903e+00 1.205042496919632056e+00 1.124503509998321604e+00 1.068144223690032923e+00 1.020741048455238387e+00 9.978149658441544112e-01 9.857080751657485429e-01 9.781560963392257335e-01 9.723813551664352017e-01 9.705310726165771174e-01 9.681528931856155928e-01 9.662751543521881370e-01 9.647165691852569447e-01 9.617421901226044234e-01 9.591407281160354570e-01 9.555948668718338146e-01
1.170901770591735946e+00 1.627949492931366038e+00 1.771268976926803518e+00 1.888927872180938827e+00 1.817564119100570696e+00 1.692952895164489657e+00 1.550703423023223948e+00 1.408985716104507402e+00 1.303540306091308665e+00 1.207121927738189715e+00 1.126444475650787425e+00 1.071598975658416775e+00 1.024246025681495587e+00 1.002049698233604458e+00 9.896838539838790361e-01 9.810953372716904042e-01 9.748059892654419301e-01 9.727673560380936113e-01 9.704171180725097434e-01 9.682076627016067416e-01 9.665965700149535822e-01 9.633269143104553622e-01 9.606997650861740512e-01 9.567044681310653553e-01
1.171593770384788513e+00 1.596916016340255817e+00 1.783732258081436095e+00 1.869849349260330307e+00 1.817131445407867529e+00 1.684830114841461279e+00 1.543980691432952801e+00 1.400333846807479965e+00 1.297358179092407138e+00 1.201896646022796666e+00 1.121986925601959229e+00 1.065569308996200615e+00 1.018400837779044998e+00 9.964713633060455766e-01 9.835519862174987304e-01 9.748534148931503607e-01 9.690865719318390026e-01 9.679273277521133201e-01 9.651129966974258956e-01 9.631914258003234641e-01 9.617398810386658115e-01 9.590454089641571311e-01 9.570349705219268754e-01 9.545403915643692061e-01
1.153654878735542288e+00 1.616044161319732719e+00 1.783922549486160358e+00 1.888523223400115914e+00 1.818237497806548975e+00 1.690539314746856592e+00 1.548258985280990707e+00 1.403406468629837089e+00 1.301572463512420619e+00 1.206047154664993348e+00 1.125235335826873850e+00 1.069548313617706192e+00 1.021808884739875856e+00 1.000456879138946542e+00 9.878854334354401079e-01 9.794295215606689808e-01 9.736831104755401256e-01 9.718890053033828469e-01 9.692028450965881614e-01 9.671923035383224176e-01 9.658229440450668557e-01 9.634279024600982400e-01 9.616428542137146485e-01 9.589169353246689287e-01
1.171597108840942481e+00 1.618287020921707065e+00 1.779894652366638130e+00 1.891778815984725970e+00 1.816807546615600621e+00 1.687898850440979093e+00 1.539316152334213150e+00 1.397380539178848302e+00 1.296653267145156940e+00 1.199932307004928589e+00 1.119432128667831483e+00 1.063722925186157298e+00 1.016531745791435348e+00 9.943773746490478516e-01 9.819028699398040239e-01 9.739430767297744262e-01 9.679948377609253196e-01 9.663157683610915649e-01 9.639968025684356734e-01 9.623235529661178234e-01 9.606680971384048418e-01 9.576056498289108321e-01 9.548908245563506592e-01 9.518303447961806718e-01
1.156596293449401847e+00 1.620897841453552202e+00 1.780790481567382733e+00 1.879536689519882176e+00 1.816505393981933558e+00 1.688150861263275182e+00 1.544391587972641089e+00 1.401816512346267807e+00 1.300053606033325204e+00 1.202538909912109322e+00 1.122408572435378948e+00 1.066584031581878644e+00 1.018856028318405160e+00 9.969094145298004195e-01 9.840197438001632158e-01 9.760949605703354015e-01 9.705246824026108055e-01 9.689640396833419933e-01 9.664730787277221458e-01 9.647326254844665883e-01 9.634169888496398881e-01 9.604763442277908236e-01 9.579819941520690829e-01 9.547214317321777166e-01
1.151554528474807659e+00 1.613334513902664247e+00 1.779696800708770787e+00 1.893522629737854013e+00 1.807494626045227148e+00 1.686188375949859708e+00 1.544933645725250271e+00 1.402997630834579512e+00 1.299005354642868149e+00 1.201845711469650357e+00 1.120782144069671693e+00 1.065632430315017753e+00 1.018155028820037833e+00 9.969916313886642012e-01 9.842183810472487915e-01 9.760487139225005881e-01 9.700177925825118619e-01 9.684520018100738481e-01 9.659818243980408115e-01 9.641879397630691573e-01 9.627045637369155973e-01 9.596596038341522750e-01 9.569996070861815918e-01 9.534904098510742498e-01
1.170209182500839162e+00 1.607192918062209985e+00 1.793285360336303702e+00 1.890973346233367991e+00 1.808826707601547179e+00 1.689793602228164771e+00 1.548620392084121722e+00 1.404380136728286654e+00 1.299347394704818637e+00 1.202310284376144400e+00 1.122600834369659406e+00 1.066617617607116708e+00 1.019998718500137347e+00 9.971894532442092673e-01 9.847497284412384255e-01 9.766035783290862859e-01 9.704177927970886186e-01 9.691497874259948908e-01 9.663103902339935658e-01 9.643187248706817094e-01 9.628071087598800704e-01 9.597963881492614924e-01 9.572238600254059371e-01 9.536327612400055109e-01
1.160653575062751797e+00 1.612056330442428687e+00 1.772836235761642509e+00 1.886227997541427559e+00 1.812165930271148584e+00 1.683404718637466324e+00 1.545309598445892441e+00 1.403018347024917567e+00 1.298070224523544258e+00 1.202169451713561932e+00 1.122898507118225142e+00 1.066662498712539708e+00 1.018817798495292637e+00 9.971472030878066883e-01 9.844961571693420233e-01 9.765838277339935480e-01 9.704687505960464255e-01 9.689305800199509155e-01 9.663941800594330056e-01 9.647841739654541282e-01 9.633076220750809160e-01 9.605397379398346036e-01 9.582418501377105713e-01 9.554989737272262529e-01
1.161711391210556110e+00 1.620004922151565552e+00 1.775807158946991038e+00 1.888894265890121549e+00 1.806189152002334541e+00 1.690714069604873693e+00 1.546619788408279517e+00 1.405748903751373291e+00 1.300610970258712751e+00 1.203640693426132113e+00 1.123772051334381183e+00 1.068598042726516706e+00 1.020703448057174612e+00 9.991467547416686967e-01 9.864475166797638250e-01 9.787679463624954224e-01 9.731071144342422485e-01 9.712078100442886885e-01 9.684832108020782204e-01 9.666507637500763028e-01 9.652965319156646684e-01 9.624965751171111750e-01 9.599683046340942161e-01 9.565078079700469749e-01
1.155129427909851181e+00 1.637312024831771851e+00 1.785658601522445599e+00 1.889360816478729221e+00 1.814892352819442722e+00 1.698450571298599332e+00 1.552443858385086140e+00 1.409758116006851303e+00 1.305868846178054765e+00 1.209782971143722463e+00 1.129792512655258152e+00 1.073542100191116289e+00 1.026464254260063269e+00 1.004127179384231461e+00 9.912403166294098122e-01 9.831295806169509932e-01 9.771017205715178955e-01 9.753689789772033158e-01 9.726098376512527510e-01 9.706757974624633523e-01 9.694557541608810336e-01 9.668994212150573420e-01 9.645599192380904796e-01 9.617184180021286499e-01
1.131319041848182660e+00 1.622163554430007926e+00 1.778079971075057886e+00 1.881230020523071200e+00 1.811037439107894942e+00 1.680944361686706578e+00 1.543603746891021755e+00 1.399078516960144070e+00 1.297869732379913321e+00 1.202977746725082397e+00 1.121598088741302401e+00 1.066851979494094937e+00 1.018752372264862149e+00 9.964492958784103571e-01 9.844473111629485906e-01 9.761734348535537897e-01 9.700165438652038619e-01 9.684941095113753784e-01 9.657276105880737704e-01 9.638039201498032060e-01 9.622490197420120461e-01 9.593191993236541704e-01 9.569706112146377786e-01 9.534465783834457087e-01
1.149141665101051313e+00 1.606067022085189810e+00 1.780907796621322703e+00 1.887339673042297328e+00 1.815379835367202821e+00 1.677726147174835258e+00 1.545034552812576401e+00 1.397886781692504909e+00 1.297977603673934999e+00 1.201753716468811017e+00 1.121187009811401403e+00 1.065487101078033350e+00 1.018360776305198723e+00 9.953815579414367898e-01 9.835122925043106035e-01 9.752401232719420943e-01 9.694746863842010898e-01 9.678879123926162897e-01 9.656658113002777322e-01 9.636426758766174494e-01 9.620019418001174438e-01 9.590936863422393488e-01 9.565805715322494018e-01 9.528994303941726862e-01
1.164056113362312406e+00 1.623486742973327734e+00 1.783940347433090157e+00 1.885163801908493086e+00 1.821021872758865401e+00 1.685045248270034879e+00 1.544163198471069309e+00 1.401623784303665188e+00 1.297524342536926278e+00 1.202360829114913932e+00 1.122717889547347969e+00 1.067349866628646948e+00 1.020563662648201086e+00 9.984049344062805309e-01 9.855678468942642434e-01 9.775777912139892445e-01 9.718295228481292902e-01 9.700090348720550315e-01 9.671418797969818515e-01 9.652117890119552568e-01 9.636527752876281605e-01 9.606380802392959772e-01 9.578817754983901533e-01 9.543406468629836992e-01
1.151226976513862521e+00 1.617611398696899405e+00 1.782105029821395847e+00 1.889038100242614648e+00 1.802863242626190132e+00 1.684279041290283274e+00 1.544208395481109664e+00 1.399249175786972055e+00 1.297328519821167037e+00 1.201362807750701922e+00 1.120611412525176931e+00 1.064551848173141524e+00 1.016655136346817034e+00 9.944666302204132613e-01 9.818853080272674783e-01 9.731333881616592851e-01 9.674163961410522372e-01 9.655225551128387984e-01 9.627200877666473033e-01 9.605967211723327459e-01 9.593022316694259644e-01 9.566435790061951217e-01 9.541323024034500389e-01 9.517236870527266968e-01
1.156856753230094847e+00 1.613868412971496635e+00 1.785394642353057781e+00 1.893583297729492188e+00 1.819051901102066049e+00 1.687153497934341440e+00 1.550634543895721418e+00 1.406044083833694502e+00 1.301595263481140075e+00 1.206666890382766644e+00 1.125501955747604477e+00 1.069742716550827089e+00 1.022323433160781780e+00 1.000459412932396042e+00 9.879816180467605458e-01 9.798577809333801625e-01 9.737535768747329623e-01 9.720569533109665317e-01 9.692618298530578658e-01 9.671809560060501409e-01 9.658036381006240845e-01 9.630157935619354515e-01 9.607681983709335238e-01 9.573361009359360185e-01
1.170094083547592145e+00 1.629995700120925983e+00 1.793687338829040634e+00 1.898393257856368921e+00 1.819748494625091473e+00 1.688035600185394225e+00 1.549788905382156301e+00 1.404736866950988761e+00 1.301964530944824228e+00 1.207403614521026514e+00 1.125857547521591284e+00 1.069516270160675075e+00 1.022484083771705521e+00 1.000295525789260953e+00 9.883242541551590099e-01 9.798654502630234076e-01 9.737474161386490135e-01 9.722377240657806841e-01 9.695521521568298828e-01 9.675613641738891602e-01 9.658510726690292536e-01 9.627556270360946300e-01 9.603255409002303677e-01 9.570861744880676536e-01
1.170460823178291365e+00 1.625942564010620206e+00 1.770162240266800024e+00 1.890545017719268861e+00 1.824885619878768850e+00 1.691956772804260156e+00 1.550369615554809677e+00 1.404772679805755597e+00 1.302898983955383283e+00 1.206769171953201214e+00 1.125914144515991255e+00 1.070754662752151587e+00 1.023150176405906775e+00 1.000819544792175275e+00 9.881475013494491755e-01 9.800197267532348988e-01 9.742663633823395175e-01 9.727427762746810869e-01 9.703488510847091408e-01 9.685839551687240867e-01 9.670528823137283236e-01 9.641349917650222645e-01 9.614281737804413197e-01 9.583110731840133178e-01
1.164891202449798602e+00 1.623972196578979510e+00 1.774350523948669434e+00 1.891275361776352026e+00 1.818340818881988508e+00 1.689152597188949612e+00 1.548680837154388534e+00 1.407094839811324993e+00 1.302298135757446351e+00 1.206297701597213834e+00 1.126452332735061734e+00 1.070219316482543981e+00 1.022929351925849994e+00 1.001143915057182365e+00 9.880344378948211492e-01 9.799452525377273515e-01 9.739626008272170843e-01 9.721217978000641358e-01 9.693569850921630593e-01 9.675303530693054599e-01 9.658239883184432939e-01 9.628123813867568437e-01 9.602136540412903321e-01 9.563150864839553567e-01
1.162766687870025573e+00 1.617606877088546780e+00 1.790088047981262198e+00 1.888980686664581299e+00 1.825587941408157278e+00 1.688051868677139300e+00 1.546213178634643581e+00 1.405070947408676219e+00 1.300334992408752388e+00 1.205243133306503234e+00 1.124465613365173366e+00 1.068043678998947144e+00 1.020857697129249564e+00 9.982629150152206865e-01 9.854940527677535922e-01 9.776034170389175104e-01 9.712676692008972434e-01 9.692750245332717451e-01 9.670465600490569802e-01 9.658533179759979381e-01 9.646582001447677746e-01 9.625219380855560836e-01 9.605703014135360540e-01 9.574111485481262562e-01
1.170316388010978592e+00 1.619958369731903103e+00 1.770255514383316076e+00 1.887148827314376831e+00 1.816885507106781095e+00 1.686705213785171464e+00 1.543975222110748335e+00 1.396823103427887069e+00 1.299999954700469917e+00 1.203639849424362085e+00 1.123836753368377739e+00 1.069365816116333079e+00 1.021111826300621139e+00 9.991740977764129727e-01 9.854305559396743242e-01 9.776249462366104481e-01 9.720975923538207608e-01 9.702760773897171065e-01 9.676130443811417070e-01 9.656275874376296642e-01 9.643890994787216453e-01 9.617480069398880449e-01 9.595798629522324097e-01 9.566556620597839178e-01
1.164842334985733086e+00 1.623078517913818297e+00 1.754998315572738665e+00 1.887922296524047860e+00 1.813548429012298513e+00 1.687432498931884739e+00 1.549070711135864364e+00 1.405487715005874660e+00 1.301964381933212289e+00 1.206640288829803564e+00 1.125423468351364198e+00 1.069448342323303214e+00 1.022108393311500496e+00 1.000096254348754821e+00 9.876303267478943049e-01 9.791473281383514804e-01 9.731220883131027621e-01 9.715132606029510676e-01 9.688992196321487560e-01 9.668714821338653120e-01 9.652421140670776056e-01 9.623836231231689409e-01 9.600707501173019187e-01 9.571035307645797685e-01
1.151641223430633465e+00 1.605719647407531703e+00 1.787649955749511799e+00 1.892681038379669278e+00 1.815093359947204554e+00 1.685606247186660855e+00 1.545045503377914464e+00 1.402925097942352206e+00 1.298078463077545264e+00 1.203717635869979929e+00 1.123178100585937589e+00 1.068121781349182120e+00 1.020457720160484305e+00 9.980891472101212081e-01 9.851350146532058538e-01 9.772700595855713379e-01 9.712915360927582009e-01 9.699186325073242410e-01 9.675538015365600097e-01 9.654468375444412720e-01 9.640722084045409979e-01 9.614499425888061168e-01 9.592375344038009954e-01 9.560028469562530384e-01
1.156202462315559343e+00 1.610156680345535385e+00 1.787475471496581925e+00 1.886785664558410680e+00 1.815823513269424483e+00 1.687463384866714433e+00 1.545819902420043856e+00 1.404547812938690132e+00 1.302015477418899447e+00 1.204537101984024083e+00 1.124508181810379037e+00 1.069270364046096766e+00 1.022100458741188156e+00 9.998743826150894298e-01 9.874107736349105879e-01 9.795327073335647894e-01 9.735699003934860096e-01 9.715892440080642345e-01 9.694503706693649026e-01 9.674775052070617720e-01 9.664472901821136164e-01 9.641876560449600397e-01 9.621977692842483831e-01 9.589650338888168202e-01
1.161250836253166163e+00 1.620943360328674254e+00 1.787602106332778940e+00 1.899264755249023384e+00 1.825634143352508509e+00 1.699025846719741883e+00 1.550718456506729126e+00 1.410152270793914697e+00 1.307875827550888159e+00 1.209812068939208896e+00 1.130039827823638987e+00 1.073770252466201836e+00 1.026843929290771396e+00 1.004651069641113281e+00 9.917478996515274314e-01 9.834952735900879262e-01 9.775773727893829479e-01 9.757823759317397760e-01 9.733623856306076183e-01 9.714865422248840643e-01 9.697094529867171797e-01 9.658235222101211326e-01 9.621702486276626498e-01 9.576726877689361039e-01
1.154718542098998935e+00 1.610696986913681128e+00 1.780366473197936950e+00 1.885075309276580846e+00 1.815384500026702819e+00 1.681729155778884932e+00 1.538522450923919704e+00 1.399577013254165614e+00 1.297135531902313232e+00 1.201310734748840314e+00 1.121525403261184772e+00 1.065575109720230174e+00 1.018392100930213928e+00 9.972375643253326150e-01 9.848628193140029907e-01 9.764618802070618164e-01 9.700997447967529830e-01 9.681971889734267700e-01 9.656156659126281516e-01 9.639502638578414384e-01 9.629194968938827870e-01 9.603416651487350908e-01 9.577247744798660367e-01 9.549299889802932428e-01
1.168331229686736972e+00 1.634177590608596908e+00 1.793103672266006532e+00 1.898221571445465106e+00 1.836797270774841229e+00 1.700140002965927044e+00 1.558267149925231854e+00 1.416743413209915259e+00 1.312426042556762651e+00 1.215140187740325839e+00 1.135005438327789218e+00 1.079115130901336705e+00 1.031121715307235620e+00 1.008927801847457895e+00 9.960097563266754328e-01 9.877850985527039107e-01 9.814880007505416559e-01 9.797278016805648360e-01 9.773315024375915927e-01 9.756297051906586137e-01 9.740716248750687090e-01 9.711473292112350331e-01 9.683997046947478982e-01 9.641345500946044700e-01
1.147985624074935984e+00 1.610997231006622288e+00 1.777926951646804810e+00 1.887959250211715734e+00 1.811946322917938224e+00 1.685672758817672756e+00 1.541360460519790587e+00 1.402855583429336583e+00 1.297310922145843426e+00 1.203349024057388306e+00 1.122592422962188641e+00 1.066902973651886022e+00 1.019545831680297887e+00 9.977992290258407282e-01 9.851001763343810724e-01 9.770702010393143011e-01 9.712176048755645219e-01 9.697622495889663963e-01 9.671771603822708618e-01 9.655289858579635398e-01 9.641976863145828025e-01 9.616315168142318681e-01 9.591674411296844394e-01 9.557971453666687101e-01
1.168976417183876126e+00 1.634647694826126152e+00 1.803092454671859635e+00 1.910401648283004850e+00 1.837254260778427017e+00 1.704799151420593351e+00 1.563866304159164500e+00 1.418323218822479248e+00 1.313921430110931432e+00 1.217967903614044278e+00 1.136450309753417987e+00 1.080282378196716353e+00 1.032445256710052384e+00 1.010355830192565918e+00 9.975563502311706188e-01 9.891136181354522883e-01 9.831491065025329545e-01 9.815639978647232589e-01 9.790088135004043624e-01 9.771371054649352628e-01 9.757646405696869252e-01 9.728933131694793568e-01 9.704652100801467451e-01 9.672101825475692971e-01
1.155241161584854126e+00 1.613160493373870796e+00 1.793144398927688510e+00 1.899837853908538765e+00 1.822053298950195410e+00 1.696036089658737200e+00 1.553890937566757113e+00 1.411153329610824514e+00 1.306256591081619289e+00 1.211171956062316868e+00 1.130009434223175013e+00 1.075005950927734322e+00 1.027147934436798193e+00 1.005336316823959297e+00 9.926576942205429521e-01 9.840420216321945635e-01 9.777938050031661499e-01 9.764343154430389360e-01 9.734047055244445801e-01 9.711514008045196711e-01 9.690934628248214500e-01 9.659253787994385165e-01 9.629758012294769021e-01 9.588338369131088612e-01
1.158443703055381802e+00 1.603841596841812045e+00 1.777983934879302952e+00 1.887313393354415947e+00 1.812065832614898619e+00 1.683003916740417383e+00 1.550127575397491464e+00 1.402558194398880076e+00 1.301823158264160174e+00 1.205738319158554006e+00 1.125922648906707790e+00 1.069730237722396948e+00 1.023547261953353882e+00 1.001874833703040979e+00 9.891892641782760176e-01 9.809880554676055908e-01 9.748079365491867376e-01 9.726510167121886763e-01 9.700511944293975786e-01 9.676696538925171343e-01 9.662542390823364302e-01 9.631546342372894198e-01 9.604457730054855036e-01 9.569842374324798451e-01
1.153560014367103648e+00 1.625552705526351893e+00 1.788025207519531312e+00 1.909200054407119707e+00 1.828280781507491959e+00 1.701127349138259914e+00 1.556615501642227173e+00 1.417293649911880449e+00 1.312027699947357240e+00 1.216080989837646564e+00 1.135437957048416102e+00 1.079357652664184597e+00 1.031032297611236492e+00 1.009386084079742396e+00 9.960167038440704834e-01 9.874909114837646662e-01 9.814011025428771573e-01 9.798157960176467896e-01 9.770141696929931507e-01 9.752101182937622514e-01 9.737510651350020918e-01 9.705836862325668557e-01 9.680843049287796154e-01 9.636272490024566650e-01
1.169315156340599016e+00 1.628050392866134732e+00 1.795129388570785522e+00 1.900446001291274944e+00 1.824330248832702672e+00 1.698776655197143493e+00 1.555647534132003740e+00 1.410028285980224672e+00 1.308764785528182983e+00 1.211933803558349565e+00 1.131120434999465907e+00 1.075242303609847960e+00 1.028312132358551123e+00 1.006442094445228586e+00 9.938111144304275779e-01 9.850793147087096857e-01 9.789649248123168945e-01 9.768646466732024969e-01 9.742518514394760132e-01 9.720310729742049904e-01 9.701566052436828569e-01 9.669891005754470692e-01 9.642543727159500477e-01 9.608157849311829146e-01
1.173606050610542351e+00 1.633006051778793433e+00 1.803618524074554363e+00 1.908706479072570739e+00 1.839964076280593774e+00 1.707819091081619334e+00 1.563480958938598731e+00 1.419618229866027814e+00 1.315202292203903278e+00 1.218211218118667505e+00 1.137113530635833758e+00 1.080558770895004184e+00 1.032333421707153365e+00 1.009875187277793795e+00 9.970022648572921531e-01 9.886801487207412809e-01 9.828984528779983743e-01 9.813281005620956288e-01 9.784127211570740057e-01 9.762433433532714533e-01 9.748367327451705755e-01 9.722983390092849731e-01 9.701216304302215931e-01 9.671569871902465643e-01
1.162566806077957260e+00 1.613946937322616515e+00 1.780859856605529812e+00 1.868824766874313426e+00 1.808865748643875060e+00 1.684836686849594090e+00 1.540415371656417953e+00 1.399641793966293291e+00 1.297035584449768075e+00 1.202232650518417323e+00 1.121056027412414613e+00 1.066422159671783554e+00 1.018909287452697709e+00 9.973031765222549749e-01 9.845689696073531838e-01 9.764163255691528098e-01 9.703143858909606401e-01 9.689530175924301325e-01 9.663502246141433272e-01 9.643912553787231667e-01 9.632485765218734564e-01 9.604504793882370217e-01 9.578963923454284490e-01 9.545455259084701938e-01
1.144663576483726519e+00 1.585029901266097996e+00 1.747851603031158385e+00 1.870022516250610334e+00 1.795276286602020210e+00 1.671450190544128356e+00 1.537561850547790598e+00 1.393017104864120448e+00 1.290218372344970721e+00 1.194167897701263525e+00 1.115083578824996868e+00 1.059135408401489231e+00 1.012829096913337779e+00 9.903167438507080034e-01 9.776159709692001654e-01 9.691646736860275446e-01 9.632054269313812256e-01 9.614441162347793224e-01 9.582745361328125488e-01 9.568023765087128041e-01 9.558493208885192605e-01 9.537654215097427501e-01 9.519354224205016646e-01 9.499843227863311590e-01
1.147838052511215290e+00 1.610415030717849749e+00 1.771672704219818151e+00 1.884390623569488499e+00 1.813774219751357997e+00 1.681288819313049299e+00 1.540813863277435303e+00 1.401109354496002268e+00 1.297933849096298164e+00 1.201677117347717205e+00 1.122243329286575220e+00 1.066554980278015208e+00 1.018596989512443596e+00 9.963546454906463401e-01 9.838355821371078669e-01 9.758747482299804377e-01 9.697745281457901267e-01 9.681725615262984919e-01 9.652294337749480757e-01 9.637029504776001287e-01 9.623349618911742898e-01 9.593660640716552557e-01 9.571513795852660822e-01 9.536356514692306829e-01
1.161396254301071185e+00 1.609466165304183960e+00 1.773142940998077455e+00 1.875818934440612873e+00 1.801377507448196358e+00 1.677235448360443026e+00 1.536647593975067227e+00 1.395723277330398471e+00 1.292520568370819189e+00 1.197009910345077532e+00 1.118149455785751423e+00 1.062154546976089575e+00 1.014887199997901890e+00 9.924801075458526967e-01 9.801188832521439132e-01 9.721186387538910401e-01 9.662722599506378129e-01 9.643355584144592818e-01 9.618142104148864613e-01 9.599270319938659757e-01 9.582548612356185380e-01 9.555145430564880860e-01 9.534736663103103860e-01 9.506295871734619096e-01
1.170388310551643274e+00 1.634038908481597829e+00 1.798665870428085345e+00 1.907560033798217702e+00 1.831435434818267760e+00 1.701898995637893597e+00 1.559431550502777153e+00 1.416276116371154803e+00 1.311329028606414759e+00 1.214315564632415745e+00 1.134214261770248422e+00 1.077620445489883449e+00 1.029779402613639760e+00 1.007380058765411368e+00 9.941247940063476785e-01 9.857828557491302712e-01 9.800311565399170144e-01 9.784228348731994762e-01 9.757605880498886330e-01 9.736385631561279563e-01 9.719584453105926114e-01 9.689529037475586026e-01 9.662440371513366655e-01 9.625658100843429432e-01
1.158494548201560947e+00 1.606868058443069458e+00 1.764048426151275661e+00 1.870748354196548391e+00 1.802555315494537291e+00 1.671040079593658412e+00 1.536155394315719569e+00 1.392896275520324689e+00 1.290038908720016586e+00 1.197100018262863053e+00 1.117049510478973495e+00 1.061654657125473022e+00 1.015625919699668867e+00 9.933171528577804388e-01 9.806970101594925104e-01 9.725483030080794844e-01 9.666256576776504073e-01 9.647647392749786333e-01 9.621928369998932196e-01 9.603347307443619307e-01 9.591151797771453325e-01 9.568575030565261708e-01 9.551203459501266257e-01 9.527734148502350342e-01
1.141519321203231740e+00 1.563651459217071604e+00 1.759184136390685937e+00 1.853394217491149965e+00 1.795879361629486137e+00 1.667913540601730249e+00 1.524388267993926904e+00 1.380559008121490461e+00 1.279111151695251358e+00 1.185969896316528382e+00 1.106835032701492416e+00 1.052993359565734810e+00 1.006160708665847725e+00 9.847247898578643799e-01 9.727452850341796742e-01 9.644101858139038086e-01 9.587834233045577914e-01 9.565394395589827958e-01 9.540878754854201782e-01 9.524405735731125144e-01 9.511997598409652754e-01 9.484443885087966430e-01 9.468457412719726296e-01 9.449438804388046176e-01
1.166467820405959976e+00 1.611863902807235682e+00 1.769287289381027195e+00 1.889432212114334098e+00 1.818813905715942481e+00 1.683386548757553003e+00 1.545752631425857615e+00 1.400232764482498116e+00 1.300155985355377242e+00 1.204506779909134018e+00 1.122379094362258911e+00 1.067657500505447388e+00 1.020756017565727314e+00 9.985218596458435014e-01 9.854611587524414462e-01 9.772895282506942616e-01 9.713714426755905018e-01 9.694362801313399780e-01 9.667438036203384044e-01 9.644385433197021351e-01 9.626873803138732422e-01 9.591613352298736794e-01 9.564584058523177834e-01 9.530463188886642012e-01
1.153534343242645255e+00 1.596756064891815097e+00 1.772532432079315212e+00 1.877084428071975619e+00 1.808729730844497618e+00 1.672639640569686836e+00 1.536414740085601860e+00 1.395333852767944416e+00 1.292666026353836095e+00 1.198188639879226747e+00 1.117915161848068273e+00 1.062712996006011990e+00 1.016389720439910826e+00 9.948099845647812023e-01 9.820707571506500644e-01 9.743137890100479481e-01 9.681102526187896906e-01 9.660664498805999756e-01 9.633822584152221813e-01 9.615083235502243086e-01 9.603423005342484053e-01 9.574455249309540283e-01 9.549479269981384633e-01 9.522497385740280595e-01
1.154733896255493164e+00 1.607543131113052359e+00 1.782838532924652108e+00 1.884603875875473067e+00 1.816582133769989005e+00 1.685075461864471436e+00 1.546353120803833026e+00 1.403094258308410724e+00 1.301004395484924414e+00 1.205144139528274483e+00 1.124213900566101154e+00 1.068281416893005265e+00 1.021436194181442270e+00 9.994216519594192327e-01 9.865058469772338690e-01 9.784418952465057107e-01 9.723924231529236240e-01 9.708556365966797275e-01 9.682578176259994951e-01 9.664011555910110296e-01 9.649918860197067572e-01 9.619075858592986972e-01 9.592577928304671930e-01 9.558397704362868730e-01
