6.093450997450416651e+01 2.378647026294379998e+02 1.835523757501461546e+02 2.442896178097417703e+02 1.227417485585044403e+02 1.160285831557754364e+02 1.241707716189419415e+02 1.167533982378232622e+02 8.008280846734562886e+01 6.515420781584215604e+01 5.705520067155595143e+01 3.455563497396354933e+01 3.047735602975057390e+01 1.902134555652509817e+01 1.138616812667993017e+01 8.415364707696470603e+00 4.780669281695599793e+00 3.648945851156238263e+00 1.740485360949673765e+00 1.314268921060396389e+00 1.076788371363587293e+00 7.460594398725165499e-01 6.171263425077362363e-01 5.590026149265502342e-01
5.804708472071949643e+01 2.526155506338563157e+02 1.844301478330397686e+02 2.482809709635499757e+02 1.167662892169370821e+02 1.176199772418420082e+02 1.253826529557110234e+02 1.163794865658946804e+02 8.089708118971813633e+01 6.390690862655119275e+01 5.681798335875433281e+01 3.392124212998226795e+01 3.082671295809334922e+01 1.895290296080566250e+01 1.134487647771180541e+01 8.414304696059737410e+00 4.686352308821872370e+00 3.661838586077870161e+00 1.802462218363367397e+00 1.326864920593539665e+00 1.070635306305329770e+00 7.362211006540473335e-01 6.113492892973109161e-01 5.509829707519778852e-01
4.701657503352191725e+01 2.496001156691029621e+02 1.814977221906287070e+02 2.365824738125527631e+02 1.182737519222406917e+02 1.222173200865173328e+02 1.211050750432912793e+02 1.174583568563903242e+02 8.192736194095421354e+01 6.485903099331510191e+01 5.733342626494577132e+01 3.413609233303058232e+01 3.089013875652848640e+01 1.880240269984691537e+01 1.158991566269849471e+01 8.433379222134320230e+00 4.684350842357821953e+00 3.657505540094517560e+00 1.811323635801469045e+00 1.358860471065308273e+00 1.044674460636953128e+00 7.247393519402947071e-01 6.169705590958362018e-01 5.508537537584456967e-01
7.027035198514826675e+01 2.627146654125494365e+02 1.827095602693203205e+02 2.595391477253599533e+02 1.298189298656749884e+02 1.212149184469327281e+02 1.220052017677008109e+02 1.177378950810461475e+02 7.911273140870751774e+01 6.406302066692408914e+01 5.724312904231498322e+01 3.443147848556011326e+01 3.074982959740153632e+01 1.895415080200431746e+01 1.163283969299559395e+01 8.414130701451382421e+00 4.622866051059541626e+00 3.655595857529475357e+00 1.859285351697354427e+00 1.376479240874491472e+00 1.055016668232731769e+00 7.553664370032155961e-01 6.312984572369635394e-01 5.664715869967079653e-01
7.407216958761377157e+01 2.261585538237941364e+02 1.952006792102468751e+02 2.362882771022189559e+02 1.220035878806796887e+02 1.203008189140019084e+02 1.261165188461193338e+02 1.171572201624172891e+02 7.975541905362592843e+01 6.413587410534381661e+01 5.720346294572740220e+01 3.432819895954670386e+01 3.153491176242658511e+01 1.866726909297943138e+01 1.139820840113520894e+01 8.520263583975731692e+00 4.652625222781392011e+00 3.594926605188779156e+00 1.852861180871808511e+00 1.397403001846484694e+00 1.044548460108045917e+00 7.695522535973254863e-01 6.091429092833927639e-01 5.417614691022486495e-01
6.684014340351330929e+01 2.386365661071779698e+02 1.745982276976243668e+02 2.391630984485156546e+02 1.277258731762264574e+02 1.206928095467917643e+02 1.229808481883307252e+02 1.177606318731592694e+02 8.035652996480366994e+01 6.216200731915025557e+01 5.692109896540719660e+01 3.387216162842450018e+01 3.064662179722142810e+01 1.883376098328964332e+01 1.149026637584722899e+01 8.487335000189066392e+00 4.619605411049305665e+00 3.788315083054109245e+00 1.786253191862466005e+00 1.329731471299149259e+00 1.053510014713604281e+00 7.298203443758241038e-01 5.928757986333126340e-01 5.361689656881585275e-01
6.005998960259863395e+01 2.538426873393786707e+02 1.850072662419200640e+02 2.510087282471039885e+02 1.223499194103843450e+02 1.207247822146693466e+02 1.259485984900284450e+02 1.172711893686437321e+02 8.049641008524902475e+01 6.431564952610349906e+01 5.712832048899087312e+01 3.479242995971029018e+01 3.099485287857804394e+01 1.860162351323469565e+01 1.142258132898363954e+01 8.632730403092599758e+00 4.681112888232977554e+00 3.635923825206299753e+00 1.788203030297098373e+00 1.367896425912898062e+00 1.027732130948446843e+00 7.546785756409852830e-01 6.245931065421038708e-01 5.421882596845953861e-01
7.613587269395257806e+01 2.244986571956118837e+02 1.734827225538427626e+02 2.521798119278839749e+02 1.288024862294797970e+02 1.204843109970401400e+02 1.216776523391788487e+02 1.183102510639182157e+02 7.976912772501580662e+01 6.374049708822715132e+01 5.673934176319634304e+01 3.432970586905883437e+01 3.094652193988201816e+01 1.844588779175942150e+01 1.145389557185945328e+01 8.448545450472357388e+00 4.707568955313065295e+00 3.813511385171735046e+00 1.818094073636776109e+00 1.339633296547464880e+00 1.014543287888539647e+00 7.384841568616217211e-01 5.890470440443184019e-01 5.284305184253866861e-01
8.273264916998378737e+01 2.542577544091058428e+02 1.878494283604609052e+02 2.456218362007546716e+02 1.213572693198440930e+02 1.214016778734205815e+02 1.242552355273967635e+02 1.148052383019601876e+02 7.999625033071666280e+01 6.395140930904241117e+01 5.512687966875088108e+01 3.398695765892886556e+01 3.076484399135759773e+01 1.897859717834849036e+01 1.163160333521526368e+01 8.410350034949129139e+00 4.527390109650742289e+00 3.595726417724204094e+00 1.791361217841409337e+00 1.358200565914400748e+00 1.067742156962457223e+00 7.766903649843496238e-01 6.095147403050600321e-01 5.366448778225353378e-01
7.984151378023700829e+01 2.494098916892224906e+02 1.910267264440257691e+02 2.379087610531425128e+02 1.268541314178094694e+02 1.191921017467435462e+02 1.265551316960652457e+02 1.210775761218308304e+02 8.105416478557782511e+01 6.496239481583160114e+01 5.715144771470737339e+01 3.500416911589234559e+01 3.105369422941371482e+01 1.854496230266016354e+01 1.142638882807039913e+01 8.269409921269865293e+00 4.751845250070026339e+00 3.669545258049220493e+00 1.858540055917379696e+00 1.357494568879800356e+00 1.008589157176003726e+00 7.618833114877199275e-01 5.998897452799279995e-01 5.532319924878553730e-01
8.206759741634969885e+01 2.499477606746792162e+02 1.840834048468566380e+02 2.446122839555490884e+02 1.212639480283836235e+02 1.215760427740301850e+02 1.222275973546287418e+02 1.151363490433860335e+02 7.874637540616987508e+01 6.438239703201371356e+01 5.689346234395169688e+01 3.381379160734787348e+01 3.049360380792111158e+01 1.860681701712330138e+01 1.138903715048447651e+01 8.399107076374352943e+00 4.781174181278266211e+00 3.721113545440153381e+00 1.768422145989535288e+00 1.375041463852062718e+00 1.080540012303498498e+00 7.507516941025292878e-01 6.275263429871775767e-01 5.491637908307848148e-01
6.597032316158346532e+01 2.481106518336777356e+02 1.856787638907051985e+02 2.223515386825259554e+02 1.192260879261536104e+02 1.184783332855402733e+02 1.272176713660864209e+02 1.191792267780554795e+02 8.042605056775943240e+01 6.481603878392003537e+01 5.732167909674195272e+01 3.432262778176131235e+01 3.096376276141314321e+01 1.866293174942838817e+01 1.187976251729340760e+01 8.216506733280336761e+00 4.728848630247605378e+00 3.693884591095906611e+00 1.783641689507440953e+00 1.374503380837250210e+00 1.034598557252633055e+00 7.070516253318834821e-01 5.987945530741644040e-01 5.565265115950153163e-01
7.493059495333127984e+01 2.736690535126883788e+02 1.796444934678182506e+02 2.429049276270265807e+02 1.203298589735430681e+02 1.201758008377022264e+02 1.259722285150735956e+02 1.176688716095215455e+02 8.011834016972174766e+01 6.417021669321981392e+01 5.659817738010568888e+01 3.415001936201703359e+01 3.084867407028015407e+01 1.857973664853390616e+01 1.163814118886911153e+01 8.399246995453630404e+00 4.614731240526910305e+00 3.644238387021064618e+00 1.820019614261375596e+00 1.333227631453697271e+00 1.054174176036023702e+00 7.355996495471378571e-01 6.157570074767314550e-01 5.506897383085128661e-01
3.415402738608214861e+01 2.475558382386603000e+02 1.865601323956335307e+02 2.571168549012988365e+02 1.227967191338357509e+02 1.255378812799748829e+02 1.225415676376079261e+02 1.223470292681571578e+02 8.060663888972447921e+01 6.429547351049734516e+01 5.650167914000883229e+01 3.423968345741315744e+01 3.052442710922729319e+01 1.885000839409410389e+01 1.074365295473614879e+01 8.283357874951203570e+00 4.720954395948122162e+00 3.610191035625569533e+00 1.752128365014076872e+00 1.328407461606456508e+00 1.064269433402028175e+00 7.854817799845256188e-01 6.301969362843827804e-01 5.502485420527551963e-01
7.981938996895529215e+01 2.680993667950777422e+02 1.732355156489659578e+02 2.522031114700980936e+02 1.239913448868388031e+02 1.185678815001812012e+02 1.236244718497568584e+02 1.187037559174439991e+02 8.192498513999946397e+01 6.409999922932668426e+01 5.650795835840818881e+01 3.426996211356993172e+01 3.082375918141598348e+01 1.881163044437452214e+01 1.150124451493821454e+01 8.260974710075997152e+00 4.744166123351715392e+00 3.675176135781327513e+00 1.836614248785914283e+00 1.320195229055058039e+00 1.013023669546257111e+00 7.495268249035391683e-01 6.254077628167548086e-01 5.614475252111491566e-01
6.599320944907402975e+01 2.492471404084476490e+02 1.888732413290429122e+02 2.537283666714222079e+02 1.149037407387401828e+02 1.271886749493815216e+02 1.192115699498467052e+02 1.155016616941439480e+02 8.130149476164531563e+01 6.429216703022409263e+01 5.675635380019721765e+01 3.426637665570850544e+01 3.065772481061846122e+01 1.850531546903887659e+01 1.145011415448661296e+01 8.537427817635110827e+00 4.748726147781662021e+00 3.612324603158118652e+00 1.727672809405813581e+00 1.359565797646155927e+00 1.001495620063984848e+00 7.330660272530228339e-01 6.380003429783609459e-01 5.769953478522303891e-01
8.510862777919490441e+01 2.438236690434054594e+02 1.872740310153158134e+02 2.401025915285177064e+02 1.212672933315786139e+02 1.220525167926251555e+02 1.248165843372222383e+02 1.188477500912860876e+02 8.049703793413600295e+01 6.312684216522113445e+01 5.650130377885129462e+01 3.399860302123807543e+01 3.055455577057573180e+01 1.897144875308402945e+01 1.163603373082924897e+01 8.520626577179278627e+00 4.630205997937570039e+00 3.650887810801227928e+00 1.752420126227526298e+00 1.353919213629393825e+00 1.109579458947177466e+00 7.304428553205196684e-01 6.184799860048402209e-01 5.324138061361025631e-01
6.428161930551614489e+01 2.451133232364236108e+02 1.697035759405877116e+02 2.381153075669261341e+02 1.273339203739003125e+02 1.198324319785434540e+02 1.252462293432861316e+02 1.174397065826985198e+02 8.109293842806872021e+01 6.440765826509793612e+01 5.758634591090935828e+01 3.419693017776651800e+01 3.067882088923855477e+01 1.836372772710300083e+01 1.149110964232098375e+01 8.338549129114470659e+00 4.584733131506652626e+00 3.700752122643142350e+00 1.815736905847021188e+00 1.364985067857371392e+00 1.049052994466463495e+00 7.490641258186830909e-01 6.250015274337523685e-01 5.497602733931519214e-01
5.867638307144301990e+01 2.494826861763647230e+02 1.859289849137694546e+02 2.645785372428732671e+02 1.234915335205183737e+02 1.128909632980746807e+02 1.261387313725542754e+02 1.199327797588045144e+02 7.875225418291199730e+01 6.363610453767391562e+01 5.713813862323192438e+01 3.422214493121473566e+01 3.008192329532894860e+01 1.884701612527836545e+01 1.137035218881296750e+01 8.372184454929193720e+00 4.672948160716812183e+00 3.612207036909833580e+00 1.774138042681842276e+00 1.354924114181037753e+00 1.028244361310452604e+00 7.810341751363961693e-01 6.268363766008866467e-01 5.481769063857848678e-01
5.869801245621955843e+01 2.575585815843073192e+02 1.756942611882684275e+02 2.455995534822356205e+02 1.159454531220797406e+02 1.269906437108215727e+02 1.209087194757054817e+02 1.171029823432034220e+02 7.978256862088113621e+01 6.358700118708660654e+01 5.611891002373969428e+01 3.386319657017340035e+01 3.119945460127995673e+01 1.862976956174743037e+01 1.174109964565404240e+01 8.444229394621332929e+00 4.700431241162510432e+00 3.734988834316824491e+00 1.803277763040552095e+00 1.393495694814819386e+00 1.039205943148734379e+00 7.626838287243288272e-01 6.367627859750696340e-01 5.643182210851904745e-01
7.762447936798409387e+01 2.726551995186603108e+02 1.786323521929174944e+02 2.411128792610595042e+02 1.169517993143425514e+02 1.180078678643183991e+02 1.241097447310359314e+02 1.187622357549860226e+02 8.096193765505105944e+01 6.444150895590487949e+01 5.809299061456714242e+01 3.432921870945893517e+01 3.013888915096359256e+01 1.885189354758434277e+01 1.129836378235088290e+01 8.442524364412564708e+00 4.533414420519368271e+00 3.642358760812526519e+00 1.817690972326428289e+00 1.357341716539474774e+00 1.089589324192228981e+00 7.538967217652782216e-01 6.139409901636908584e-01 5.601289140355594220e-01
5.362931105234297036e+01 2.472012902867103890e+02 1.825246132467757150e+02 2.403030460737411715e+02 1.245432254344545839e+02 1.229039093168543957e+02 1.244603213068538423e+02 1.160590923849850640e+02 7.960678968319868432e+01 6.430245843630893887e+01 5.774621920117709095e+01 3.430881195155013330e+01 3.071776351758952828e+01 1.912741055213378516e+01 1.175238052014050538e+01 8.509515078572819746e+00 4.815316638911146363e+00 3.628275317834348535e+00 1.814969503956703756e+00 1.319164644355076410e+00 1.032651086325953482e+00 7.608197917607110172e-01 6.075080908527586976e-01 5.473894608117153560e-01
7.238189644239929521e+01 2.722252382656093346e+02 1.792606242917116788e+02 2.374881523806465395e+02 1.211495817177239331e+02 1.270269467831752053e+02 1.247005504811246936e+02 1.172423627582786736e+02 7.952597873554516639e+01 6.300000458704217721e+01 5.756334974047585717e+01 3.415992341548637512e+01 3.054054083220944804e+01 1.857500924512269336e+01 1.121433784600049677e+01 8.359665412311530375e+00 4.687071991069869270e+00 3.671124548882905625e+00 1.720345622368454563e+00 1.291435569204607114e+00 1.023205904919319842e+00 7.779059444731182271e-01 6.086236004872661587e-01 5.504707426301793660e-01
8.595976544938703512e+01 2.340786384025007294e+02 1.838384874079595761e+02 2.473406564173696438e+02 1.259356118343892348e+02 1.189847499826633452e+02 1.235694233285562120e+02 1.176105198532054885e+02 8.306142589323943071e+01 6.349262904120806184e+01 5.681110166597350997e+01 3.406363521087571655e+01 3.076305814918376669e+01 1.863329728146758768e+01 1.132357423440813449e+01 8.289781866134852351e+00 4.787021037770383458e+00 3.782877779595615220e+00 1.746771958500984656e+00 1.355563367785615370e+00 1.043167591948675366e+00 7.489589827940782429e-01 5.923337143629380241e-01 5.291120793162409353e-01
4.920624957071914451e+01 2.544121270571914124e+02 1.824238302321830076e+02 2.443716616275682441e+02 1.148966421717144755e+02 1.191914476943660475e+02 1.253478628969651965e+02 1.188669129956212913e+02 8.001997815308719453e+01 6.377892223427001994e+01 5.656176681742432777e+01 3.389023385624598461e+01 3.057471617689420640e+01 1.866351496391630249e+01 1.171604477552880219e+01 8.447703870167059037e+00 4.618791406920848885e+00 3.656728363010596894e+00 1.757610640915679090e+00 1.317596832650619776e+00 1.022294646836527710e+00 7.809677409559874217e-01 6.242174228515156020e-01 5.571284867048040823e-01
6.510990460932670487e+01 2.353709175866863745e+02 1.863865154080953914e+02 2.420137163960243925e+02 1.274686905318078942e+02 1.203329899829697496e+02 1.234440664325531856e+02 1.183658655985148016e+02 7.976409364647842892e+01 6.437288808879883106e+01 5.713153647994938922e+01 3.416516988489847506e+01 3.093930807104317182e+01 1.879946911716714553e+01 1.156622715581071681e+01 8.545472861562068090e+00 4.726084104751159032e+00 3.546692628756193955e+00 1.718004252913352126e+00 1.357660515384448097e+00 1.056707637225087204e+00 7.337712990777179867e-01 6.115304699380452735e-01 5.326744001927256056e-01
3.299973308082515189e+01 2.496630276477980033e+02 1.798921003513866879e+02 2.387967189109338335e+02 1.227321020802024094e+02 1.237639242136621789e+02 1.156213104374604228e+02 1.157231487751081289e+02 8.122734692089100861e+01 6.509496298477773735e+01 5.643926509871666042e+01 3.369379847623902435e+01 3.065755382792849915e+01 1.904401972537400667e+01 1.130586249805826604e+01 8.584170598850482392e+00 4.605661876286102796e+00 3.785817373401553443e+00 1.780475314463477732e+00 1.354794933818207925e+00 1.070288610641878080e+00 7.684923075604214171e-01 6.139926126765342662e-01 5.570028881136070975e-01
6.517292049978492230e+01 2.525161001480913114e+02 1.733928658747983320e+02 2.604841796196175210e+02 1.276214604840214406e+02 1.242283045990625112e+02 1.214678465462360606e+02 1.179118999584932368e+02 8.006115041861079362e+01 6.400084510063460641e+01 5.701506273596602625e+01 3.421263030097225055e+01 3.072680753041877466e+01 1.864033476006081003e+01 1.130654834651649310e+01 8.342268672000715313e+00 4.620922952839490172e+00 3.648732617988954097e+00 1.807815725238229199e+00 1.329820113733908515e+00 1.045449266118839482e+00 7.602551139470234975e-01 6.196369065855031888e-01 5.400718066793754879e-01
5.300458370815783837e+01 2.493009367390950501e+02 1.645472721337839062e+02 2.470453246309604936e+02 1.234408673781743460e+02 1.208408608764826369e+02 1.239335386673281079e+02 1.171933350739224835e+02 8.063567589884108600e+01 6.376688806119260988e+01 5.692175121511358782e+01 3.420999311534720277e+01 3.069269889541338614e+01 1.901979096694612181e+01 1.163609146102355218e+01 8.450396811248655382e+00 4.575427646458113173e+00 3.648634590565869029e+00 1.763407346179716395e+00 1.386596532971209328e+00 1.031637510263187174e+00 7.608602305422998979e-01 6.171310575519887154e-01 5.495978021995787666e-01
1.038751107831890010e+02 2.480785333134128052e+02 1.785232658053799355e+02 2.486715704473918436e+02 1.240004027730654741e+02 1.222506894212589543e+02 1.230921873532611670e+02 1.154898561716093468e+02 8.041480881466451081e+01 6.406989069807437431e+01 5.661741540406012518e+01 3.432903105042340286e+01 3.046238771667858458e+01 1.893369788181407287e+01 1.145067363336108812e+01 8.485448651036270107e+00 4.761162643398459515e+00 3.596364138058811388e+00 1.871796962811247411e+00 1.352192694724447142e+00 1.031961482671284847e+00 7.362451798139593162e-01 5.933074322800657718e-01 5.306500466106924829e-01
7.446999342271244871e+01 2.755446184740609397e+02 1.898168034191743914e+02 2.250803226223120532e+02 1.243593418144900511e+02 1.251720536630747347e+02 1.251451541759187762e+02 1.208199873395485469e+02 8.223150354151496799e+01 6.467513330036784680e+01 5.705970583010201125e+01 3.377393496439231768e+01 3.072978132189101785e+01 1.871855230554933414e+01 1.184349395339473077e+01 8.437996618191544229e+00 4.600370520382609740e+00 3.747087983883217177e+00 1.890321127542133217e+00 1.415883625795479217e+00 9.885357495834967700e-01 7.684919954559741306e-01 6.154390319611096061e-01 5.479280995395529041e-01
7.167466014106724970e+01 2.476049566788619529e+02 1.831389822357914170e+02 2.414196333749385417e+02 1.205045235496392735e+02 1.251488952510485007e+02 1.291570433064944154e+02 1.180833768332892504e+02 8.083333359373590099e+01 6.509640176588705174e+01 5.657459466964117922e+01 3.479228537305871072e+01 3.051041261034833241e+01 1.897389769943440285e+01 1.137661568943136459e+01 8.091425246648046965e+00 4.556090390411789315e+00 3.648148433752864683e+00 1.867972232451357462e+00 1.376686342480023750e+00 1.065146543021562309e+00 7.019657554562953594e-01 6.068305360827257466e-01 5.356722613144946354e-01
5.403994185307570319e+01 2.551399924050477352e+02 1.864858974815295483e+02 2.526299233482800730e+02 1.236186344658111409e+02 1.252228448574469297e+02 1.241063486909114033e+02 1.196124938292524575e+02 8.221478030642232682e+01 6.335767200364518459e+01 5.755977903906626381e+01 3.492392910563025765e+01 3.087036765213544243e+01 1.859043269760208972e+01 1.144315188594289268e+01 8.518431499867773482e+00 4.606454449989068500e+00 3.665386519777732666e+00 1.867028340320768809e+00 1.345562772649660843e+00 1.051798242294994079e+00 7.457344580771418929e-01 6.256399318423662148e-01 5.523479496640091302e-01
4.456608455508064282e+01 2.548744217753237820e+02 1.811467098737375068e+02 2.583650348646261250e+02 1.255449392501199242e+02 1.226065330144785435e+02 1.228518231020203473e+02 1.158596755348366401e+02 8.014924581062517461e+01 6.302939187481299399e+01 5.793964596970884884e+01 3.443242842139272142e+01 3.028716611427919858e+01 1.854370647403705163e+01 1.110706771755092603e+01 8.235181343471406734e+00 4.734069474929963661e+00 3.726090349622102949e+00 1.843164341425946873e+00 1.342482329591026646e+00 1.002969368569225139e+00 7.642863972237463610e-01 6.032329995835490344e-01 5.657556021956211545e-01
6.438098416989490147e+01 2.430672894698110440e+02 1.724722145493568064e+02 2.461281165692158197e+02 1.223205304156490030e+02 1.232389252498522438e+02 1.219501283652036818e+02 1.170275191999287898e+02 7.932210639579261624e+01 6.395651322786911663e+01 5.758095187398163972e+01 3.504779267647204932e+01 3.071185684185472553e+01 1.895401617251189919e+01 1.148723417065033736e+01 8.427121590159199371e+00 4.610005905832808004e+00 3.719455459026833832e+00 1.786403792936058332e+00 1.347868486073492633e+00 1.044193837068337016e+00 7.179577310913971555e-01 5.802417441576405155e-01 5.364473947596241077e-01
8.220169686551449217e+01 2.521445242927964614e+02 1.832315581415424504e+02 2.469001958252325721e+02 1.256062051975252700e+02 1.207975218192165272e+02 1.227934652165077551e+02 1.161577230110073202e+02 8.027384441805122606e+01 6.339180516473440719e+01 5.866175940211864770e+01 3.428171982293324760e+01 3.094428408834714972e+01 1.872577786107167697e+01 1.147982897154454740e+01 8.421439607023556206e+00 4.694087378552514345e+00 3.771831074524359284e+00 1.793104556344588207e+00 1.374163452498968985e+00 1.044444480940295961e+00 7.140670532972294149e-01 6.126268884791654656e-01 5.506392254790902774e-01
6.650806362481911549e+01 2.470497666154691672e+02 1.714268551080182021e+02 2.475007244221739313e+02 1.249252029452818817e+02 1.232571332601497005e+02 1.251712243892625480e+02 1.183082500020582870e+02 8.008092558072360134e+01 6.364313278595076184e+01 5.728822545764454333e+01 3.453962017536442630e+01 3.081399069447113703e+01 1.870449561001160887e+01 1.166700401742298432e+01 8.257458013299016741e+00 4.647677255327497647e+00 3.605686117536924140e+00 1.804240063571618480e+00 1.353130857108191476e+00 1.059719965215917270e+00 7.481852005867509758e-01 6.261638992989244645e-01 5.489879217404445289e-01
5.806438545995702327e+01 2.399394703324420846e+02 1.705559728072458086e+02 2.446922018327737760e+02 1.272835215278926313e+02 1.213218417974908618e+02 1.261368161401591266e+02 1.187527803311007801e+02 8.165925466079661987e+01 6.559620290129407749e+01 5.615407399620622897e+01 3.397152188004236706e+01 3.047951649703255583e+01 1.850686642552008720e+01 1.171362171653407280e+01 8.370066306690084446e+00 4.675490432260693829e+00 3.533713631587017012e+00 1.893968922942256716e+00 1.285409575199401466e+00 1.057923834638783811e+00 7.465297288562978695e-01 6.147515887449258587e-01 5.375911154827431870e-01
5.616309705541733877e+01 2.475669933707086443e+02 1.820663785455925847e+02 2.394249046832360364e+02 1.234946061918190168e+02 1.191274306888286247e+02 1.262712310690150446e+02 1.183140291929603478e+02 7.930298373968908265e+01 6.299287207769181407e+01 5.768871190181913988e+01 3.419002867803114754e+01 3.077809184083690752e+01 1.892893642154297495e+01 1.144294005469196485e+01 8.554849693823591394e+00 4.679025756306707251e+00 3.656345193889567025e+00 1.811326433033736194e+00 1.369427731980413565e+00 1.050755984623113148e+00 7.481601091075686938e-01 5.998029555865191931e-01 5.554490525529370837e-01
6.527609585145991389e+01 2.431116991999812171e+02 1.571786895617354389e+02 2.344604627435617772e+02 1.261999147022188481e+02 1.174601881540966417e+02 1.252128723193208515e+02 1.200419671989365895e+02 7.874071743691860092e+01 6.318236163167262731e+01 5.653809755223218048e+01 3.429338706617822652e+01 2.997837314764683825e+01 1.883166584021258672e+01 1.137373146399936630e+01 8.284895719624973509e+00 4.653238773902949710e+00 3.752410550460470340e+00 1.809789112625615815e+00 1.369179551081712409e+00 1.021206469356981783e+00 7.258406433629862597e-01 6.078336592041980735e-01 5.489871039979077327e-01
7.054037191809275953e+01 2.560434318145245811e+02 1.873433360508680607e+02 2.452506333652116837e+02 1.192796423178510850e+02 1.112337079509098459e+02 1.226531731313896927e+02 1.199398340486484926e+02 8.182580533826728697e+01 6.538713735099322832e+01 5.666292394858454884e+01 3.490355876949958969e+01 3.077238365230542527e+01 1.862585404813468415e+01 1.160265286033995480e+01 8.447856056448847184e+00 4.641604686427444726e+00 3.706260446212948256e+00 1.653022545906726704e+00 1.392926023263480362e+00 1.050165848557286008e+00 7.732795588928481623e-01 5.982422134686324888e-01 5.657876662317163907e-01
6.384859304771710953e+01 2.565378749957812943e+02 1.784142699628122273e+02 2.356762518111885925e+02 1.264920903578505715e+02 1.218753777117068182e+02 1.241980961738105833e+02 1.169993839835565694e+02 8.054367924935472445e+01 6.470293156690746628e+01 5.620506112258053122e+01 3.380594137553947576e+01 3.052001917830597577e+01 1.894925977573678111e+01 1.175128496106581899e+01 8.433716182519127358e+00 4.689991133605915685e+00 3.651223977608650362e+00 1.846368474526556502e+00 1.337782843539749855e+00 1.030357998652633666e+00 7.739491085042671248e-01 6.384082496969771814e-01 5.463664515271002831e-01
6.101282157163065278e+01 2.530511135496460327e+02 1.780101373105614471e+02 2.410707157004802923e+02 1.208490308967257647e+02 1.250806994875190981e+02 1.244558466705936297e+02 1.152463161237356388e+02 8.048975582402133000e+01 6.442721744320952837e+01 5.790050662981979457e+01 3.378791081111086214e+01 3.037098552171897836e+01 1.898393444496123550e+01 1.152798123576509681e+01 8.394525680336384355e+00 4.711899979514615922e+00 3.692296440951015946e+00 1.765339596982960169e+00 1.284502728074720546e+00 1.065113921618262349e+00 7.559026018615810916e-01 6.125730988362811935e-01 5.500363191486192793e-01
6.893776287696958605e+01 2.577820354160852503e+02 1.928723618030510920e+02 2.453443345392621211e+02 1.232062631326986235e+02 1.165375282977204421e+02 1.253216043649852054e+02 1.198457994767112353e+02 8.157264292442455655e+01 6.416809994637803527e+01 5.693773464906517745e+01 3.381944931261944021e+01 3.060935795191724651e+01 1.875717820724892348e+01 1.114519500855527845e+01 8.570443568564728665e+00 4.660794012364302574e+00 3.755271812691781452e+00 1.672544691919897852e+00 1.360534080940259072e+00 1.060058553353581123e+00 7.335227364646170756e-01 6.168172467150989657e-01 5.534795640426081187e-01
6.882664031739423649e+01 2.503231146629651960e+02 1.794520430382586653e+02 2.425306916263626817e+02 1.260315078594175304e+02 1.213876254057458652e+02 1.212226580327262297e+02 1.156399933414570569e+02 7.974912597492696875e+01 6.465653452259061851e+01 5.718659888653259316e+01 3.446976433827816777e+01 3.090686354649032452e+01 1.927617129340450930e+01 1.149219830172087597e+01 8.223271375455150078e+00 4.657541124063220295e+00 3.659594263857467666e+00 1.778842567405034325e+00 1.378876157349310461e+00 1.051879145388159520e+00 7.209198082100469751e-01 6.371930222461273940e-01 5.464845067518009358e-01
6.293417407039169831e+01 2.468525290941965409e+02 1.759698159243921509e+02 2.519565217354971480e+02 1.198715941652883288e+02 1.205434181231793644e+02 1.221922276848193150e+02 1.170929931098831389e+02 7.922327491933056365e+01 6.345686416601045465e+01 5.636599989229677021e+01 3.420806713791074571e+01 3.101325381471540865e+01 1.854143380127801777e+01 1.153036217629039584e+01 8.382271681611689118e+00 4.553993807080462197e+00 3.584050652954524629e+00 1.797784681462697209e+00 1.286944669222785498e+00 1.061759430139032956e+00 7.357201294617947696e-01 6.170412162791945043e-01 5.461547420267891528e-01
7.186551693016483000e+01 2.409455301767541755e+02 1.909200447196226662e+02 2.441285515047523802e+02 1.320647251622962699e+02 1.205577104952856473e+02 1.247784233757669909e+02 1.154638468709951695e+02 8.039245370246676714e+01 6.440302801362781793e+01 5.633708957591998967e+01 3.451781727464472738e+01 3.085301058757739767e+01 1.850917643859612127e+01 1.135881404619516211e+01 8.375474767272153898e+00 4.652881673626080072e+00 3.578795175024184871e+00 1.740097187091879105e+00 1.367821834106668799e+00 1.071291779672109534e+00 7.431902730274821955e-01 6.059719892744361847e-01 5.368785605134067662e-01
6.243380984674026024e+01 2.397278175479809192e+02 1.568936897779186097e+02 2.441231976421012746e+02 1.244521358782446043e+02 1.205720001683479978e+02 1.222030388936254752e+02 1.168220313801373322e+02 8.027184722966518393e+01 6.455747298695781922e+01 5.653631729974919296e+01 3.461674556728511476e+01 3.098377353148447355e+01 1.878842567179207279e+01 1.151734410093685845e+01 8.331857753790830046e+00 4.673266465494620547e+00 3.706847827397272699e+00 1.879416859202925227e+00 1.360025480966537748e+00 1.041683709459813034e+00 7.418829179740159541e-01 6.299902278939504274e-01 5.596042578502401499e-01
6.489107730348264624e+01 2.406037898782615230e+02 1.759982606558205589e+02 2.442701128114574090e+02 1.242672729526044009e+02 1.178385683205055159e+02 1.232214461733634181e+02 1.168437973330464814e+02 8.061154937340472770e+01 6.480870597744439010e+01 5.742211275095499445e+01 3.441337883127632580e+01 3.076533348392131728e+01 1.893371343834060738e+01 1.139419321233378746e+01 8.502535894077917433e+00 4.737757331893127422e+00 3.685972969152603973e+00 1.752455301314338465e+00 1.320715463803180834e+00 1.035854690380017873e+00 7.312627698262150755e-01 6.170356075583035560e-01 5.418418508374467368e-01
6.186232007805845967e+01 2.489080352942584398e+02 1.882918419410962088e+02 2.398159334386529622e+02 1.218490388456462057e+02 1.255169427405157307e+02 1.229292089593514845e+02 1.170383839819533023e+02 8.050569177687196998e+01 6.385062714920830018e+01 5.692939027153369835e+01 3.447343688919574589e+01 3.061796082119832008e+01 1.886619130199053984e+01 1.140778718216438747e+01 8.405842715843762747e+00 4.671719196281833852e+00 3.623696442553697938e+00 1.864091140767543564e+00 1.343717773579531150e+00 1.059814450941625186e+00 7.512872213795024345e-01 6.113655706184519811e-01 5.442256479998227592e-01
6.968782283211581330e+01 2.444020161051291495e+02 1.625099669667564513e+02 2.392372095245609955e+02 1.233667837263890874e+02 1.212278169602919320e+02 1.261176923388377134e+02 1.196140376838928461e+02 8.226617266750413648e+01 6.435625712198681470e+01 5.690877471288224854e+01 3.415164106842096459e+01 3.010357816415138998e+01 1.892195549318952885e+01 1.142266479816498759e+01 8.459097899042912871e+00 4.635913063098920261e+00 3.678498300760275175e+00 1.810018403010706045e+00 1.352976694354012910e+00 1.066140182053053387e+00 7.199651393482190409e-01 5.960924318045490722e-01 5.404919982325868677e-01
5.825814837571615357e+01 2.449249302405250148e+02 1.794385275816488274e+02 2.298386208422524817e+02 1.186647711507627889e+02 1.211834268825745085e+02 1.247517413560857449e+02 1.182526607977365103e+02 8.107262029604672193e+01 6.338908942293723214e+01 5.634969442306424270e+01 3.427834958934704446e+01 3.064213440484475370e+01 1.906716676228062468e+01 1.129664833968334570e+01 8.366975080665408626e+00 4.661906738431506270e+00 3.653725450684277121e+00 1.805855060768487341e+00 1.380789149011285355e+00 9.983393744047075469e-01 7.094032674685828432e-01 6.037962583558518226e-01 5.639969953473830122e-01
5.397468039811764839e+01 2.465355728965695903e+02 1.817558795723107323e+02 2.446522419298381124e+02 1.240820942100010598e+02 1.237420208205508629e+02 1.207200692032462825e+02 1.184992005866443492e+02 8.092594587807033690e+01 6.405010803832503541e+01 5.708547447303385525e+01 3.461815353291611075e+01 3.068177146899308738e+01 1.886707934567012757e+01 1.151279347336570247e+01 8.452416755577459639e+00 4.746999960036523802e+00 3.582917872066912146e+00 1.869208396348732037e+00 1.378878118736963643e+00 1.044135198213769211e+00 7.123648786238200303e-01 5.893607942773610997e-01 5.361075724347115212e-01
4.851118139413865293e+01 2.590956007831113652e+02 1.774402476881735709e+02 2.403770797855765977e+02 1.235467654005324647e+02 1.209497099268117779e+02 1.246651056880873512e+02 1.178399877712709127e+02 8.292267205994276935e+01 6.530190801049363358e+01 5.718933545417214503e+01 3.430850563635135586e+01 3.050298203639528793e+01 1.877919979865462707e+01 1.156133315198830580e+01 8.471305031307485578e+00 4.709065673473419977e+00 3.669644034982836533e+00 1.780675697213984110e+00 1.291273967470287554e+00 1.031491650649229541e+00 7.289474550169606770e-01 5.840804089310406289e-01 5.318215203227437682e-01
6.450955103177878414e+01 2.454642473298839036e+02 1.896170420575989795e+02 2.433419043926557777e+02 1.284007818086738268e+02 1.218414577583965723e+02 1.251902115754966474e+02 1.182627084921994651e+02 8.123055473144933103e+01 6.509787482145671333e+01 5.801079938304364703e+01 3.474254071536217481e+01 3.098877517078470234e+01 1.880924901349591138e+01 1.150562784348652734e+01 8.339247587082402546e+00 4.690850829122996224e+00 3.582134458293301016e+00 1.784782075000093116e+00 1.358094648230914192e+00 1.020620373799882907e+00 7.127441485492471696e-01 6.094000368183012384e-01 5.570844914539435644e-01
6.374327419296909625e+01 2.500330876854008864e+02 1.877832678645914370e+02 2.467408661332652287e+02 1.237645925805341562e+02 1.191726710165091419e+02 1.270167098392031733e+02 1.189680223718763017e+02 8.129982648153220737e+01 6.448501238367009591e+01 5.753634703970114828e+01 3.474010407864877692e+01 3.020932060776124928e+01 1.880330597852599794e+01 1.153282520547379164e+01 8.336660851367687641e+00 4.746283962635999387e+00 3.681558888613432945e+00 1.785463203055311476e+00 1.343149835707956319e+00 1.029722268446201738e+00 7.702858074896462570e-01 6.144736354102346976e-01 5.369763026903899839e-01
5.993331977389016885e+01 2.530150600531866019e+02 1.782377516571414446e+02 2.565738092647816870e+02 1.224620419612490423e+02 1.183068287899434949e+02 1.240014790466852475e+02 1.173517567715301766e+02 8.057840974334764894e+01 6.527652269446539890e+01 5.703226515407791908e+01 3.384618231024612101e+01 3.049453554521136667e+01 1.884870082139241276e+01 1.152693268766697798e+01 8.391650766875647705e+00 4.675065732118942385e+00 3.775149077535969511e+00 1.751408208312606796e+00 1.350506107754531948e+00 1.063468590557115956e+00 7.369062659077564303e-01 6.044037213124888730e-01 5.439618622172586182e-01
6.413653002986724516e+01 2.527219555952872270e+02 1.740903529988459013e+02 2.438340112064886682e+02 1.232355921301737283e+02 1.206533438175298727e+02 1.256576367128728720e+02 1.170117491396443086e+02 8.088128375420285465e+01 6.331120544360370417e+01 5.766414801942506330e+01 3.432631498126228564e+01 3.088650204020494172e+01 1.902904387561225974e+01 1.163881328324769981e+01 8.427241732915669914e+00 4.674621059268126544e+00 3.667671194876563678e+00 1.797384222272184973e+00 1.354744347939508486e+00 1.022893517396785024e+00 7.319213888422136938e-01 6.043413639017489736e-01 5.665513210623897011e-01
7.641392989998848861e+01 2.239098551945550071e+02 1.746025888242861015e+02 2.367460020120300612e+02 1.135635436025337839e+02 1.206785918267250963e+02 1.223509792911232950e+02 1.172958641539719622e+02 7.847699579835271777e+01 6.367066065318905999e+01 5.799034225082208138e+01 3.428752587018841780e+01 3.096028738677095404e+01 1.862030347198245650e+01 1.168168158182287186e+01 8.175106637108088492e+00 4.503247611955203844e+00 3.702777599952896459e+00 1.650874427744882578e+00 1.294082665173015512e+00 1.035375575847547136e+00 7.293767225572599378e-01 6.352083015469291993e-01 5.406226790474550903e-01
5.768715212235704826e+01 2.452653108297976701e+02 1.852511929787426652e+02 2.412993426358494276e+02 1.251156372762235378e+02 1.144417312858538338e+02 1.245379663879340768e+02 1.202538472943619183e+02 8.281564382318960327e+01 6.574327818750245456e+01 5.681686903760974161e+01 3.418083198328708505e+01 3.013598606402929647e+01 1.902045434082775088e+01 1.167365752536557189e+01 8.380176717765326799e+00 4.777770853791651007e+00 3.668621644569308504e+00 1.802496814728120844e+00 1.387233248243402217e+00 1.053406968623855411e+00 7.738532656992822556e-01 6.627710029036536499e-01 5.478527004013930002e-01
6.849979729099754877e+01 2.445375627277709896e+02 1.835399776825905747e+02 2.532126308551349894e+02 1.198599620929273613e+02 1.212003560840057759e+02 1.236116973071335252e+02 1.170093979923778988e+02 8.027451823579595214e+01 6.379743753339812429e+01 5.755724799141459869e+01 3.519888692845886169e+01 3.069838230749108732e+01 1.847514958578565825e+01 1.131417021105747622e+01 8.482149860252336637e+00 4.801925110463651336e+00 3.716506522380241595e+00 1.761072333281896940e+00 1.361962712410076604e+00 1.092848432868426700e+00 7.492304169537710168e-01 6.354510974846935278e-01 5.596480188189061344e-01
8.367069167541326635e+01 2.380294572154375601e+02 1.730203270788598786e+02 2.477880314444745693e+02 1.228929648072910936e+02 1.203172874350733395e+02 1.233659916836857064e+02 1.179978554050684068e+02 7.970724318845564937e+01 6.439999320596503196e+01 5.677683515034522088e+01 3.452294269271977356e+01 3.058411897435017579e+01 1.906034533041332679e+01 1.138725446187067725e+01 8.230900630791772699e+00 4.751180959273467508e+00 3.669249663178284493e+00 1.824013172786935755e+00 1.357670281034130566e+00 1.074764324614127409e+00 7.473513277891311590e-01 6.105190923257124425e-01 5.322967545863528382e-01
5.275185448669142829e+01 2.438324546560288866e+02 1.840238594510562109e+02 2.420670558872520530e+02 1.179766264994651550e+02 1.223668627093097570e+02 1.251140138838652263e+02 1.155690563286186716e+02 8.069151263271156438e+01 6.405211296024849332e+01 5.647515889594816940e+01 3.384058364131632146e+01 2.972988847430700687e+01 1.932538643633328590e+01 1.136657041701907289e+01 8.411749298706071798e+00 4.728243302187983055e+00 3.654886568296302318e+00 1.812801458088266315e+00 1.348101797137674085e+00 1.029696714615997433e+00 7.481229129048396764e-01 6.538426266190604519e-01 5.600635286310593486e-01
7.588742678529462182e+01 2.437409855291141980e+02 1.768168694608592091e+02 2.517101815726389873e+02 1.235705814435869883e+02 1.144050261866855180e+02 1.226355495249821104e+02 1.188130111061304035e+02 7.789898626718660068e+01 6.492462439102814642e+01 5.734777313725101777e+01 3.376215790149574758e+01 3.038873643321162277e+01 1.887226454576617840e+01 1.149781110129771200e+01 8.382623568532933334e+00 4.688125695845814178e+00 3.649607209767740112e+00 1.772904204518197080e+00 1.333757885251810382e+00 1.036655675983970459e+00 7.148309925636893158e-01 6.113759682090585956e-01 5.566892835455966582e-01
4.898440963770624990e+01 2.539625131067807899e+02 1.825071029077940068e+02 2.497035419191564642e+02 1.219581596057649620e+02 1.249302871491084090e+02 1.227398654584465163e+02 1.181232777032933825e+02 8.140705127850969802e+01 6.450763809340696753e+01 5.727895797156524083e+01 3.422310392992830685e+01 3.054751344734197360e+01 1.858318092596601545e+01 1.193381037208831508e+01 8.298339312400820234e+00 4.796147121227170018e+00 3.655850473274233181e+00 1.761537861708584396e+00 1.381332176727111394e+00 1.039166351432606605e+00 7.418271753260210488e-01 6.010801582448236369e-01 5.419882666772644075e-01
4.498869478561686464e+01 2.482536484152920195e+02 1.835220296122508330e+02 2.473034048865965246e+02 1.285508278601386110e+02 1.221575221662458972e+02 1.217737296181998232e+02 1.171215604736518543e+02 8.161428331987697504e+01 6.403736102363426141e+01 5.732372869785312730e+01 3.431573962908870357e+01 3.067368596020672911e+01 1.870047280726461025e+01 1.159459690333606474e+01 8.444585233006115743e+00 4.720491321989274347e+00 3.699136946623492239e+00 1.784545634677239700e+00 1.370760285227834885e+00 1.047605440272511679e+00 7.302450837888506685e-01 6.190254447480610933e-01 5.601157531060270145e-01
6.702301113436499236e+01 2.592878408620821347e+02 1.832081548557551400e+02 2.516124132945777774e+02 1.206337476000218629e+02 1.168300682021137362e+02 1.261230864207732338e+02 1.171378584244790630e+02 8.107686961238312051e+01 6.293607064214922531e+01 5.713570070664427192e+01 3.399106878907887364e+01 3.053738229233614376e+01 1.890403714798956614e+01 1.158643292581260020e+01 8.328153972350808232e+00 4.633310918430317393e+00 3.720136569632546575e+00 1.809194134253401476e+00 1.337399366503670972e+00 1.046832320246935843e+00 7.585550924615480639e-01 6.150425017236508252e-01 5.401128527746121843e-01
6.416664104336784646e+01 2.476535009797196381e+02 1.801521590018817278e+02 2.431680749981552196e+02 1.225222957599693530e+02 1.195144033417454210e+02 1.231032181345490386e+02 1.169054084265558515e+02 7.986644908931364739e+01 6.404928644052931475e+01 5.638927506826931335e+01 3.414534911054868616e+01 3.059073497910084782e+01 1.869139538384698795e+01 1.143720192915890266e+01 8.386423615239845475e+00 4.681107027875803794e+00 3.662431621648925884e+00 1.768475626794332456e+00 1.352866043622764192e+00 1.055211614517877372e+00 7.461530779726368579e-01 6.160763710708789809e-01 5.442636636013724605e-01
7.226831137668995098e+01 2.410420760769927995e+02 1.804644783357716165e+02 2.396398695672106385e+02 1.262563207453500667e+02 1.213634842509766116e+02 1.199347279738175303e+02 1.163534372798621348e+02 8.065358350501134055e+01 6.487144411910105646e+01 5.710264951621898888e+01 3.430313762399914879e+01 3.081347451427386730e+01 1.858153028539999596e+01 1.142728714380494637e+01 8.393966980953546653e+00 4.737585245521299449e+00 3.671262247758132702e+00 1.855832744621538355e+00 1.328312919274332815e+00 1.086261665194349302e+00 7.604046476021115719e-01 6.229827580303968215e-01 5.648563047370679380e-01
7.410061183470884316e+01 2.500750670713020156e+02 1.839239524920608346e+02 2.363377924205124145e+02 1.261375362630986245e+02 1.247465062458842340e+02 1.252285848236288501e+02 1.147634443429976301e+02 7.829009886377190242e+01 6.461571560453292307e+01 5.658710581975093845e+01 3.410284499132784930e+01 3.080805680214529474e+01 1.903488845774315763e+01 1.169794414176895003e+01 8.447790136174933906e+00 4.625022639307760919e+00 3.586433693772488329e+00 1.794873045574334247e+00 1.342863152300868057e+00 1.057245572396615652e+00 7.696443964602298626e-01 6.176297526209606481e-01 5.446327841721672058e-01
8.359696831850786225e+01 2.512251998755274656e+02 1.670611502188046131e+02 2.525974796250514203e+02 1.203561895590505202e+02 1.192951450488512251e+02 1.206011074037161706e+02 1.171679202331548169e+02 7.961143228650807657e+01 6.235705577729076765e+01 5.716515688357673497e+01 3.456512974350259526e+01 3.057455850254302732e+01 1.855892468269385276e+01 1.149587973075413316e+01 8.298078203701244604e+00 4.733185920620276654e+00 3.682727375858477092e+00 1.782897215645301348e+00 1.346754636814301742e+00 1.040383161317691707e+00 7.673917646933547942e-01 5.971127237904346741e-01 5.268241463074827546e-01
7.546320992336016786e+01 2.449507892984049704e+02 1.848334885540699588e+02 2.445965548204628988e+02 1.179981894527826825e+02 1.193058996580246998e+02 1.251564578453268126e+02 1.172353114388242972e+02 8.171453066115924457e+01 6.338754502940918911e+01 5.767882379408327154e+01 3.426708687992142188e+01 3.050626756858843791e+01 1.892397449081162009e+01 1.153312820366543789e+01 8.370923941390278955e+00 4.688709299062477243e+00 3.672382520159751529e+00 1.849091124970928313e+00 1.353350867745658492e+00 1.039488528442227055e+00 7.477762848569498022e-01 6.200399851432210063e-01 5.489270123400732393e-01
7.309472135387972003e+01 2.482944437386069296e+02 1.883717599017800808e+02 2.453884544154499565e+02 1.257996818180803018e+02 1.223318085501752819e+02 1.249215884451426746e+02 1.174882199144463044e+02 8.110685776130860347e+01 6.431819876742763142e+01 5.645177030644942562e+01 3.441641466487622125e+01 3.052546957978911379e+01 1.887900869991024422e+01 1.151807626428883857e+01 8.345563668127358170e+00 4.760355825928718865e+00 3.616778651594942939e+00 1.798999930779628276e+00 1.380209481910056324e+00 1.026492024063846209e+00 7.585371346002930393e-01 6.157274900835320031e-01 5.496328239867994681e-01
6.195723172737437068e+01 2.497921984647941827e+02 1.775194422909218588e+02 2.410878716976541796e+02 1.187391527314390203e+02 1.208682929903160073e+02 1.227686205336049312e+02 1.172552363450732145e+02 8.026886296905941265e+01 6.438348916171246117e+01 5.722373332617887343e+01 3.390663931498048100e+01 3.067868012539785383e+01 1.883769639587809763e+01 1.140392242739944528e+01 8.396433971522835549e+00 4.772350081133828859e+00 3.737702501746429817e+00 1.773565952294036352e+00 1.322733641333845300e+00 1.028542062152576486e+00 7.160793461870377241e-01 6.046844522682122136e-01 5.525231846766465171e-01
7.368810613212511385e+01 2.443933623512350835e+02 1.817778002937629935e+02 2.296007837116547989e+02 1.272631584208580904e+02 1.192162668166877779e+02 1.295911027074691049e+02 1.175580602833470465e+02 8.108642481274523561e+01 6.356925116505331630e+01 5.772605296820609055e+01 3.460838369266334524e+01 3.090153075692388995e+01 1.898009293551617205e+01 1.126797486375042645e+01 8.290972422792791008e+00 4.665648928955762109e+00 3.561712631094551273e+00 1.821153623224028628e+00 1.346456524347437789e+00 1.051762121276885509e+00 7.475476641859472027e-01 6.063078581604975925e-01 5.274447382374902737e-01
7.821699713228314010e+01 2.499195499027925393e+02 1.744095931715657173e+02 2.395215389137850934e+02 1.196896556694617004e+02 1.192674273133336840e+02 1.219647471466794997e+02 1.197945124231195422e+02 7.892023245951054378e+01 6.487365904124953886e+01 5.736708691479171307e+01 3.463610897551247803e+01 3.063745932374282788e+01 1.900912147052128987e+01 1.154033109711033411e+01 8.554483987405621548e+00 4.836323724536868873e+00 3.723069529599329019e+00 1.818029658786542990e+00 1.371783045514325838e+00 1.023338182771189819e+00 7.422339894267110383e-01 5.876280014127601703e-01 5.316332164551433870e-01
7.167975103073571574e+01 2.417975121478731069e+02 1.752323944703238965e+02 2.433745944413881546e+02 1.270235859496597612e+02 1.168295250009118007e+02 1.255755565181219566e+02 1.158819064237253400e+02 8.234839232000582854e+01 6.398557410333285134e+01 5.638627497938328759e+01 3.418032234132066094e+01 3.046520993622618434e+01 1.876968471075665690e+01 1.174626668561797693e+01 8.428898012267406870e+00 4.649859240335468158e+00 3.720838793778438180e+00 1.778611318689539145e+00 1.387107713143031384e+00 1.024593894960214024e+00 7.401593273563799036e-01 5.847777650797227889e-01 5.353768092026851555e-01
7.451341219672607963e+01 2.400331775698558374e+02 1.795079958348395905e+02 2.434782794618083130e+02 1.226477624198019214e+02 1.228238567804617674e+02 1.212236100650303143e+02 1.188203953450312014e+02 8.001514095407239324e+01 6.331101030911052874e+01 5.673707334401560587e+01 3.444557088300928172e+01 3.075361127702611341e+01 1.887079331128371606e+01 1.149615240373366021e+01 8.386376457218757352e+00 4.679829894386792866e+00 3.637160266333094860e+00 1.774277784519391332e+00 1.373503622596031315e+00 1.034379577429645813e+00 7.446580643631430796e-01 6.105946134842606954e-01 5.504181169129558349e-01
7.563676403286719108e+01 2.412424462928075855e+02 1.784866716943557492e+02 2.465193346252053175e+02 1.263432632257532759e+02 1.199085185567675467e+02 1.273460324747773456e+02 1.227218160322582321e+02 8.018173572871383215e+01 6.489209673181467508e+01 5.715317345060995535e+01 3.425310332002132441e+01 3.042296442500190778e+01 1.852496602305588524e+01 1.172724914612278901e+01 8.279647542396588733e+00 4.680005162658290807e+00 3.697624208640986510e+00 1.744481298206049136e+00 1.309041831067303985e+00 1.009852828628088561e+00 7.409590301461538298e-01 6.015093501413517618e-01 5.351409145306597059e-01
4.051452913647503351e+01 2.544195168583321163e+02 2.029648956206819435e+02 2.368027030800986665e+02 1.243196420886084042e+02 1.204313461681187505e+02 1.232159703072289147e+02 1.187672783470462434e+02 8.218308707995522866e+01 6.297176873818213494e+01 5.602004971434694625e+01 3.421316774631623048e+01 3.042439578598729710e+01 1.861330711241815550e+01 1.147894607876133932e+01 8.389999399179583150e+00 4.602233604153210145e+00 3.820420349050530184e+00 1.709645752740245994e+00 1.300413518179198036e+00 1.019878168866346302e+00 7.237231566068029753e-01 5.680764015544622625e-01 5.353033880519213472e-01
5.732587553130858993e+01 2.509445195326997293e+02 1.896961197518118638e+02 2.449310948804080681e+02 1.303813575719426012e+02 1.234523819334850572e+02 1.243942060905985159e+02 1.185358240890047909e+02 7.963788407588603491e+01 6.436744713522071493e+01 5.694577643697816427e+01 3.422966958059951992e+01 3.081486850494898988e+01 1.905462238872037162e+01 1.156163572024556174e+01 8.294764886683871907e+00 4.631705692861389778e+00 3.735541074348867063e+00 1.747804129299755038e+00 1.376575061227432561e+00 1.055949587691171976e+00 7.266542398602154895e-01 6.140043685685394603e-01 5.517327204790242190e-01
6.665979759914469582e+01 2.422778334215434199e+02 1.872874723436343345e+02 2.453360560586148438e+02 1.212337659722444272e+02 1.175956913248634379e+02 1.200229450423630766e+02 1.160338679766812220e+02 8.090262043270476511e+01 6.277176040900802434e+01 5.688278890232488294e+01 3.413804644589441040e+01 3.078038294670725250e+01 1.864740347237065166e+01 1.141607543439469197e+01 8.369521200188602350e+00 4.614900452479662185e+00 3.632693839484477660e+00 1.852187116295189062e+00 1.335106547616335737e+00 1.059547971121596932e+00 7.529354634624346732e-01 6.034832927136822844e-01 5.489324405548114960e-01
6.988313764563436337e+01 2.371132241288837292e+02 1.862284763329461725e+02 2.417748294365952120e+02 1.255188152113656912e+02 1.227532555063102677e+02 1.238407969418732080e+02 1.170991422440222181e+02 8.041384799750086643e+01 6.433101736589794939e+01 5.687624452281767162e+01 3.415633761479662667e+01 3.060723503336786777e+01 1.878813546155569725e+01 1.166243150275765394e+01 8.394634655977597504e+00 4.673017453407201316e+00 3.698732085541914572e+00 1.806013113662027880e+00 1.356947395334793915e+00 1.051922871138769366e+00 7.358583137695335896e-01 6.103403746081988990e-01 5.446540487326591018e-01
