8.773704895987384589e+01 2.242092599897873129e+02 1.388589614659292977e+02 2.424440263991876918e+02 1.669296195793748723e+02 1.274992992810327479e+02 1.438513155366239005e+02 1.019356925785526187e+02 9.407287567666030270e+01 7.201256302354295258e+01 5.796244585578951103e+01 3.806172046519942853e+01 3.007747178712531522e+01 2.018762169023792552e+01 1.073128097719794383e+01 8.830267095395354815e+00 5.064348883376636579e+00 3.752980132915862299e+00 1.534074822090074397e+00 1.632586567126292687e+00 1.184616187415846289e+00 7.844784582873971512e-01 4.995365668504078149e-01 5.061491477050082954e-01
9.674899251289505742e+01 2.384831490211095115e+02 1.330845571492257307e+02 2.419955195826640590e+02 1.599466717754592082e+02 1.313710438378957122e+02 1.456755246519730349e+02 1.010224961293287720e+02 9.522781307304197185e+01 7.121167414753767844e+01 5.757529054750134634e+01 3.719538969190367794e+01 3.051087544985347577e+01 2.019725530966973537e+01 1.078722707503580658e+01 8.753018224125900915e+00 4.960500818176888593e+00 3.791897274405855001e+00 1.600965491636218596e+00 1.646979947393508059e+00 1.163036359947417830e+00 7.729106339786441238e-01 4.808225009956247353e-01 5.034380648214501486e-01
7.913501299489415430e+01 2.358503618317383541e+02 1.277828655020812363e+02 2.325582973376427844e+02 1.598761437756876660e+02 1.336167866856628734e+02 1.406960588035149726e+02 1.022052584188120079e+02 9.607088675395895905e+01 7.263356691771602414e+01 5.863300353944127608e+01 3.757090727866982860e+01 3.079769427372051993e+01 1.987852054696721638e+01 1.087629712340297061e+01 8.804637243356921772e+00 4.962099104354943613e+00 3.811173298704439105e+00 1.630834373370237511e+00 1.672107563188399038e+00 1.152085838155890052e+00 7.638776595053808904e-01 4.956894254483167894e-01 4.946125087218660177e-01
9.961746393244243336e+01 2.467390675473400563e+02 1.334419707347898907e+02 2.498555395637517620e+02 1.690309486369920648e+02 1.343456922903960731e+02 1.413464240883382104e+02 1.024142748988711560e+02 9.395535106586849849e+01 7.114277466054892329e+01 5.820857555642974290e+01 3.789112895078344678e+01 3.062116354709375443e+01 2.006932383970333333e+01 1.113816077095031609e+01 8.783176905203140095e+00 4.905746298635971669e+00 3.800625336339701565e+00 1.619309335309510711e+00 1.665368189631265983e+00 1.155621682048263876e+00 7.998729203807090071e-01 5.103564515167655635e-01 4.973118292296452858e-01
9.708414424238465301e+01 2.073861144471889020e+02 1.483932733224728509e+02 2.284400474791700333e+02 1.695644112114556776e+02 1.338993493482061297e+02 1.477102827212731313e+02 1.033711729243997866e+02 9.463472836586637982e+01 7.170738338996741845e+01 5.798311315920570053e+01 3.785087489361404778e+01 3.122550773566265292e+01 1.990895787348766888e+01 1.064204162531903819e+01 8.919407578982736950e+00 4.835687038569075114e+00 3.764397779075153938e+00 1.604710591152524346e+00 1.688110288678728033e+00 1.161491713032416717e+00 8.127017912021898827e-01 4.851927972244773901e-01 4.931649351463210929e-01
9.258953425064453313e+01 2.191322233813090747e+02 1.255011957845083117e+02 2.342610572802234685e+02 1.737275976238725264e+02 1.334495848381171186e+02 1.443949321322284334e+02 1.018880689610276988e+02 9.424015808054679155e+01 7.062996324750989174e+01 5.764161083029097910e+01 3.728775242433845705e+01 3.058021800844661087e+01 2.004897178977319072e+01 1.080920733055919314e+01 8.909421533604559684e+00 4.902367002619741676e+00 3.840517351906085786e+00 1.586088609477971811e+00 1.619313826620831787e+00 1.158457209524773157e+00 7.650655607550805870e-01 4.715323774198695306e-01 4.794173826481181178e-01
9.240477177036238743e+01 2.353308343761167976e+02 1.393463043187079222e+02 2.446035602456868503e+02 1.698490583118668269e+02 1.330566796844378814e+02 1.456606459375440750e+02 1.022306828220111612e+02 9.505633479156772125e+01 7.147846880276381398e+01 5.805805285953452000e+01 3.798431294193942875e+01 3.060557055762842893e+01 1.986093057224936942e+01 1.080401211701236797e+01 9.055837494621247430e+00 4.984677649608080685e+00 3.779660591521347257e+00 1.621180363121773382e+00 1.676429684615159621e+00 1.133996434667625897e+00 8.045185688514404632e-01 4.942692640673451709e-01 4.777963998149483138e-01
9.431458373693351405e+01 2.055319123783908708e+02 1.247135809199345147e+02 2.502176832467847873e+02 1.680220231787648970e+02 1.283848870125011672e+02 1.422134741952203854e+02 1.034319794743136072e+02 9.387252061312244678e+01 7.169401139466488360e+01 5.813675840978769571e+01 3.757608096995820546e+01 3.114229589692056166e+01 1.946031827526696389e+01 1.088928681621798411e+01 8.888294319497314078e+00 5.021681433911337145e+00 3.939307642281520305e+00 1.552335882766853636e+00 1.636191824914378534e+00 1.106896409535876202e+00 7.700098637879096986e-01 4.797207673624304114e-01 4.653535721693168870e-01
1.109082311528458575e+02 2.365700723469392699e+02 1.360173413553920341e+02 2.401692614065875091e+02 1.668580466439462384e+02 1.349414438509583363e+02 1.434878925652273267e+02 1.001395471761794482e+02 9.389604083208611485e+01 7.211223413519010705e+01 5.644764222951872767e+01 3.746987008128061092e+01 3.043849316803023441e+01 1.999683830438688759e+01 1.095135099279139901e+01 8.849954692117728783e+00 4.795289677324550581e+00 3.735433796745865731e+00 1.579846201318706456e+00 1.639348235611207683e+00 1.171482086722219540e+00 8.156484333210496374e-01 4.798196690126589337e-01 4.754608990520360901e-01
1.070300998660191141e+02 2.312269973350109922e+02 1.436870335977103537e+02 2.379370265763962777e+02 1.715586901213029591e+02 1.297477854497570036e+02 1.462867419772643700e+02 1.054398549517438681e+02 9.568881153180463173e+01 7.279822337026475054e+01 5.801993880887305721e+01 3.805161862222022506e+01 3.057912476158843518e+01 1.973010643231746641e+01 1.094052239785893832e+01 8.691591072058120204e+00 5.006170883136474181e+00 3.769644433086051460e+00 1.640028107026064275e+00 1.646844902526388932e+00 1.129271948706678463e+00 8.194822144189407576e-01 4.870632685144672958e-01 5.073313705850187594e-01
1.124107102673803809e+02 2.276084630192320333e+02 1.328666278306676816e+02 2.396760548043537540e+02 1.668368950399698747e+02 1.360699303155636812e+02 1.405063940988349316e+02 9.937616702522731771e+01 9.307503835174306062e+01 7.182927353301822393e+01 5.751540870865709110e+01 3.720601086345478592e+01 3.025386099982440058e+01 1.971019370672448900e+01 1.087670713815213119e+01 8.857566057001625026e+00 5.023649294015875455e+00 3.801539608466010023e+00 1.563589100199283655e+00 1.687239643936859768e+00 1.190778095069982667e+00 7.855664725208093557e-01 5.120659618328816665e-01 5.030513817058105408e-01
9.598616448769108445e+01 2.321298265580629163e+02 1.347669782904475539e+02 2.193554493651610073e+02 1.636348827327743720e+02 1.309492021185193664e+02 1.477702475985748833e+02 1.043454396506897695e+02 9.508821949685739128e+01 7.257315030326151373e+01 5.791783880090375902e+01 3.748956250528444656e+01 3.076199163283352789e+01 1.982910331942755633e+01 1.116861478817831532e+01 8.654418248268683556e+00 5.087123926418846587e+00 3.854750998257578054e+00 1.579426193337288398e+00 1.661660282195514204e+00 1.116524859693941885e+00 7.495624717968317752e-01 4.731841002706926314e-01 5.031276343199595491e-01
1.036314178620591093e+02 2.562473250322114495e+02 1.341749431868825297e+02 2.363077297107838604e+02 1.648742727844445426e+02 1.317483362206942843e+02 1.445202421478771555e+02 1.024897294864434940e+02 9.448787009353677036e+01 7.211779549451959781e+01 5.777714178093126662e+01 3.735181926006377040e+01 3.047732541906249537e+01 1.962378294698249448e+01 1.112706793691934770e+01 8.761844447187947083e+00 4.889635067711139982e+00 3.785827784997864764e+00 1.602859047450174268e+00 1.650821415153306715e+00 1.167997822968113830e+00 7.925479019379040313e-01 5.048298598638716328e-01 5.009956885107608171e-01
6.754280446749206135e+01 2.255553195963634039e+02 1.450075027338203597e+02 2.495832741889928172e+02 1.626962223486337393e+02 1.386302541485665074e+02 1.418074329559269415e+02 1.059833999460988849e+02 9.524803991963538863e+01 7.210654821544207493e+01 5.739633523680437577e+01 3.713777845785890719e+01 3.046915987482597288e+01 1.989377922356426964e+01 1.021781379968027181e+01 8.706707618090840484e+00 5.012169546970180356e+00 3.744164855239451306e+00 1.527173991220775351e+00 1.618474221646348798e+00 1.165682897276167695e+00 8.275228092799370438e-01 4.962543789236004144e-01 4.890062957506267627e-01
1.016547891154704075e+02 2.397129797291197519e+02 1.269864734780853581e+02 2.442284868338931290e+02 1.672672540857887213e+02 1.294525406524779214e+02 1.440080879338505042e+02 1.027169133683164404e+02 9.562065214371041577e+01 7.166944152014269775e+01 5.760689801063593762e+01 3.737258051967504002e+01 3.062862650788794738e+01 1.974952630945586307e+01 1.085175183966430090e+01 8.737325287866244850e+00 5.010548856041257437e+00 3.752361559793203849e+00 1.613210206630622645e+00 1.613549613977357966e+00 1.121457856059444369e+00 7.979269169319878063e-01 5.097189543855515925e-01 5.082323086328359718e-01
9.289038442717594535e+01 2.334606469043032462e+02 1.453313377993021902e+02 2.433169811052315197e+02 1.576106678329360307e+02 1.383849568821107141e+02 1.382151163166628578e+02 1.011739312529237651e+02 9.542826692323728821e+01 7.154227522919661908e+01 5.741413861421801101e+01 3.757145241496548493e+01 3.051673667993883399e+01 1.993982031147594824e+01 1.090367826211134705e+01 9.008224507429748229e+00 4.946269632874731315e+00 3.726508951482561560e+00 1.539053481540790580e+00 1.660743910438958970e+00 1.140772158115763046e+00 7.929222442779306768e-01 5.135379887748625638e-01 5.211560002292425775e-01
1.134975651236227350e+02 2.255666554635187708e+02 1.377730257354988055e+02 2.369587959696018800e+02 1.658363147420767802e+02 1.299712503633643053e+02 1.454452891666217056e+02 1.042592499154752517e+02 9.507298749377687841e+01 7.136065680320338345e+01 5.763319319142902941e+01 3.780535138939735873e+01 3.010976843389260438e+01 2.014356261494093303e+01 1.111027492648554293e+01 8.894784285289976111e+00 4.926144144805352454e+00 3.759564678864469212e+00 1.574622163532870989e+00 1.653634352371427418e+00 1.178852177238236543e+00 7.724986207946418215e-01 4.916120144907336065e-01 4.688291472043663588e-01
9.270786612522809378e+01 2.172544509713889340e+02 1.255023000126860921e+02 2.377170547538531480e+02 1.674544399293754964e+02 1.342885532707937841e+02 1.458150029416007953e+02 1.012244867905241676e+02 9.420475611228052060e+01 7.199374297074427886e+01 5.804174029043375782e+01 3.703201735284674356e+01 3.047622639006232248e+01 1.959327625364898395e+01 1.087032548059310244e+01 8.769390193614052365e+00 4.925608112121941495e+00 3.841225577758369703e+00 1.622693882313254621e+00 1.658803645825774220e+00 1.155852447251776605e+00 8.037887836949101361e-01 5.137506233808967204e-01 4.993720713808008638e-01
8.066847398093069899e+01 2.311073980551481952e+02 1.246720796887183837e+02 2.541739701440209558e+02 1.729274664349584896e+02 1.257359919535858239e+02 1.440597566001331984e+02 1.040352696266948698e+02 9.281718304575271361e+01 7.065591460761129383e+01 5.814601297801870317e+01 3.784516773208134310e+01 2.993486695576959988e+01 2.011527006796901418e+01 1.076771091614410736e+01 8.815966534333433913e+00 5.012479158743646579e+00 3.759371422267194784e+00 1.554926572554806485e+00 1.667233450736000266e+00 1.127635434701093065e+00 8.235808858132990240e-01 5.042752335344324877e-01 4.722861426231215187e-01
9.191412626731674607e+01 2.389917850388035561e+02 1.257204764266741250e+02 2.375574717975054568e+02 1.591454871703958815e+02 1.356991779697007416e+02 1.414688037868320407e+02 1.027239468506273710e+02 9.342440064126597576e+01 7.047061783423413317e+01 5.677293433286531865e+01 3.708632892947553472e+01 3.096036892880268354e+01 1.979678197931862726e+01 1.120801062834911477e+01 8.761286010962528792e+00 5.016263440622088510e+00 3.836094438197398482e+00 1.587725968730222537e+00 1.689854105678318508e+00 1.146313695329732152e+00 8.083225808334009166e-01 5.157281184473422320e-01 5.126295792065885815e-01
1.049804722093713423e+02 2.523943284854212834e+02 1.353303900357972509e+02 2.380043557312556857e+02 1.636663018438905794e+02 1.282603418271430655e+02 1.436552949716222827e+02 1.028001491837183323e+02 9.480865590480541982e+01 7.186133509323485669e+01 5.924096603105734005e+01 3.757737565881169672e+01 3.000789190466254652e+01 1.994585192718101041e+01 1.061953554422123069e+01 8.895182080913343725e+00 4.835832260508537317e+00 3.765296067316691975e+00 1.610316850535052913e+00 1.653662476766404987e+00 1.208698722374540235e+00 7.934962166296801733e-01 5.014310453506912735e-01 5.080901775934959508e-01
8.250552356836391255e+01 2.270118405481814250e+02 1.322638339649161878e+02 2.357425563700918190e+02 1.690015196293433348e+02 1.342980696416627779e+02 1.439204767885536853e+02 1.015059897986998720e+02 9.305729345551742426e+01 7.183979424235664624e+01 5.795212063542484771e+01 3.765575858768374928e+01 3.057056023375308129e+01 2.012585609255063801e+01 1.114801606382330057e+01 8.898049131092982122e+00 5.094804632675900002e+00 3.767594866061953152e+00 1.630549596893892783e+00 1.634553164026657068e+00 1.135528323234184622e+00 8.072436762038319724e-01 5.066647817221909822e-01 5.010870509739129286e-01
1.000750393949412995e+02 2.572857979373617354e+02 1.291044071246789429e+02 2.301341183592153641e+02 1.609164120847173365e+02 1.375831565672481531e+02 1.437365295486470700e+02 1.007339514135105816e+02 9.443797780785422447e+01 7.078561864443229013e+01 5.795635563788339084e+01 3.721303173131428821e+01 3.036690978559049015e+01 1.991476416717591036e+01 1.069099463488144508e+01 8.856967829372973000e+00 4.994559190566093321e+00 3.793589714132383328e+00 1.483446647476639013e+00 1.589375374744339542e+00 1.126059214357443716e+00 8.074632990044582348e-01 4.830214267327747057e-01 4.948140067774797202e-01
1.304328577650523187e+02 2.193717693527667052e+02 1.397343415519989662e+02 2.412135433135287599e+02 1.656387006371290056e+02 1.310606497510107147e+02 1.442978904566022038e+02 1.024034590249216308e+02 9.795649013017423101e+01 7.145264950329357134e+01 5.740806889236007748e+01 3.720678804670898643e+01 3.064460837768826451e+01 1.980665797317990950e+01 1.065331736938556872e+01 8.630403493907481405e+00 5.061854006626044011e+00 3.919418545500328754e+00 1.518896520092348545e+00 1.644188966127206442e+00 1.143625609112389307e+00 7.955748777164926011e-01 4.587633121689775328e-01 4.737125560172436023e-01
7.745552431070753130e+01 2.352925045087572471e+02 1.376080748032231327e+02 2.379815202737357822e+02 1.580413493615645280e+02 1.311238231039888262e+02 1.437638198252221571e+02 1.040580475228431965e+02 9.400907091071836419e+01 7.133951534261612437e+01 5.744616827094871780e+01 3.706559174691745540e+01 3.034701372573920253e+01 1.977316074846868332e+01 1.114868857378782785e+01 8.933941450807584062e+00 4.875101859256649739e+00 3.768535246451232279e+00 1.540895111808701312e+00 1.619447313280943268e+00 1.124151913249451518e+00 8.398387004399298084e-01 5.212432344475352863e-01 5.277894861873102528e-01
9.275164026230928016e+01 2.137103340330263848e+02 1.378289488510003196e+02 2.388422752419912172e+02 1.695431498609954986e+02 1.326696648071191191e+02 1.431033153255265802e+02 1.017424191367504278e+02 9.421656108086439474e+01 7.232754837874560394e+01 5.756648722594805889e+01 3.799694013062523368e+01 3.081515474582063874e+01 2.005133083207334366e+01 1.103561439165834024e+01 8.987182317644862195e+00 4.967980198236390699e+00 3.671308622229863428e+00 1.496137205429791894e+00 1.635005063097307421e+00 1.172033140030855680e+00 7.745535434535235630e-01 4.875531103177774273e-01 4.808447554588098916e-01
6.215231528511220205e+01 2.297576432598858105e+02 1.260488241836311687e+02 2.345309451691898062e+02 1.707156070704826334e+02 1.357816336903516117e+02 1.345010553399976914e+02 1.019106877600994920e+02 9.494881068602619223e+01 7.217154024418117331e+01 5.656319682272379623e+01 3.695213956156194257e+01 3.064146959572008200e+01 2.008037853334931100e+01 1.078655984750727548e+01 8.977999378125769425e+00 4.894779917343861975e+00 3.943278252313779930e+00 1.585254565026650519e+00 1.670856158767568100e+00 1.178315950658561873e+00 8.128453660935267555e-01 4.982363270030489288e-01 5.078540535716249416e-01
9.562067232419873619e+01 2.343477734800413259e+02 1.269944150523503623e+02 2.580940440491425534e+02 1.715811883238513076e+02 1.360639718783825174e+02 1.408960178807253953e+02 1.032008675067385326e+02 9.379815550157448456e+01 7.146764571590061621e+01 5.834547456933331233e+01 3.730525473950798698e+01 3.062328775397823222e+01 1.975426866080954014e+01 1.067044141645844491e+01 8.761987886930111102e+00 4.942686615180220677e+00 3.745494134973222700e+00 1.596708634701263785e+00 1.616239112174139958e+00 1.143202358631306037e+00 7.954774246139015847e-01 4.909066903287034322e-01 4.686699109577115996e-01
8.519032834732156800e+01 2.390245747774013978e+02 1.158460561086530873e+02 2.396170244220330972e+02 1.672037073733559964e+02 1.336961791698942648e+02 1.433278425644355707e+02 1.006710020703277735e+02 9.432653536929986160e+01 7.118107020393802031e+01 5.823353134320279167e+01 3.757953833601897742e+01 3.073276223461797230e+01 2.016825624976745601e+01 1.099090648718481944e+01 8.890226218669754488e+00 4.912277069530377460e+00 3.776626369997200694e+00 1.532038063239214321e+00 1.682435971446775591e+00 1.150617550093853358e+00 7.942740628280877679e-01 5.053710808631717288e-01 5.105543009765899365e-01
1.226962644428691789e+02 2.307951611830939953e+02 1.347531967469679444e+02 2.420038594209569567e+02 1.694915953819690912e+02 1.324701378964614662e+02 1.426322560441499263e+02 9.857341658360269321e+01 9.516841307659868221e+01 7.149551076610703149e+01 5.722780826829884404e+01 3.768213033536837031e+01 3.012486613075487085e+01 1.999022733119590001e+01 1.103011290805971001e+01 8.814607958619632200e+00 5.045621387985240958e+00 3.758872493389739944e+00 1.657605846712384423e+00 1.677884996545492058e+00 1.160601506017207019e+00 7.837826204820651510e-01 4.753887091668428377e-01 4.645449167935009060e-01
1.023139966224362496e+02 2.520756014196920489e+02 1.391178725229255519e+02 2.316012780197838197e+02 1.660637486729144996e+02 1.342325268732898564e+02 1.456989124381794625e+02 1.043864145307440481e+02 9.644470215975654526e+01 7.244443764073838565e+01 5.798769506743470714e+01 3.702812332345315838e+01 3.029120755597838155e+01 1.994689800913931421e+01 1.116968950882322886e+01 8.776239684888858861e+00 4.929258722807068338e+00 3.863371750010053063e+00 1.695923441434049161e+00 1.708067896943769925e+00 1.100067792210150941e+00 8.042757476881698953e-01 5.093885102043362867e-01 5.015929607268985180e-01
1.067655337833890457e+02 2.387540159727668083e+02 1.358631743996283205e+02 2.360488528640372863e+02 1.630017457981069526e+02 1.389400478763134004e+02 1.492495999611808486e+02 1.015255042834349695e+02 9.501556424195642592e+01 7.257910043502388930e+01 5.735899905142092337e+01 3.792715434846855516e+01 3.024932712070941676e+01 1.985955943011708413e+01 1.083844914325030473e+01 8.526237398961637126e+00 4.823473844598949789e+00 3.791951926318209765e+00 1.604688753719658134e+00 1.657546110222447799e+00 1.172382042710080396e+00 7.366825062013817593e-01 4.803515515824451909e-01 4.663585886593597518e-01
6.741116562359559339e+01 2.303051693053684232e+02 1.367716097213737783e+02 2.431858600989090178e+02 1.684747054961779327e+02 1.373261980435194118e+02 1.452173662517386106e+02 1.038818057440731195e+02 9.688320669589705858e+01 7.099998282522167870e+01 5.845489059693968414e+01 3.785492127236745574e+01 3.068732290217555558e+01 1.982302751312531086e+01 1.088441482421056428e+01 8.818138950615349358e+00 4.874433770274949396e+00 3.800140092746034703e+00 1.618697905829386441e+00 1.625200703250336387e+00 1.150916492729825658e+00 7.811564629096551249e-01 4.880846487735691075e-01 4.901852141328537082e-01
7.338080405744800316e+01 2.298770044353321680e+02 1.226118280651328547e+02 2.523879663159102336e+02 1.678304737120961079e+02 1.333708556342967029e+02 1.422247374931153274e+02 9.961104057691778735e+01 9.493062818794416557e+01 7.064677653313148653e+01 5.917256992214878863e+01 3.757317716482131686e+01 3.013867784221935509e+01 1.967515572497222465e+01 1.047344773477865765e+01 8.601408521603662649e+00 5.016575312455134217e+00 3.827129232270096715e+00 1.685175225212443673e+00 1.626824792008049192e+00 1.122034845978832518e+00 8.127014963114521651e-01 4.815230454004727489e-01 5.191661487246046480e-01
1.025089606774533451e+02 2.152196961264693869e+02 1.291653773015109152e+02 2.435376029795709769e+02 1.650583761399535376e+02 1.340810768597605147e+02 1.428158200787144665e+02 1.013000665431937932e+02 9.360505389895939743e+01 7.234064918737315963e+01 5.872936782655869337e+01 3.869947917042327390e+01 3.058677810656221041e+01 2.004483023924424501e+01 1.092798623711279582e+01 8.873654848340688517e+00 4.914109845172437652e+00 3.834005175762972506e+00 1.578275982534758093e+00 1.620063665811193543e+00 1.161962250485235826e+00 7.609041712443703753e-01 4.725723575559346856e-01 4.860471672525308318e-01
1.111326033151104724e+02 2.332619992861600053e+02 1.459667536679196473e+02 2.362082827499933728e+02 1.705315468579425442e+02 1.320288914792872390e+02 1.423274102934307734e+02 1.013772763153283734e+02 9.361237323307928193e+01 7.121811881769922081e+01 5.938002781000659525e+01 3.756495048832010042e+01 3.051599628714378909e+01 1.975503437995865852e+01 1.086675726759079019e+01 8.805498119827435133e+00 5.026737391960766743e+00 3.903245246357617049e+00 1.582629067039337034e+00 1.664531457259347702e+00 1.159089287039598348e+00 7.613364675992586594e-01 4.995318425361651715e-01 5.091369526679019319e-01
9.438465730523161312e+01 2.286511842773159344e+02 1.268628458123869223e+02 2.437397476601958601e+02 1.672998128424407014e+02 1.352193798800042828e+02 1.435078645057197377e+02 1.029836391539536891e+02 9.379298599131151093e+01 7.186661911665677849e+01 5.856995425103475128e+01 3.774105288978380202e+01 3.071032320849721842e+01 1.982036301911118414e+01 1.110868579757657493e+01 8.665388207532936704e+00 4.948003532037876795e+00 3.747998510126699045e+00 1.570184001612835667e+00 1.655821745703447423e+00 1.177739695175259227e+00 7.949046766451931534e-01 5.010564653824126635e-01 4.885588587524294923e-01
7.595682054275552275e+01 2.212391491386560460e+02 1.269799708686102093e+02 2.402956786493256232e+02 1.729662431842343722e+02 1.329702968227139479e+02 1.463383922118018461e+02 1.014593415621534120e+02 9.644313301425478357e+01 7.289148206001334529e+01 5.674347534666249970e+01 3.715319595053935586e+01 3.008118109490776604e+01 1.962057215171793700e+01 1.109278665236089978e+01 8.732912890944460216e+00 5.001028420512563244e+00 3.689352714870314021e+00 1.649938748671021305e+00 1.586558365596027587e+00 1.175811227118982671e+00 8.035884697273165678e-01 4.974172153709501831e-01 4.922467268039248944e-01
8.429920688995758837e+01 2.296172015629082637e+02 1.373295979765294135e+02 2.419214174072457126e+02 1.683019029152211772e+02 1.317247616798578065e+02 1.477278935987212094e+02 1.031543874112003181e+02 9.309939882404681555e+01 7.082109754076243746e+01 5.825240320071353040e+01 3.728524313104653487e+01 3.054358095703706155e+01 2.001313510179078037e+01 1.080523656925455001e+01 8.881567152521141040e+00 4.937337533429221992e+00 3.742776835299000293e+00 1.571906903118073906e+00 1.640575351436981189e+00 1.150325972714484779e+00 7.852418829373341014e-01 4.715368444808821224e-01 5.063609787756144787e-01
9.204659040475736731e+01 2.285127815217575176e+02 1.226898683401156802e+02 2.273715881291831522e+02 1.654492261917515066e+02 1.282783215000905557e+02 1.447562481731091850e+02 1.057315700136705061e+02 9.285316636838467730e+01 7.134523897024664052e+01 5.771621401150098762e+01 3.766926468791688620e+01 2.983067641791022595e+01 1.992920482445952501e+01 1.082375998235645653e+01 8.727778172318625849e+00 4.963520515295336111e+00 3.824173002604925209e+00 1.566327357753721561e+00 1.668054991003310450e+00 1.134936557282128833e+00 7.644804813726168158e-01 4.893681071466909893e-01 4.839195809735619136e-01
9.963545084923821094e+01 2.358359241252837251e+02 1.445015275680851232e+02 2.452788815016421893e+02 1.635225398573712425e+02 1.278671488016308473e+02 1.444011985942029526e+02 1.042608278401104940e+02 9.551102705916052571e+01 7.296121965895702033e+01 5.799609415475778462e+01 3.805557431112055156e+01 3.060703707194033285e+01 1.964994315573803618e+01 1.087536416092968494e+01 8.833377145740190173e+00 4.941291668456756270e+00 3.776738556059016982e+00 1.446538456180726406e+00 1.689969079495935222e+00 1.149477823004237953e+00 8.159748348050277489e-01 4.827778719036740496e-01 5.025263574754508245e-01
9.949916372850636037e+01 2.282590885337198472e+02 1.323303830691963014e+02 2.289914026174055266e+02 1.713743166483546361e+02 1.358393703483775141e+02 1.421777991355001802e+02 1.021303721969952392e+02 9.441886094190202527e+01 7.248610207089808455e+01 5.706085844095932913e+01 3.726281780504187680e+01 3.042272084352611117e+01 1.985668461959031106e+01 1.111619654731475038e+01 8.673576789151532296e+00 5.013993822605882222e+00 3.717411924154624625e+00 1.586798224823831926e+00 1.636421501721545324e+00 1.163453339200558156e+00 7.910992677454639077e-01 5.088114954446808502e-01 4.870024048864745048e-01
1.163813950111246953e+02 2.427690253878818964e+02 1.420440303594462534e+02 2.375058180847667018e+02 1.649077978340089317e+02 1.347893151972647843e+02 1.424600657985319856e+02 9.983412520276807811e+01 9.491402388024178549e+01 7.241796958747073631e+01 5.895154756675511720e+01 3.748246393194661863e+01 3.015049002854550508e+01 2.000441264224052773e+01 1.083386747265079286e+01 8.772877139171679772e+00 5.085160133174283281e+00 3.807744283865793555e+00 1.557857862580631858e+00 1.584481436295350765e+00 1.151985335961168699e+00 7.869063224670752588e-01 5.039469806250533868e-01 5.174620000599668979e-01
9.563323560882076890e+01 2.446912235739627874e+02 1.425346023827064812e+02 2.349704499269884650e+02 1.649141878501779388e+02 1.284278717058283519e+02 1.426645286252749543e+02 1.038393500279722730e+02 9.535020180037575699e+01 7.166413655416778283e+01 5.792086775151369693e+01 3.711285768075477165e+01 2.996409378355165032e+01 1.993359656076592046e+01 1.047149450714542773e+01 8.907160302232856708e+00 4.963994791304988219e+00 3.851219592701393246e+00 1.463894586408595710e+00 1.597125126808872198e+00 1.155183240706897596e+00 7.591902987463661212e-01 4.977433632614146619e-01 4.915725719392206039e-01
9.926605704373821482e+01 2.276191902700587946e+02 1.352024542726145455e+02 2.375832964200409663e+02 1.674100004645220849e+02 1.332237473040499651e+02 1.401545296499934068e+02 1.006752184673415229e+02 9.329238061095011858e+01 7.237831368427465861e+01 5.803530139264208287e+01 3.774070725506634005e+01 3.080649048252137234e+01 2.032845028511176366e+01 1.084567499715173788e+01 8.665233269168837182e+00 4.951850279439840463e+00 3.788499393487428257e+00 1.613655775690250760e+00 1.687206791762702718e+00 1.170244524213473580e+00 7.636185686936627359e-01 5.046846939736220339e-01 4.932053091837974579e-01
9.223518578072524576e+01 2.323430595343378968e+02 1.321151603807405763e+02 2.469158021472998712e+02 1.639516827468152655e+02 1.307965089067885174e+02 1.426460031186920219e+02 1.018872704483213312e+02 9.321101072641901908e+01 7.119853689675589692e+01 5.740987872079460885e+01 3.756394981800136890e+01 3.091901837061674385e+01 1.980394357389353743e+01 1.093398253626122418e+01 8.771758515441739235e+00 4.866022847168599341e+00 3.759984847964026766e+00 1.587874198165959871e+00 1.609425012613184824e+00 1.164492386599442320e+00 7.792046407527122298e-01 4.966049468767805841e-01 4.754357072551586572e-01
1.036953402291417632e+02 2.302118026175733121e+02 1.446995862516852185e+02 2.392951705896745693e+02 1.689607664428026226e+02 1.321381347649951863e+02 1.451379897492821271e+02 1.013696262535556656e+02 9.464060666131801725e+01 7.176510345035524097e+01 5.766944992410557802e+01 3.738615479670094999e+01 3.063966509812445338e+01 1.953942512155319378e+01 1.083013289610940255e+01 8.810368610092224273e+00 4.873660614206180242e+00 3.690672227427899799e+00 1.552489645931028450e+00 1.644991988145798167e+00 1.164395237023529983e+00 7.855837607402752498e-01 4.832313181090796550e-01 4.808771927438796334e-01
9.592778504173142551e+01 2.336537669152431533e+02 1.291919836573545695e+02 2.351964415843994232e+02 1.678563673532003691e+02 1.333597848858333350e+02 1.414152987392483283e+02 1.024414334987811515e+02 9.369891250097073510e+01 7.219579476989278533e+01 5.755688818053061340e+01 3.742191606701776152e+01 3.078583173280413732e+01 1.998287824048055583e+01 1.089029494383426311e+01 8.761055703953061879e+00 4.943301076437935926e+00 3.843140305544028745e+00 1.617525422064284513e+00 1.647535142948481246e+00 1.135909520529154948e+00 8.012222582761275858e-01 5.143199372569283723e-01 4.971889433706564443e-01
9.208676416956753030e+01 2.213016568974122720e+02 1.281044946363902000e+02 2.377706389380488190e+02 1.692668594144458893e+02 1.273010834447648847e+02 1.418245502169900192e+02 1.009450709821405781e+02 9.483217077662085615e+01 7.287658008031741019e+01 5.829256976500093401e+01 3.764573043303222732e+01 3.035086612893793756e+01 2.001672909604175032e+01 1.086856889393653880e+01 8.930769451550007787e+00 5.069399734591888418e+00 3.831284055884103257e+00 1.544913703893304957e+00 1.638524447323398414e+00 1.154154505748568038e+00 7.898375027949705585e-01 5.063679845849470285e-01 4.876253271873793871e-01
8.711495531400589698e+01 2.289229523632147050e+02 1.395317625852356684e+02 2.344844810686413723e+02 1.688545222354471491e+02 1.360156049595546506e+02 1.414757168488023069e+02 1.016270329028141646e+02 9.403475168199425127e+01 7.122890264788675552e+01 5.803583532198226180e+01 3.780249582531617847e+01 3.029434589186211113e+01 2.009994633112437867e+01 1.080157329214588913e+01 8.829633222539104764e+00 4.939086872097472103e+00 3.719693348684751655e+00 1.634291661900402870e+00 1.644355371505383356e+00 1.158964586878963088e+00 7.950847545896529978e-01 5.021686158551076362e-01 5.004299446291642361e-01
7.856689466754070850e+01 2.275813591751058027e+02 1.050201396840176642e+02 2.413869207961740528e+02 1.659690532044755287e+02 1.296615013863982711e+02 1.449663085792909953e+02 1.031980174094452991e+02 9.657131117531196196e+01 7.187988288843180840e+01 5.760821120957777453e+01 3.738677242529824696e+01 3.000843377692618574e+01 2.009072319538174156e+01 1.071231547609872337e+01 8.850669353309363885e+00 4.936264751441821197e+00 3.824546303094324085e+00 1.643241009051943591e+00 1.627069638604582424e+00 1.149236985050002602e+00 7.532448911888728338e-01 4.689785370051111069e-01 4.713823176179712804e-01
8.818505608666093565e+01 2.278257095128233516e+02 1.251565676862781942e+02 2.238449963816397315e+02 1.615736506314052008e+02 1.298924233822428675e+02 1.447054416918783204e+02 1.021350609960273488e+02 9.557489946063246578e+01 7.112329464613496555e+01 5.715239128264995827e+01 3.736620659924773236e+01 3.025557049861718184e+01 2.019439432051343175e+01 1.066627304046300395e+01 8.802303608616499631e+00 4.918729641617369808e+00 3.774580812428811161e+00 1.623948060683534145e+00 1.694123914041343548e+00 1.120503323427382902e+00 7.651955866735162815e-01 4.970980194431258714e-01 5.156362142710777530e-01
8.758974379068554583e+01 2.295204927547706291e+02 1.248541713114910436e+02 2.400120608065955423e+02 1.702542580024818903e+02 1.355741585796239121e+02 1.404377992662536201e+02 1.040211328473433383e+02 9.438542731255702734e+01 7.172914455706373360e+01 5.830510306546506882e+01 3.748267975829643461e+01 3.078979003344700516e+01 2.007641454579303542e+01 1.072530992170163522e+01 8.847754704856777508e+00 5.044722224229568397e+00 3.727704784833697271e+00 1.640018736466907656e+00 1.680971638545357250e+00 1.131336154072794864e+00 7.618509339298283889e-01 4.734914952580677183e-01 4.778295254874853071e-01
7.109767724495308983e+01 2.406336940235577515e+02 1.305069777841645191e+02 2.401802138593237146e+02 1.697512916912567391e+02 1.294009713073334353e+02 1.453724803944766393e+02 1.024531221373705421e+02 9.636865504625112067e+01 7.296488494002547043e+01 5.821691072470184736e+01 3.787835423788283151e+01 3.050440690536474264e+01 1.979169654670614875e+01 1.107309724037987664e+01 8.766575316640460969e+00 4.987277969058623306e+00 3.796318612868461173e+00 1.569105804970960971e+00 1.561351667175276514e+00 1.129383296697906269e+00 7.826050509014661483e-01 4.681003309330715179e-01 4.893015889966071397e-01
9.554192172227737956e+01 2.227542354099454940e+02 1.423513203287040483e+02 2.383710188572571838e+02 1.680445008938576734e+02 1.339895317006035214e+02 1.449141880638480870e+02 1.039468758644936344e+02 9.437646110293243851e+01 7.237402806695638446e+01 5.886354447915348231e+01 3.771338430127319441e+01 3.078366954597216676e+01 2.002849713537853305e+01 1.102432992377644361e+01 8.799143096926906438e+00 4.986495004053097979e+00 3.734832501367690405e+00 1.563014852523368692e+00 1.682157477621447850e+00 1.139810552437171998e+00 7.701524029996522636e-01 5.036481926712342849e-01 5.056583302973347571e-01
8.605376232112799073e+01 2.265004257627256550e+02 1.465031539781765844e+02 2.393072750870219352e+02 1.652740806849008663e+02 1.310593545506700650e+02 1.471062482172008856e+02 1.043303312047328006e+02 9.557094360080419904e+01 7.185439039685823559e+01 5.881240541116031295e+01 3.807922913178902746e+01 3.009777010406201825e+01 1.989365897107489545e+01 1.090808913674656289e+01 8.782930348809353305e+00 5.048818961387254056e+00 3.828854663920691959e+00 1.558539125039144269e+00 1.655590531144045974e+00 1.156088479173592587e+00 8.061243938405521225e-01 5.002126509870714610e-01 4.810939625363662153e-01
9.546646242919963754e+01 2.364292189239044717e+02 1.311972337011547154e+02 2.486455747277279329e+02 1.670712697908281257e+02 1.286505334757079879e+02 1.438689325833915973e+02 1.022826068173301479e+02 9.492720946453790987e+01 7.328967192214450677e+01 5.750200127871683264e+01 3.714146897533662184e+01 3.035080619562900850e+01 1.987566115299958724e+01 1.096161145113056357e+01 8.782711366487504279e+00 5.018691912589583026e+00 3.879558504618155101e+00 1.536852179354039283e+00 1.650057500364996876e+00 1.159674689816643678e+00 7.792190258374788181e-01 4.858229049975236191e-01 4.812001807408680110e-01
9.497577770393752417e+01 2.315018213722230485e+02 1.266996552054013421e+02 2.400271176660619972e+02 1.624509957249900367e+02 1.327565045445018939e+02 1.452863393351159971e+02 1.018144725924266538e+02 9.531200863563414316e+01 7.060014870978432100e+01 5.834499235858096000e+01 3.743404524161910985e+01 3.064318135882574623e+01 2.004034050827643298e+01 1.096900487758083464e+01 8.867047552344855532e+00 4.940519712338613978e+00 3.794467546773013567e+00 1.571766286727599216e+00 1.633426445921741355e+00 1.120141272675208688e+00 7.792244755040235171e-01 4.933922638955396400e-01 5.185738124146315187e-01
1.055934125517190267e+02 2.002147406331325215e+02 1.249159334739868257e+02 2.354838811343571194e+02 1.586201638537901033e+02 1.330640340413493163e+02 1.408023814181704552e+02 1.031362757664448111e+02 9.177919973814304910e+01 7.166517755191509309e+01 5.915102901864322149e+01 3.749017026992572710e+01 3.068502330392437472e+01 1.960929873096883114e+01 1.123261206455597971e+01 8.527373522376326065e+00 4.766077366722608843e+00 3.746290703199091965e+00 1.472463534554375508e+00 1.553485221013148232e+00 1.120915280008518700e+00 7.519976832369670294e-01 4.923864998073402277e-01 4.616520862763549005e-01
8.644171864117382142e+01 2.246867815771556991e+02 1.444362111295288287e+02 2.340915220874199747e+02 1.713281512318411615e+02 1.247297969105256925e+02 1.423047408162572367e+02 1.051649522355899080e+02 9.658257275744041692e+01 7.356208779161623568e+01 5.741906075019978317e+01 3.785265977931150161e+01 2.986411449342291391e+01 2.015393545606024261e+01 1.106386536203791060e+01 8.753826751286768015e+00 5.039900675631719729e+00 3.748685252848512395e+00 1.577533779555089666e+00 1.683669446716361984e+00 1.139414457056020291e+00 8.258491632019115958e-01 5.382148538427289353e-01 4.925442158689258276e-01
9.769434298384992132e+01 2.271048184803946128e+02 1.342378722514760909e+02 2.470852469020067872e+02 1.666150150209218737e+02 1.309871656318560440e+02 1.451061813697681941e+02 1.015302668593024293e+02 9.475590586296290496e+01 7.138223284786670320e+01 5.865417763529983830e+01 3.839773603948270164e+01 3.052083077016425605e+01 1.963752641942607013e+01 1.070923832688940003e+01 8.835193159473615054e+00 5.088788656067259275e+00 3.783361241270071229e+00 1.523144319687534720e+00 1.641747718031793646e+00 1.194682449337819197e+00 7.951112561685594882e-01 5.260832823132336467e-01 5.118938263254690924e-01
1.132168575081954884e+02 2.239929834845891605e+02 1.279110734159888239e+02 2.412455119086452839e+02 1.642424388461918738e+02 1.323727170190067284e+02 1.436657313621491312e+02 1.021339236632396990e+02 9.460934389619259832e+01 7.228110544398637671e+01 5.752334388279306410e+01 3.758824964060246288e+01 3.021656885059650932e+01 2.020713173098875259e+01 1.084444108932902218e+01 8.614487187858017592e+00 5.060099641825153149e+00 3.792777632930083520e+00 1.599881457018656361e+00 1.642507248788575902e+00 1.181233328451387621e+00 7.946241873138188971e-01 5.016733061103092473e-01 4.672995410261234772e-01
6.743026079868134559e+01 2.297122880037022412e+02 1.416895131702538890e+02 2.307241799273821528e+02 1.632687640727498035e+02 1.343761914698214923e+02 1.442702985459814613e+02 9.996228007966666951e+01 9.449192047248648407e+01 7.228291633677102368e+01 5.789870279189771907e+01 3.722660668553693597e+01 2.946327196333337284e+01 2.036392798723850106e+01 1.085734900400341374e+01 8.876481781007781180e+00 4.963979664862748109e+00 3.752269901851657874e+00 1.600155551970601664e+00 1.644345651329479407e+00 1.161430588834981847e+00 7.946050085142043473e-01 5.253328164726264182e-01 5.164971500910510160e-01
1.174559293192883871e+02 2.232066969335002966e+02 1.295498696688303255e+02 2.425144061613066242e+02 1.660104173027292518e+02 1.250864927520426164e+02 1.415936876965234319e+02 1.032395960627787446e+02 9.185493627523648286e+01 7.248716152479327945e+01 5.834191667537331938e+01 3.724582486940634141e+01 3.025686339730540197e+01 2.009024070169746423e+01 1.083255239736677566e+01 8.751122379922263050e+00 4.937997311843801640e+00 3.804025403500574054e+00 1.549848937077983768e+00 1.615449953155080998e+00 1.131732544561875775e+00 7.435701559367198232e-01 4.876581715262306438e-01 4.898512380846017367e-01
7.818644579945498663e+01 2.357894881798680444e+02 1.336175983811118044e+02 2.416734829175403831e+02 1.665254545396686012e+02 1.349260311415016247e+02 1.429969526891669318e+02 1.028490374035139610e+02 9.527545754071928741e+01 7.218116634540409393e+01 5.846615066442135600e+01 3.758989617665876182e+01 3.051324973362609683e+01 1.959962158647643449e+01 1.143874772872914036e+01 8.792380704256171242e+00 5.159321093396775915e+00 3.743784727703757031e+00 1.560979583081108624e+00 1.669091025328361955e+00 1.157620184802620633e+00 7.921563462150659207e-01 4.894868789811244181e-01 4.989427511713760421e-01
6.045056888147711760e+01 2.309066935326773091e+02 1.356730589479988964e+02 2.452387372466161821e+02 1.728728056716030324e+02 1.345123892443008913e+02 1.414708871593580852e+02 1.017295171565844356e+02 9.573144780094722250e+01 7.184708701480025184e+01 5.825002915087956268e+01 3.792145432538457328e+01 3.064002537560219963e+01 1.986597844239176780e+01 1.098119544416028504e+01 8.833090865079574527e+00 4.997127225454327082e+00 3.792181754458016751e+00 1.570917337833205973e+00 1.645787680806216402e+00 1.139926102113719697e+00 7.766074000448904835e-01 5.020295778522626540e-01 5.187470431662205561e-01
9.601588773022879764e+01 2.413145178819442833e+02 1.360131344603980779e+02 2.454566881712769089e+02 1.662781755682215135e+02 1.273231530698607230e+02 1.458621519552229131e+02 1.018399657995110346e+02 9.542164157498605448e+01 7.066669873213827202e+01 5.813740121754467793e+01 3.726906430772579881e+01 3.014099682677467484e+01 1.984800346918872549e+01 1.096243435547037492e+01 8.771393296307536502e+00 4.936401359024126911e+00 3.815385325625360924e+00 1.595228059105608720e+00 1.627404930892720758e+00 1.159022127169132110e+00 8.058970267144217603e-01 4.905025619851245411e-01 4.916331072174851546e-01
9.413444722207188420e+01 2.291708170955796788e+02 1.330133369712782212e+02 2.377715945949587990e+02 1.659070129698415030e+02 1.316687996973301438e+02 1.427423581204006098e+02 1.018442928153690445e+02 9.397629879881736770e+01 7.152576593816363015e+01 5.758336387772266107e+01 3.740549135246101287e+01 3.029264941555767976e+01 1.977424970733381571e+01 1.082925570497105383e+01 8.758676886762444269e+00 4.950406386879137699e+00 3.776020802564163947e+00 1.562363221243976419e+00 1.638949956750223702e+00 1.156940497275157131e+00 7.847790070383289240e-01 4.913054651894938063e-01 4.814686445350073729e-01
1.030604920304652126e+02 2.276226811140294615e+02 1.278164195231231020e+02 2.378728753057069127e+02 1.681544803051576764e+02 1.303096657624343777e+02 1.392256155586004240e+02 1.014350587580123317e+02 9.440215546025034143e+01 7.230335218636987804e+01 5.757896951444111977e+01 3.749669975356439267e+01 3.066642803769901349e+01 1.982065835168446100e+01 1.081309147775061952e+01 8.863996978098704460e+00 5.047681730653261312e+00 3.812591916103802880e+00 1.628620448878549176e+00 1.620649909054549198e+00 1.188566843654813798e+00 8.011978374730119867e-01 5.037971445888234090e-01 5.038720259181491690e-01
1.015239793450003276e+02 2.304974988927926347e+02 1.332077567101434852e+02 2.395408537522806114e+02 1.680529804470767772e+02 1.347132734820420410e+02 1.451499395873817377e+02 9.972450497809025194e+01 9.287890780015639791e+01 7.308670787846928363e+01 5.746622664032198458e+01 3.793419450396564940e+01 3.040153167541872037e+01 2.003583794786552730e+01 1.102619438510798133e+01 8.810882619494050161e+00 4.966012897611559396e+00 3.716036367055931322e+00 1.618255508520710428e+00 1.669880702744175771e+00 1.150627481986506329e+00 7.940116826565630781e-01 4.835756209673210404e-01 4.809763991754004708e-01
1.100612168787164080e+02 2.328290409668572352e+02 1.259551925704071209e+02 2.467398840528450137e+02 1.638730704593652945e+02 1.327825039733902770e+02 1.415734238240542595e+02 1.024287494869636106e+02 9.408177400244558441e+01 7.030981722613336160e+01 5.791056524541796335e+01 3.814265956641090582e+01 3.024745891812478860e+01 1.967320216647715370e+01 1.093268074216647534e+01 8.706298555940440664e+00 5.037602245211735053e+00 3.786651405838437956e+00 1.551137374953241777e+00 1.644200940723653304e+00 1.139345410292903704e+00 8.139070000412450545e-01 4.841449617331516908e-01 4.708688291978062046e-01
1.027265639295201396e+02 2.248540817190470591e+02 1.394618746546774162e+02 2.301455531236138654e+02 1.619786750189572899e+02 1.298676088200019478e+02 1.450767688063558580e+02 1.018494223624566217e+02 9.565969191229770274e+01 7.083701425229779147e+01 5.854249451474169774e+01 3.751635134461007226e+01 3.038682616550792304e+01 1.998504680536336409e+01 1.088703515082732309e+01 8.833578503834644380e+00 4.977559309360574780e+00 3.810091160872813187e+00 1.614181385343070430e+00 1.653246972377800939e+00 1.154981412086764969e+00 7.832531586777443655e-01 5.097607121496943172e-01 5.075285391851925842e-01
1.029898172473023124e+02 2.300417209816371269e+02 1.449758309162545231e+02 2.398269551019856465e+02 1.695944305327527957e+02 1.335584174554934123e+02 1.444615632695935687e+02 1.020080113479706796e+02 9.545121366839138943e+01 7.201358523326007344e+01 5.752795117399942626e+01 3.752230974182575807e+01 3.032123803940623219e+01 2.000013120523139420e+01 1.089104319968708090e+01 8.734139573973086712e+00 5.081420441295279034e+00 3.710442895511251393e+00 1.584307003560226246e+00 1.681584819573434197e+00 1.129908805105090952e+00 8.039271170489598051e-01 4.984475516646713622e-01 4.937120777163266361e-01
9.419051998223926603e+01 2.265001174729757736e+02 1.350635957551545800e+02 2.356639179556894419e+02 1.649199085375244351e+02 1.289243654830050900e+02 1.436934840305398211e+02 1.015845550809459610e+02 9.525479607024001893e+01 7.262780308671761986e+01 5.805165710260319401e+01 3.732891869900277015e+01 3.056769569908018269e+01 1.993382196746424739e+01 1.081174341417909979e+01 8.743261899984421603e+00 5.101006932540232519e+00 3.849329724947601949e+00 1.599375071992251485e+00 1.631005228396231077e+00 1.143850941708224322e+00 7.681490307084534175e-01 5.120581483520982857e-01 5.107914374010431580e-01
9.855306570101217289e+01 2.263169306463059911e+02 1.438526181233315242e+02 2.326271790230636611e+02 1.727384207435759151e+02 1.316673024327658936e+02 1.509434958896646037e+02 1.007023640456798717e+02 9.460884099010051784e+01 7.235579338116494341e+01 5.807548574458195390e+01 3.728443783635399456e+01 3.050474877431956955e+01 2.006121396749726671e+01 1.066615763453182808e+01 8.723202368672176021e+00 4.982979517229240152e+00 3.664413649051766253e+00 1.569913652391625281e+00 1.635447092787521095e+00 1.173588433540951437e+00 7.823773188526894629e-01 4.802979315032624430e-01 4.637905796703633565e-01
1.047705521870023375e+02 2.304105162884617926e+02 1.276604082412530090e+02 2.330618395563731156e+02 1.694117429845354081e+02 1.334048030472991684e+02 1.420841933661455414e+02 1.039523001982077943e+02 9.346596184195284707e+01 7.195304718139458089e+01 5.824120074466284791e+01 3.784231508072851113e+01 3.046924193594134422e+01 2.009803143320512575e+01 1.097581742340288002e+01 8.914526511087546012e+00 5.151312739875622881e+00 3.823309891888449386e+00 1.596398817183376506e+00 1.686593942766614784e+00 1.132378996117180403e+00 7.769152629947062572e-01 4.630676356012677353e-01 4.746904329769967568e-01
1.014211041837888843e+02 2.247598369610612679e+02 1.200279288281903121e+02 2.376616895683712585e+02 1.687860768960454436e+02 1.312367951229245762e+02 1.438415287836239997e+02 1.009964757662093859e+02 9.603040868322774770e+01 7.199538058961231002e+01 5.685233252181013341e+01 3.778242218892410165e+01 3.019445498206253475e+01 1.983783436379555454e+01 1.104185319658174258e+01 8.790961571988228584e+00 4.900865610885881019e+00 3.816489797004329887e+00 1.544177992844037117e+00 1.661391298390420879e+00 1.150466877636523444e+00 7.687609678450472162e-01 4.855410546842029440e-01 4.936161821522931370e-01
1.036540890012686589e+02 2.215588807901868051e+02 1.349738984982930106e+02 2.372763443040740015e+02 1.661281078274514869e+02 1.344979624133261211e+02 1.416473906075992772e+02 1.021786007885983594e+02 9.435299863025576883e+01 7.093064565161228074e+01 5.768835443447719769e+01 3.765891643710204306e+01 3.047421683545497473e+01 1.986114263348851949e+01 1.093200555523731587e+01 8.772755135659705772e+00 5.006288733814180603e+00 3.722815330430107927e+00 1.555922022283136474e+00 1.662172357775520970e+00 1.133952805792547647e+00 7.709383392613491370e-01 4.876220675972076091e-01 4.934599115330720043e-01
1.083903774829258282e+02 2.258247874278914651e+02 1.351213316587482041e+02 2.389072311248057758e+02 1.723936781365991351e+02 1.321693921846555781e+02 1.445817964055058269e+02 1.071227711554754052e+02 9.537815956013255914e+01 7.304686958638880867e+01 5.801959449707533878e+01 3.784485422714428182e+01 3.036225003437106551e+01 1.989739605882949292e+01 1.116476612960954284e+01 8.711330336537507435e+00 5.002912069874017043e+00 3.833949367748741732e+00 1.539747075834568157e+00 1.635872998856749527e+00 1.137853324432052116e+00 8.036089227554078507e-01 5.008816447534907290e-01 4.899247464051666445e-01
7.567892063375263945e+01 2.485330164781445035e+02 1.525149491502116348e+02 2.330755086971301466e+02 1.642348720590923676e+02 1.317793524326769443e+02 1.410490961232977725e+02 1.038973874905907593e+02 9.693453907355952026e+01 7.076894119924888571e+01 5.668448534828927876e+01 3.755906834813983153e+01 3.046078753731832833e+01 1.968683297386900577e+01 1.084169453735276001e+01 8.713549508955203748e+00 4.905757025359362977e+00 3.895402910163748622e+00 1.512536002118449741e+00 1.588987593650604824e+00 1.155353240958233219e+00 7.795054598361107479e-01 4.491773794845732581e-01 4.916987026590360910e-01
8.610314160430075958e+01 2.324130044503536396e+02 1.416173030712091645e+02 2.412254582489970574e+02 1.747555697302877036e+02 1.364821927283031471e+02 1.459606187205812944e+02 1.020738671580996879e+02 9.355491285240863419e+01 7.225251920646356041e+01 5.821306768597730041e+01 3.747044614725135148e+01 3.039705936503885297e+01 2.009408825680733912e+01 1.099673743705984030e+01 8.801009722306659455e+00 4.890505497660738499e+00 3.847490466694457378e+00 1.558735314626544577e+00 1.650264867022884552e+00 1.143764038696624574e+00 7.615327417309066815e-01 4.913322496379985971e-01 4.890157127017508709e-01
9.443301485365836356e+01 2.351201477973832255e+02 1.337625600002852195e+02 2.378549986609648954e+02 1.647675971581714975e+02 1.294365051831942992e+02 1.415911239688339265e+02 1.005008289623302318e+02 9.515421531719975690e+01 7.078352301286361126e+01 5.771694447516372861e+01 3.749155955535517393e+01 3.048769481714262142e+01 1.977517983631152276e+01 1.084438802169435689e+01 8.767877376282289248e+00 4.884729196011622143e+00 3.737772359590222138e+00 1.634195173075541074e+00 1.628533119033158894e+00 1.151321293569151472e+00 7.871133210992378171e-01 4.796054169610369233e-01 4.814920233601032162e-01
9.809763057047365464e+01 2.301386224705574648e+02 1.402513292233264508e+02 2.399745940328499501e+02 1.677399109267504969e+02 1.347043977245070607e+02 1.426519924636917551e+02 1.019080303106043033e+02 9.415020560555240081e+01 7.202811987621704759e+01 5.773271780700395084e+01 3.748438336940967019e+01 3.033514957699611969e+01 1.990712608968062014e+01 1.102650711016731755e+01 8.789195755389625830e+00 4.977642860626648513e+00 3.812972624819651823e+00 1.592033485891446221e+00 1.646986198457395467e+00 1.149219443776985150e+00 7.803619687094234258e-01 4.960032866795623385e-01 4.952757278006006403e-01
