7.613489179865713652e+01 2.014820535283697609e+02 2.020554054068536232e+02 2.361181157587812436e+02 1.557913312023599985e+02 1.205810584516203505e+02 1.325735542142144823e+02 1.102274725569736518e+02 8.045019628683137114e+01 6.512359035623184411e+01 5.673776608890302242e+01 3.426329581297654414e+01 3.002760604368545572e+01 1.942914782490562331e+01 1.134306389336271970e+01 8.086991598535922421e+00 5.026877844436694609e+00 3.246997491106147660e+00 1.689553341138336107e+00 1.382046491883430761e+00 9.988641993613346370e-01 6.917568164147127607e-01 4.988880330344136471e-01 4.224772000110267323e-01
7.664689887468490781e+01 2.164662683999746378e+02 1.932987742204669246e+02 2.346421639735053191e+02 1.495841847109690548e+02 1.217271704580048635e+02 1.334310660783712024e+02 1.091461134995884237e+02 8.098325712695853440e+01 6.379524970846041043e+01 5.680642902335996780e+01 3.341735875677125733e+01 3.059382144950320637e+01 1.928652354874759922e+01 1.135098581710289345e+01 7.989139482410235082e+00 4.889117646205681567e+00 3.275464098766490917e+00 1.724653142242321913e+00 1.363578799755935878e+00 9.880734315941586132e-01 6.832420422726922515e-01 4.794708554778950305e-01 4.131315439435108705e-01
6.570575180753537836e+01 2.100050163546166289e+02 1.867305547103823642e+02 2.221018954752411787e+02 1.490488500454769394e+02 1.270420390077680821e+02 1.314816147317526713e+02 1.095451212972698443e+02 8.144038164715431094e+01 6.495872077810743406e+01 5.773410233562348282e+01 3.391897516227604115e+01 3.064438303671092356e+01 1.906098505225983786e+01 1.160838194261926581e+01 8.055679627875376170e+00 4.929941664906171361e+00 3.282786002697089422e+00 1.777057562941910751e+00 1.420275118358716337e+00 9.781549441180438231e-01 6.676343806290597760e-01 5.028223385126764367e-01 4.125975602307871415e-01
8.614136913943762863e+01 2.175511062716736603e+02 1.936210252974661614e+02 2.472811694080470772e+02 1.618545210110997346e+02 1.238058392336064060e+02 1.309246000412687465e+02 1.100178800793577238e+02 7.962558418804216842e+01 6.407897105357075418e+01 5.736531089114012616e+01 3.403001452163271523e+01 3.048967929261580068e+01 1.939034868297450132e+01 1.163292757980469716e+01 8.034661260421488649e+00 4.893878966243814688e+00 3.267979986116695823e+00 1.795665024225391537e+00 1.408969007596369005e+00 9.697411200010136456e-01 7.173241272073821451e-01 5.034658708861787790e-01 4.129000812102503470e-01
9.168615082355518098e+01 1.835894671656861021e+02 2.089988834564467197e+02 2.211116563958052268e+02 1.557014977292507751e+02 1.256511415242813001e+02 1.344698908104279553e+02 1.101092811904364481e+02 7.939287428110017686e+01 6.436143080169277653e+01 5.709646502695121484e+01 3.391139496983248591e+01 3.131530534231671581e+01 1.905158449589140801e+01 1.128050606451715865e+01 8.151847629655671668e+00 4.808105484741958868e+00 3.221197926109870213e+00 1.816566836021871856e+00 1.437580144123392856e+00 9.996671129766681041e-01 7.246854794896678831e-01 4.920053563990579581e-01 4.044941594139447316e-01
8.417778500944721998e+01 2.048634539650929014e+02 1.867238007389694019e+02 2.280300777440231172e+02 1.622556791981967024e+02 1.252617254276025704e+02 1.309434000943334127e+02 1.101216075815333681e+02 8.004045038705936577e+01 6.310684166691012109e+01 5.669215526874771172e+01 3.360081958686379267e+01 3.048724438784952184e+01 1.915025931585294217e+01 1.148951304407450458e+01 8.118308909712638410e+00 4.886012197605727359e+00 3.370083595497251672e+00 1.723570901647602849e+00 1.364618120310823635e+00 9.805554421452123970e-01 6.745979305184812702e-01 4.659647303784569816e-01 3.935344434017450377e-01
7.560856592143051103e+01 2.128385755799012031e+02 1.978395639963320605e+02 2.333677006292348324e+02 1.559912410477315063e+02 1.246610736430727542e+02 1.356081639106996590e+02 1.100565212472653229e+02 8.111164344359345080e+01 6.447217378252436504e+01 5.685430126410160057e+01 3.434863740542599686e+01 3.084467852915774699e+01 1.902501728969712502e+01 1.138605199324776684e+01 8.272989515384216119e+00 4.910878711787710849e+00 3.271459073249937788e+00 1.715474564255175416e+00 1.401723370563948246e+00 9.498519304527327511e-01 7.079763576542570380e-01 5.039907628652311455e-01 3.914991915420899526e-01
9.205246911875211424e+01 1.793056498513581118e+02 1.807584650864987736e+02 2.416957675031828785e+02 1.607654827423775430e+02 1.247499948886035099e+02 1.320783998170888367e+02 1.100844059657539304e+02 8.042219502369985662e+01 6.434467405446460475e+01 5.695748307663362198e+01 3.413157687830263143e+01 3.074323860204176384e+01 1.874291561384273308e+01 1.136683394960028970e+01 8.054109983044744681e+00 4.937163207445051327e+00 3.411021671447491244e+00 1.745955832631480797e+00 1.382264520455737777e+00 9.388207865202604641e-01 6.860711787885790391e-01 4.643287951666446589e-01 3.881947073896804268e-01
9.742540242355465807e+01 2.126847889572294434e+02 1.950445686915064130e+02 2.327633440912846652e+02 1.550393024648106746e+02 1.270419534685365193e+02 1.318925625858256865e+02 1.077264522823485038e+02 7.996990836912037537e+01 6.443339881687674620e+01 5.494425451322251064e+01 3.366992691537411986e+01 3.048988914855538468e+01 1.935396536678483770e+01 1.153146793437956852e+01 8.076427779809138841e+00 4.777655444363412052e+00 3.218131837274743390e+00 1.739491182003702008e+00 1.387812107335924638e+00 9.919123606736719445e-01 7.189528639872023730e-01 4.843464643380366863e-01 3.871318721200242008e-01
9.358893295846178262e+01 2.099396206145563326e+02 2.033167299428556873e+02 2.242602303340630101e+02 1.613305490577434966e+02 1.231321874661977347e+02 1.353953941227758264e+02 1.132073889336036956e+02 8.086150499959614990e+01 6.528933641582976577e+01 5.699766440363280395e+01 3.463972992216996261e+01 3.076655731259043947e+01 1.886371594341670743e+01 1.140111657453910965e+01 7.883516408289000132e+00 5.001913609093945112e+00 3.282935354624355817e+00 1.794563342346249923e+00 1.404235714451076866e+00 9.296829656801072206e-01 7.219076122204164392e-01 4.893541462907535222e-01 4.168754470932382050e-01
9.892945925912772509e+01 2.050634288008307067e+02 1.935857594685954268e+02 2.303736679910244618e+02 1.577977740593955502e+02 1.273493942480696290e+02 1.289254793961911787e+02 1.073356753273031075e+02 7.889238847625739481e+01 6.499453180986628809e+01 5.661874582915434928e+01 3.354125967387554397e+01 3.034824431727361471e+01 1.883086866682147686e+01 1.135440117480497868e+01 8.033033169266717621e+00 4.979190858070354331e+00 3.325879588950430676e+00 1.714787484532247275e+00 1.448520679716765125e+00 1.008516498390080951e+00 7.031731746584370946e-01 5.158004527166453190e-01 4.226104492139072799e-01
8.348142548011600184e+01 2.135667948558864566e+02 1.927552697703368665e+02 2.092281833615140840e+02 1.506003036403925250e+02 1.231971333355403146e+02 1.361370412038976951e+02 1.120053921661374687e+02 8.072828421077441874e+01 6.572866819884269773e+01 5.698482178701827650e+01 3.416624733763609356e+01 3.053810754801406091e+01 1.895225273233246099e+01 1.176876928907398856e+01 7.869619867077103592e+00 4.940359913379360535e+00 3.356001258499133666e+00 1.715222191629830917e+00 1.416779944272525960e+00 9.644726649117972839e-01 6.561043701699628139e-01 4.716308049193372320e-01 4.082184746019291710e-01
9.214981064341033345e+01 2.257539672377514250e+02 1.910511378940957172e+02 2.302737067205397636e+02 1.522784352333495406e+02 1.228754826606747059e+02 1.348601971969797546e+02 1.099222717907718305e+02 7.976705663782723832e+01 6.429602691767064471e+01 5.621265293591076784e+01 3.385124312358078669e+01 3.046101332910326320e+01 1.881042765912602732e+01 1.168101910298530299e+01 7.972438786338763350e+00 4.867684613876400945e+00 3.262248699543114583e+00 1.755072412035165064e+00 1.379973265737996391e+00 9.818674004524172716e-01 6.949756729488099083e-01 5.077447675682950079e-01 4.177810695230015914e-01
5.537382536300483338e+01 2.083211368165261774e+02 1.984725382835702874e+02 2.444858423076145186e+02 1.515805969576954908e+02 1.292671297371700518e+02 1.306421725364230326e+02 1.145867862918734374e+02 8.064046630250372516e+01 6.446396635992034874e+01 5.660143677847408128e+01 3.361682481892667340e+01 3.021788030930555635e+01 1.928075753503270917e+01 1.085181715104319089e+01 7.866545046812164266e+00 4.938516244485060547e+00 3.282394679462852238e+00 1.687572182646866592e+00 1.379178192279031823e+00 9.743873528614959145e-01 7.308277914427073751e-01 5.026683104461971974e-01 4.065246965546621127e-01
8.826650265301951492e+01 2.255660890466296564e+02 1.839179116690762044e+02 2.381349896178924155e+02 1.576783804991873410e+02 1.213104094010331835e+02 1.326769697582143124e+02 1.113247954947257483e+02 8.253786751157988988e+01 6.457691247526248901e+01 5.653913717431791497e+01 3.388879614157920628e+01 3.056557437197789540e+01 1.910705873200666005e+01 1.144203494361360285e+01 7.910927159077211002e+00 4.984315222493331810e+00 3.266044218876621219e+00 1.764976175273830883e+00 1.367661197985966304e+00 9.419225330506117988e-01 7.082991292855262966e-01 5.118244451173039611e-01 4.283286350347215166e-01
8.389993258301343815e+01 2.067252610903807692e+02 2.051693022391990269e+02 2.409732139096910828e+02 1.478363632883902312e+02 1.317927861502177223e+02 1.269324457272808786e+02 1.071383073432436959e+02 8.143111604434501771e+01 6.466119140482611272e+01 5.681514909401181512e+01 3.393036353223717327e+01 3.035684387179681210e+01 1.896760682283571953e+01 1.154913993605492095e+01 8.219146891679978140e+00 4.964352987363590763e+00 3.236582897730080788e+00 1.692296744386265983e+00 1.419663706731311370e+00 9.528530762122723319e-01 6.938510798655369571e-01 5.247005695496393951e-01 4.347030546226827163e-01
1.000598277730651802e+02 2.083076983340301922e+02 1.946493641195496025e+02 2.243097976593999476e+02 1.522893782398128337e+02 1.276746171296613426e+02 1.334492544571414498e+02 1.109067644029401691e+02 7.986202940112474380e+01 6.353125085461806520e+01 5.648562868159429229e+01 3.388928774014009804e+01 3.041268865890911854e+01 1.926574103089853196e+01 1.157775882679985457e+01 8.168944246681602905e+00 4.869768356584531332e+00 3.259322032353960896e+00 1.696932853165942445e+00 1.400105151982668383e+00 1.014507566799529359e+00 6.587294856878312954e-01 4.863652151175228977e-01 3.793640757207056846e-01
7.984348528309426740e+01 2.045709025985643450e+02 1.772617838380908779e+02 2.234459390632986810e+02 1.618138029301912866e+02 1.251110398719416281e+02 1.344183227299071746e+02 1.106944682449246500e+02 8.053816432816137194e+01 6.468919838804383460e+01 5.748941135786859036e+01 3.373636530482698248e+01 3.048029372425252959e+01 1.873698270233090568e+01 1.145408408876654072e+01 7.920521802574341130e+00 4.836914487504403226e+00 3.318271257002108676e+00 1.755988986483169034e+00 1.423536040269055558e+00 9.787740243400021578e-01 7.050411316389703087e-01 5.121356846747439073e-01 4.091143390954727344e-01
7.511934889436298590e+01 2.154207748195844658e+02 1.952930428454552043e+02 2.463053822897864791e+02 1.548679310381344294e+02 1.172064320589136202e+02 1.344188120179811392e+02 1.130308427653922365e+02 7.921341978343465939e+01 6.360103816211831429e+01 5.675237098135536939e+01 3.397410136757409305e+01 2.994538078800724534e+01 1.925970805771123651e+01 1.135705840688435231e+01 8.022786577608078673e+00 4.944364105177812441e+00 3.286192995521073801e+00 1.714437255089468648e+00 1.409224395023757959e+00 9.433630488050138707e-01 7.320298796998075952e-01 4.958360945885491033e-01 3.918975878676511648e-01
7.392172468321223278e+01 2.205700066741795524e+02 1.868708908141900906e+02 2.320847815465294843e+02 1.496486109295123867e+02 1.292178965088722009e+02 1.295747019297239717e+02 1.092178432530836858e+02 7.874421594760865162e+01 6.387135430524921276e+01 5.582327896334611950e+01 3.355819019398091285e+01 3.097012532386968431e+01 1.897654394978265202e+01 1.176765848704961392e+01 8.068768030255597523e+00 4.963273306259487150e+00 3.348033196817143953e+00 1.745670605783988805e+00 1.447928564611498992e+00 9.494512377910099277e-01 7.259006278133844914e-01 5.209084165582891224e-01 4.296876085352366870e-01
9.258211951646863724e+01 2.314592228283182749e+02 1.926591817214380171e+02 2.280637041981579785e+02 1.495446194807001348e+02 1.214753865394070260e+02 1.338312699387774956e+02 1.110946865883444445e+02 8.014581329465553949e+01 6.459973023194865505e+01 5.805523516331881950e+01 3.396912591424203498e+01 2.995608770391295650e+01 1.918510062092887836e+01 1.124424300358505491e+01 8.089946277260589014e+00 4.787045742715672958e+00 3.254489409960183544e+00 1.749670193345841840e+00 1.398424099103540152e+00 1.025956446742404715e+00 7.172871956286387407e-01 5.002024540174851985e-01 4.211384075663659465e-01
6.907699158076673029e+01 2.042566226722610736e+02 1.933710091045345507e+02 2.291557882407493025e+02 1.589908786864535557e+02 1.280793408834682054e+02 1.329443805395895595e+02 1.083525981214052223e+02 7.932822857842916164e+01 6.469144236732259401e+01 5.729692931249583410e+01 3.409312620301817987e+01 3.048843334956125517e+01 1.935184403523497565e+01 1.167074703069003583e+01 8.097128996103394982e+00 5.054643686588932816e+00 3.276924227494558917e+00 1.753913724510526517e+00 1.364925328830386864e+00 9.600099958776556752e-01 7.213676413495024864e-01 4.991673014680679255e-01 4.165069567880904100e-01
8.664784578200047349e+01 2.345322321106002903e+02 1.950043040111704897e+02 2.211242210225414055e+02 1.524795774748203314e+02 1.293048264514243897e+02 1.334927114320442456e+02 1.105766004300185017e+02 7.897041829058248652e+01 6.366500822219589395e+01 5.711108189961621662e+01 3.365582567976914419e+01 3.029251207068542229e+01 1.886943459493986808e+01 1.118525558319366020e+01 7.950506075515198390e+00 4.954270684446931305e+00 3.318989225116200537e+00 1.685299186627730039e+00 1.325806193758783280e+00 9.533406749128650048e-01 7.360570770033285637e-01 4.863782581365491686e-01 4.141264476333050282e-01
1.126880480808897715e+02 1.912654553319610784e+02 1.960879869755250127e+02 2.326141395482129042e+02 1.573983772445049851e+02 1.214799915090593601e+02 1.322381315500278163e+02 1.093625744227091303e+02 8.378579577503100495e+01 6.387862232402325446e+01 5.619620472455142135e+01 3.382872871472574872e+01 3.055815929122416463e+01 1.906144774969439837e+01 1.133577443626838921e+01 7.864615895750808328e+00 4.980161283136295580e+00 3.408170306672885452e+00 1.686904891809376750e+00 1.407516748693295350e+00 9.584703748273102342e-01 6.993585524352722294e-01 4.594470406665033813e-01 3.947737236156406149e-01
6.392842987241338193e+01 2.126809615102807243e+02 1.926642553692539082e+02 2.298970671148513247e+02 1.457162157109874272e+02 1.230654714965765493e+02 1.315363047912393313e+02 1.104900007098060541e+02 8.052656879749038410e+01 6.442988932164382732e+01 5.639482423110472809e+01 3.376557975675594037e+01 3.043969778411870308e+01 1.908348444296346713e+01 1.167954837901791976e+01 8.150537548670381938e+00 4.828569814246369774e+00 3.249900373284899224e+00 1.713427982881849720e+00 1.364230226664618018e+00 9.402453145409405133e-01 7.516978149833306588e-01 5.151405827442484542e-01 4.384830192073972399e-01
7.973276581737229662e+01 1.962837542513204596e+02 1.929434813420419914e+02 2.287387770660436672e+02 1.609840982566122420e+02 1.262450795944348840e+02 1.320296117256119430e+02 1.105086251252099458e+02 7.931062946710699180e+01 6.509454792792126909e+01 5.679279554522305062e+01 3.420126088660093444e+01 3.044658994854699330e+01 1.923891414062302729e+01 1.150407232066294405e+01 8.198462674631537439e+00 4.960621889514850835e+00 3.182694536552529208e+00 1.659856465686112337e+00 1.384081570533345573e+00 9.807523905132625730e-01 6.907502776771119457e-01 4.883117239056114500e-01 3.946076363580381940e-01
5.875419170148330039e+01 2.105946059903148466e+02 1.851136373207820327e+02 2.255577041293310288e+02 1.563773806866744280e+02 1.279424187113481679e+02 1.244791082017886055e+02 1.084048754985575016e+02 8.018127312616964275e+01 6.519482039721393107e+01 5.628383205833404190e+01 3.352691266441905071e+01 3.067808164979944152e+01 1.941518053269924238e+01 1.133872429142387972e+01 8.157851527976914596e+00 4.821463086272146370e+00 3.441196751909234575e+00 1.707368233346989062e+00 1.413651867952185004e+00 9.864843975529787867e-01 7.244297071886377504e-01 4.929323306035649499e-01 4.227123012155709625e-01
7.879832438132228845e+01 2.103228552886506577e+02 1.856451088824788656e+02 2.462581199706992834e+02 1.614020333376738563e+02 1.285694076622326065e+02 1.299719293532095890e+02 1.103819304547645288e+02 7.968555776567374949e+01 6.443898095060610842e+01 5.691035299396811808e+01 3.388780178169535873e+01 3.049914916697031941e+01 1.899605216632188842e+01 1.130519005928806742e+01 7.962884141283881334e+00 4.870605488787032478e+00 3.251209766943150559e+00 1.750672740882873279e+00 1.382326093143402934e+00 9.693464808865586146e-01 7.053958139631505420e-01 4.928856460521529592e-01 3.867978640398841983e-01
6.825186641720347325e+01 2.080001943638319801e+02 1.751493139826691845e+02 2.356046928281042767e+02 1.575932341709628020e+02 1.250746467620791833e+02 1.317971192017683961e+02 1.085370723840240572e+02 8.086012742659059427e+01 6.393888518990193859e+01 5.704059906555844606e+01 3.363404922173908318e+01 3.049847192538660323e+01 1.953179145471790790e+01 1.164562752121776157e+01 7.986765061214211592e+00 4.883419639770228748e+00 3.262510670471197471e+00 1.687546699123672944e+00 1.433171877963859142e+00 9.603053482236818539e-01 6.983365571108566261e-01 4.939181820193652706e-01 4.174364502573262858e-01
9.378764025020166173e+01 2.164812303871394761e+02 1.972349730102951071e+02 2.258020847187548839e+02 1.573440378505017634e+02 1.272799898509432808e+02 1.317804187474357889e+02 1.076389253754129811e+02 8.063160512038457739e+01 6.465903154407700981e+01 5.661507689176941227e+01 3.411482987428915692e+01 3.029133371452251211e+01 1.926980975604343627e+01 1.153059988868391272e+01 8.094433876361252445e+00 5.004463505725300188e+00 3.218058456518246846e+00 1.820626342868688186e+00 1.414888279312941810e+00 9.694456176300533246e-01 6.983857299995136492e-01 4.745542540996457448e-01 3.827714252801779904e-01
8.873956942528039349e+01 2.355761526009968350e+02 1.993298158906350181e+02 2.143385506022265758e+02 1.573622580386973482e+02 1.296633032867850090e+02 1.336613857383695745e+02 1.134861168110157479e+02 8.170856977895962814e+01 6.491924068027816475e+01 5.675606002895452207e+01 3.342284094726306876e+01 3.028653395301956763e+01 1.920991914046851434e+01 1.173375572387327104e+01 8.032255726398140894e+00 4.884385099440591738e+00 3.362557278479753275e+00 1.838623610622123428e+00 1.439015752946437132e+00 9.258604658571315538e-01 7.158946257424121384e-01 4.874152576234480061e-01 4.189158701124834905e-01
8.596571754678615207e+01 2.122989325571979577e+02 1.895535418542331172e+02 2.246069773947077692e+02 1.541159027743415493e+02 1.299349063140140288e+02 1.379089924289077373e+02 1.111958866352170219e+02 8.085376942488892382e+01 6.569489591168047582e+01 5.641229602607462112e+01 3.418145853070689810e+01 3.041830414032477137e+01 1.938395880699313523e+01 1.140055688446100035e+01 7.773377018808706573e+00 4.874841243928746515e+00 3.314341784915488365e+00 1.792492103518130042e+00 1.417265311168360631e+00 9.929440847808141957e-01 6.609613616744806075e-01 4.765916012581511985e-01 3.752839346847757773e-01
6.094212181588532928e+01 2.125263143764628069e+02 1.969756036115390998e+02 2.313386443200421070e+02 1.605734637745183591e+02 1.294690860267782568e+02 1.336418605778723077e+02 1.120130536657380276e+02 8.282228101419904931e+01 6.433568538959457328e+01 5.733405440214855986e+01 3.429731381889460096e+01 3.054029714772649129e+01 1.884986382804262206e+01 1.147257045957083932e+01 8.139931706679714551e+00 4.886008796471742244e+00 3.258887498317119213e+00 1.792863098511872311e+00 1.395341089634460463e+00 9.752855345824348321e-01 6.949648155389852588e-01 5.005469382087465169e-01 4.037925723823381774e-01
5.981123385438110063e+01 2.080458235134595100e+02 1.881776135508093262e+02 2.423080048905517572e+02 1.597032100841341844e+02 1.260568751855943503e+02 1.307643718049493486e+02 1.074986343776875373e+02 8.017270554777232405e+01 6.368035718524803457e+01 5.776477846978546182e+01 3.423526399796762831e+01 3.006327904961987230e+01 1.904991370611746504e+01 1.112537795011892605e+01 7.788095306678537888e+00 4.965132327304465854e+00 3.345252332941726525e+00 1.789568445250496520e+00 1.389110804755828932e+00 9.291427849284619178e-01 7.166152213631504786e-01 4.821289296484645992e-01 4.334490764649518435e-01
8.167625094866650670e+01 2.032181735326896330e+02 1.835501041704197860e+02 2.336773936620041638e+02 1.565837213694742047e+02 1.277122348643212177e+02 1.311710721268831037e+02 1.092804094969669535e+02 7.899864534595343457e+01 6.489675636764448541e+01 5.739046662091688944e+01 3.478525879902657891e+01 3.061504574631826969e+01 1.931595682256415358e+01 1.152527835997618411e+01 8.035047265919327941e+00 4.834736762017405987e+00 3.326928511019439760e+00 1.717754547338639082e+00 1.384340209493779561e+00 9.693451052357153763e-01 6.771471401862741990e-01 4.743867078761616063e-01 4.025609863781284270e-01
9.769117495047767363e+01 2.129835510406242634e+02 1.999280136273801247e+02 2.337377341864231255e+02 1.577564074548712085e+02 1.233935899858476972e+02 1.310953346412076996e+02 1.080080299077790329e+02 8.057413005253013694e+01 6.383836707685128431e+01 5.862861352012255622e+01 3.374589622860777638e+01 3.069114850396790928e+01 1.916128871656048105e+01 1.144999896124075889e+01 8.037573917610583152e+00 4.977537124187513484e+00 3.407389200791832273e+00 1.731646880366058960e+00 1.421314692781002753e+00 9.678876817192085813e-01 6.634564865214186424e-01 4.981233497543067212e-01 4.242355488259742513e-01
8.651754443270655770e+01 2.062158971938443699e+02 1.840012991178007269e+02 2.339576048610863097e+02 1.593554308119306882e+02 1.283921732842770211e+02 1.338782902904801233e+02 1.103199497702230758e+02 8.022208487760812545e+01 6.404086350068097033e+01 5.721697819862050238e+01 3.399854216291898723e+01 3.084916102582421971e+01 1.909688234596219303e+01 1.161816888222809219e+01 7.872799765541945938e+00 4.917741653575895100e+00 3.230191565224833639e+00 1.737386659120688792e+00 1.396547799789349620e+00 9.849934912122526587e-01 6.957788676364002889e-01 4.960978502019079972e-01 3.983168933993546101e-01
7.317460328609908515e+01 1.986585150384701706e+02 1.855632648982016519e+02 2.333320230119813630e+02 1.606947083698491383e+02 1.252508365274474045e+02 1.345612076380147641e+02 1.113940695310304534e+02 8.105066358544772243e+01 6.585753250936754455e+01 5.544621968334352857e+01 3.363822189877402735e+01 3.021105254889128489e+01 1.886202109140909045e+01 1.170970822484147078e+01 7.938061186524574708e+00 4.912901945697329076e+00 3.153298584548104522e+00 1.820966539037044640e+00 1.351291563016525421e+00 1.000217766397590635e+00 7.128427877457322870e-01 5.057744744046240859e-01 4.002386217659934520e-01
7.094949880259571273e+01 2.108296801265637725e+02 1.936619075434049648e+02 2.283876700877494272e+02 1.559534123984808218e+02 1.246312971491440322e+02 1.336285858709988474e+02 1.102761955828098337e+02 7.911463511197075604e+01 6.352407534784368437e+01 5.709870264942108520e+01 3.404898028087005457e+01 3.034899412833015120e+01 1.927538219486138971e+01 1.147805861295921659e+01 8.143531034478648678e+00 4.980326537179379898e+00 3.271488817637090651e+00 1.758953968969554360e+00 1.414892750145278599e+00 9.777118854474918797e-01 7.065547956077500302e-01 4.798273986189363627e-01 4.126405654949625856e-01
7.841253444184162902e+01 2.237812545407741425e+02 1.617446060181541441e+02 2.178807774720523867e+02 1.615098184208320617e+02 1.222118974000776745e+02 1.323550454593994345e+02 1.115815767660644582e+02 7.924115200735585063e+01 6.387948964674902186e+01 5.631765119405612552e+01 3.405057867881404121e+01 2.983898733444824458e+01 1.919784236709239167e+01 1.146625790473377648e+01 7.899782605862191609e+00 4.932115300208345765e+00 3.337252160081823682e+00 1.754749253953408195e+00 1.428681245504263675e+00 9.453711859787052862e-01 6.813705892225463412e-01 4.871441550468489368e-01 4.122980280523775298e-01
8.595515156995001860e+01 2.134304597583073075e+02 2.072993204979430288e+02 2.375177891398406018e+02 1.524980762265648764e+02 1.153871548103800819e+02 1.325616405622875504e+02 1.126738602787938248e+02 8.199394348047758285e+01 6.544876788560782188e+01 5.647761196296081465e+01 3.459148065686826357e+01 3.074357406339680310e+01 1.894655182151425166e+01 1.149738919815342975e+01 8.072614876946344609e+00 4.822661506367837525e+00 3.312629182968253261e+00 1.593078727572944553e+00 1.443085110603806509e+00 9.775203702079579005e-01 7.211408584020575496e-01 4.758369950661018311e-01 4.203750691842493281e-01
7.870912773604639767e+01 2.035776002692501834e+02 1.859228994583678798e+02 2.284854843308197871e+02 1.601664232090299436e+02 1.248831109454247894e+02 1.302539978189858800e+02 1.094477103897179830e+02 8.053706314622979789e+01 6.517044851221645274e+01 5.637904524974922538e+01 3.332340048693200174e+01 3.023073778580841520e+01 1.915293658676602817e+01 1.172302071291858994e+01 7.950810766101863436e+00 4.865887194383071268e+00 3.269380242362000644e+00 1.758409524081661734e+00 1.392006777019912267e+00 9.421659413224696689e-01 7.122539777284135898e-01 5.048978588852323091e-01 4.049006280881352615e-01
7.790372408013081440e+01 2.089206064517438222e+02 1.896015320285198698e+02 2.249763801745041576e+02 1.542677588050515567e+02 1.279948201635278622e+02 1.324527249048586270e+02 1.073368575212391107e+02 8.094417694761200721e+01 6.490849075959128811e+01 5.781119686134682922e+01 3.369766137877594048e+01 3.002418366696909047e+01 1.925021293920307386e+01 1.148465135245579560e+01 7.997015528075378299e+00 4.948930716670505880e+00 3.275577008868660656e+00 1.727140154108244730e+00 1.347958025723505315e+00 9.947166087275801649e-01 7.080452335731115543e-01 5.124409232521408564e-01 4.326259930701432110e-01
8.271341786163276311e+01 2.219729774006207208e+02 2.016917339829544460e+02 2.316953696769045905e+02 1.567068777951545258e+02 1.234713771170265488e+02 1.323934469037231452e+02 1.113852335216536886e+02 8.117842534552406164e+01 6.425731887317597568e+01 5.682007470018699991e+01 3.354422593991917978e+01 3.039525301211072872e+01 1.920244039655763402e+01 1.112572074681965972e+01 8.177539954024927837e+00 4.929462982365907742e+00 3.354188301549125839e+00 1.621785188843616998e+00 1.382496067259046946e+00 9.931006850221030247e-01 6.831190693970288219e-01 4.972897571950737339e-01 4.081319322845123887e-01
8.565806398970187274e+01 2.101001489476740574e+02 1.941768651533690502e+02 2.318271915828424028e+02 1.586792376453546751e+02 1.260133798017045308e+02 1.314871863314794496e+02 1.080884478784824552e+02 7.969986057375089672e+01 6.510504399382027430e+01 5.690269437561181576e+01 3.397558875996629979e+01 3.071305104868319447e+01 1.957733376834222838e+01 1.149248331575067539e+01 7.868169609420777810e+00 4.856241317386758460e+00 3.237880459159954150e+00 1.730318538293939890e+00 1.405839744581428574e+00 9.781329328764313269e-01 6.771267069107380632e-01 5.071122450276768223e-01 3.992932478951954356e-01
7.869411096742177847e+01 2.033770220314240191e+02 1.901873896725230679e+02 2.404774160128658309e+02 1.530286349225646916e+02 1.233274751414839585e+02 1.315348797214594754e+02 1.084451930292353552e+02 7.955159615806039142e+01 6.429102849179726320e+01 5.566615524507306390e+01 3.354409917106029582e+01 3.078539874850227065e+01 1.887127830549887975e+01 1.160511119514954181e+01 7.991423708452830788e+00 4.865503796207387488e+00 3.200634533705814189e+00 1.716053247298518158e+00 1.319693403145955291e+00 9.987942841347210443e-01 6.885794977882818690e-01 4.988295769597850260e-01 3.971204248170515649e-01
9.022317411522796249e+01 2.028701619151942168e+02 2.028610991890438697e+02 2.302920491919659298e+02 1.607718312147682411e+02 1.240285822954323010e+02 1.333935699387429565e+02 1.079475636175954492e+02 7.986718881280773985e+01 6.503227842975077522e+01 5.611124084631383369e+01 3.395912843064554210e+01 3.063928984310798143e+01 1.884786985294762829e+01 1.133317427000224598e+01 8.058205739357473973e+00 4.847561036382582067e+00 3.191381636356595219e+00 1.668372904032992210e+00 1.408991155912511894e+00 9.750683336547524283e-01 6.981465165139147944e-01 4.951794724338302589e-01 3.963640389206583015e-01
8.285561426987717937e+01 2.004912295550849421e+02 1.764804504289715794e+02 2.318160113056612772e+02 1.599296907374572640e+02 1.285373308423318974e+02 1.305822259154416543e+02 1.088142324334432800e+02 7.982532309598286702e+01 6.483581280190566076e+01 5.630044411784518843e+01 3.388591099218255209e+01 3.068587697214248067e+01 1.914676962684284334e+01 1.143587352086715114e+01 8.027955225581614229e+00 4.910031541396728372e+00 3.352868936167132663e+00 1.783650681322492160e+00 1.395158896193938292e+00 9.583793537638913840e-01 7.005267937326972172e-01 5.181332709754792321e-01 4.207168524955166578e-01
7.858976071130462060e+01 1.996142062544393525e+02 1.905055998094845506e+02 2.307808766429158993e+02 1.575334055515960756e+02 1.214552995757287732e+02 1.320345729352841602e+02 1.090853653570883353e+02 8.100880172826646231e+01 6.533871297207387840e+01 5.758284820330030129e+01 3.418001252806533330e+01 3.053776874782054307e+01 1.926033828159951966e+01 1.145167680979389324e+01 8.117448722606134481e+00 4.973290668811120696e+00 3.310934142859081053e+00 1.690995985417653724e+00 1.368017657143913324e+00 9.638816858986615221e-01 7.023245161985089968e-01 5.019347204175543808e-01 4.045700210769884730e-01
7.743530954894643514e+01 2.066739769359882359e+02 2.022069793781478779e+02 2.237019361256006107e+02 1.557085504907775828e+02 1.295338391646136813e+02 1.295822797878052199e+02 1.091866311098516036e+02 8.018723029542863401e+01 6.390633968966076139e+01 5.684461709602730650e+01 3.426403164687394565e+01 3.018946387463416414e+01 1.919734548345500968e+01 1.138700607354999050e+01 8.062303446174848176e+00 4.884409281963575822e+00 3.239754295704679432e+00 1.821306323559233054e+00 1.390419680749977349e+00 9.838747150636699690e-01 7.142464149910476845e-01 4.943787126180890779e-01 4.098912690105726009e-01
7.490137412687920460e+01 2.026028830065880584e+02 1.632722024049739957e+02 2.243792104484550407e+02 1.554986369058047728e+02 1.246136254230079174e+02 1.342495810416297957e+02 1.122531632327014535e+02 8.212759032603275955e+01 6.456211563435627454e+01 5.706543628809198765e+01 3.391067317832126093e+01 2.991620328109083360e+01 1.930424401150380476e+01 1.138566836302155494e+01 8.051493542130739201e+00 4.870436665004358900e+00 3.331163062424611798e+00 1.715846055772797030e+00 1.396751907914053792e+00 9.959651082695166746e-01 6.743327622633485952e-01 4.775339713658301455e-01 3.908075892801229356e-01
7.495914456353922617e+01 2.050253291441916588e+02 1.876893910618267114e+02 2.172467731575407868e+02 1.479952974478224519e+02 1.217697404736432674e+02 1.323732842043289111e+02 1.102266288751615519e+02 8.014101664223007049e+01 6.432427845635461949e+01 5.664234927714703360e+01 3.360516772803877217e+01 3.039277687780941761e+01 1.944837324440102222e+01 1.116740876763114443e+01 7.996721642364953198e+00 4.912421884191378041e+00 3.230931559729568470e+00 1.722342552576766161e+00 1.444299023007689531e+00 9.435978567201015466e-01 6.678346406736104246e-01 4.892186933695342743e-01 4.289477891375318430e-01
7.134172359838827049e+01 2.075716219452977214e+02 1.963655672832475716e+02 2.295197652466481770e+02 1.564856171941103753e+02 1.295383690280329176e+02 1.298879992689039113e+02 1.103374159659707914e+02 8.043647298463123718e+01 6.448199591814459097e+01 5.692670461072657417e+01 3.391300390667311149e+01 3.047731598245571405e+01 1.920337668725487035e+01 1.148252784366677304e+01 8.047612869764552812e+00 5.013783261134726388e+00 3.253778119190841256e+00 1.813228551811249645e+00 1.444830156794086440e+00 9.670280467067602359e-01 6.747759923116867231e-01 4.635637025557549085e-01 3.934324906749726569e-01
5.766985226347603088e+01 2.165603339665922817e+02 1.911766132074895950e+02 2.257031573451979796e+02 1.589155964565748889e+02 1.247688791917242952e+02 1.354889097045246729e+02 1.115300016414704061e+02 8.151117433407007695e+01 6.574300376561207315e+01 5.743708988172953411e+01 3.403033698225787163e+01 3.055634518207181216e+01 1.910041265027241408e+01 1.156237911046908629e+01 8.117712785482776638e+00 4.928813897712396752e+00 3.245134863312464812e+00 1.745119073544834087e+00 1.334368992620753813e+00 9.656629789366935057e-01 6.880987023637062938e-01 4.700764483646981406e-01 3.939701545204750688e-01
8.018987120877422115e+01 2.021320236136702988e+02 2.036408879587762897e+02 2.286840378810944117e+02 1.600360217259712954e+02 1.248641397203789154e+02 1.336045458958157326e+02 1.108407845615804774e+02 8.097649862311506297e+01 6.525183937159646064e+01 5.756232787225633274e+01 3.433334639035347635e+01 3.067481292776135504e+01 1.909491078297239497e+01 1.162629630391327140e+01 8.007131344878843038e+00 4.971503751194511267e+00 3.222427861715341901e+00 1.720938374070227317e+00 1.410537234074808133e+00 9.625856789655832246e-01 6.729152412166812258e-01 5.003620569725304446e-01 4.203850472520048731e-01
7.876694083785213252e+01 2.039550143661594461e+02 1.995606861650114752e+02 2.322151678997367412e+02 1.567811670477805706e+02 1.228705480370868770e+02 1.353926939649017811e+02 1.119636894507935096e+02 8.083205562680147693e+01 6.457481364380281263e+01 5.724294891206658775e+01 3.449629465297202557e+01 3.001612328990217549e+01 1.915464933253755930e+01 1.156238101282883868e+01 7.968762197608986853e+00 4.974366708796736702e+00 3.279467126710111646e+00 1.720183110185775410e+00 1.378554498169926035e+00 9.508144954298587415e-01 7.176468684645828100e-01 4.932075523055001187e-01 3.954877600639084001e-01
7.637016744899830201e+01 2.136538119361171368e+02 1.893065035953835320e+02 2.431704168368141552e+02 1.555741618701543416e+02 1.223597472042882401e+02 1.323525289663403726e+02 1.095014046380827466e+02 8.083201469664878402e+01 6.574255007679064988e+01 5.679471658819281288e+01 3.351078358201607443e+01 3.018767535761863030e+01 1.918526529573670203e+01 1.145906396566269159e+01 8.029637093163554340e+00 4.934912078561313642e+00 3.391131277077734651e+00 1.696232838665952425e+00 1.390415934401853182e+00 9.843785240143816395e-01 6.874464005497941121e-01 4.833493452866468587e-01 3.999716422790157710e-01
8.147196951492341555e+01 2.105066204645143273e+02 1.862762441148675236e+02 2.301394174020421701e+02 1.558548647378378860e+02 1.262268244276237539e+02 1.340004770782233550e+02 1.092323827343518019e+02 8.032193289149597604e+01 6.378462680422804709e+01 5.740623119548799025e+01 3.391014753646137336e+01 3.060475546024416005e+01 1.934914885456514355e+01 1.159262734044038190e+01 8.020376859605461206e+00 4.935352756165763743e+00 3.280930441869868375e+00 1.729196275679231842e+00 1.394293811051529719e+00 9.387676583941245712e-01 6.897033816205949686e-01 4.945467516899152982e-01 4.328878897172880880e-01
9.196149753657489612e+01 1.862203268165665122e+02 1.807617292558718134e+02 2.209977226930475922e+02 1.479618157481408502e+02 1.251879225057316347e+02 1.301745918887346818e+02 1.099081533736514444e+02 7.871964418243636885e+01 6.395087253159003637e+01 5.757608171949001985e+01 3.370519528480073745e+01 3.047935627250017987e+01 1.885331803811888562e+01 1.177202545380066212e+01 7.915700111562239627e+00 4.771070588067587437e+00 3.302996703050633531e+00 1.576151235959964980e+00 1.333020787846605604e+00 9.491901166817968694e-01 6.746751764380368721e-01 4.962739597167026839e-01 3.856790029123191577e-01
7.292828592340092086e+01 1.981452596946061817e+02 1.999672572715067815e+02 2.284696561579954164e+02 1.596457792914639242e+02 1.184240136554052896e+02 1.323264318408456575e+02 1.122025883260608623e+02 8.258283660300125462e+01 6.560584590128293314e+01 5.576319278720281858e+01 3.372557296590645848e+01 3.010337709978542620e+01 1.942675298236728310e+01 1.152737441595552070e+01 7.956310988916138527e+00 5.002771485237324178e+00 3.245161829463887315e+00 1.699132777681627404e+00 1.426688622622902525e+00 9.660341434267347704e-01 7.181029548707625887e-01 5.369549369640737035e-01 4.050268333089517836e-01
8.341842845974176157e+01 2.073927848125420610e+02 1.942748286971720120e+02 2.388373076269984381e+02 1.546445481167321248e+02 1.262939046930763709e+02 1.314925411088880765e+02 1.095308996711186325e+02 8.073822786208808111e+01 6.383839567796130865e+01 5.773141230939081936e+01 3.485361002126655450e+01 3.042617302427917636e+01 1.887781326908817903e+01 1.146241941331638259e+01 8.053720036577891150e+00 5.008152739664900821e+00 3.315685180676744892e+00 1.684667682999242855e+00 1.391854266847972754e+00 1.011013359487083152e+00 7.024402432796310602e-01 5.190826408163028427e-01 4.250467941658929161e-01
9.955966036256532448e+01 1.988854211556670748e+02 1.849155561203944842e+02 2.357266807219062912e+02 1.565625668119759268e+02 1.243402901863586578e+02 1.323468990279015429e+02 1.093638168741467211e+02 7.950691948030790002e+01 6.474720951147783410e+01 5.652951788220320140e+01 3.403015621450210659e+01 3.028628928901372319e+01 1.935695042592170623e+01 1.135074343491924687e+01 7.868300164060631374e+00 5.039510853013862146e+00 3.261108528716723409e+00 1.762795889476679534e+00 1.414653151894113448e+00 1.001187393587994912e+00 7.074308191906535370e-01 4.926659583590435321e-01 3.881949465815307532e-01
6.735061959674460752e+01 2.056329977468544428e+02 1.952539502093401325e+02 2.304130313431356001e+02 1.506293880606652067e+02 1.290987776388844566e+02 1.345077135812996687e+02 1.074363913666740729e+02 8.162004876184637681e+01 6.454525404841540137e+01 5.634861126200826220e+01 3.348982106410344528e+01 2.949846633875202784e+01 1.977810079407714738e+01 1.141895993090979644e+01 8.056047241526281155e+00 5.022770411420631298e+00 3.250480872276765076e+00 1.731703298992232742e+00 1.401232402502018415e+00 9.619008311221595164e-01 6.946562212640556844e-01 5.362042511213208629e-01 4.208944966842561586e-01
9.166195781877712534e+01 2.006092853339448538e+02 1.880203632189607106e+02 2.345765504213566999e+02 1.569461438531756130e+02 1.193398201329429185e+02 1.297489036918446743e+02 1.103767640543419049e+02 7.761171733729425171e+01 6.481691554109757192e+01 5.720545092695246581e+01 3.342389723207294594e+01 3.014773062691800831e+01 1.924420198510007296e+01 1.132803370693203782e+01 7.948026906575635486e+00 4.909563195318984441e+00 3.321062217997364119e+00 1.713482482684764774e+00 1.372607122624624143e+00 9.567443194652966998e-01 6.704954825785417460e-01 4.913891725976565761e-01 4.134361859761026547e-01
6.462647615619508201e+01 2.126463068309819846e+02 1.925995673968635344e+02 2.331996095077649613e+02 1.554290617641918857e+02 1.303164592076912811e+02 1.320843432830609459e+02 1.102864899696309777e+02 8.097294155350607525e+01 6.501190881193109306e+01 5.727569518803543502e+01 3.394548470124485107e+01 3.033943665595451122e+01 1.879626469504132658e+01 1.192223979462568373e+01 7.812290010565355658e+00 5.062289190574371212e+00 3.278510091860827202e+00 1.697826262761779725e+00 1.439080833962531392e+00 9.860014382932108523e-01 6.909353303171792415e-01 4.859438123925562403e-01 4.132924908886553284e-01
6.071603340321708941e+01 2.082495160799639109e+02 1.942130276600182697e+02 2.337097233601843129e+02 1.621118810001597694e+02 1.262452596045167468e+02 1.302389042474854364e+02 1.093895501572803681e+02 8.149066458406892366e+01 6.441524392199040960e+01 5.714671523524431507e+01 3.393830611669471153e+01 3.040332645668735267e+01 1.906173602717636228e+01 1.156501280261258024e+01 8.040957458976549788e+00 4.967500326488297091e+00 3.302114225959464022e+00 1.719015382324502017e+00 1.414684607461935029e+00 9.742679793794351006e-01 6.862985860183218323e-01 5.037622592079313844e-01 4.277496048441008503e-01
8.265288619437448858e+01 2.189869557611542348e+02 1.944443355929719814e+02 2.400491236057190463e+02 1.537326144503311411e+02 1.192251102776497049e+02 1.344228559787942174e+02 1.093996298994383523e+02 8.098088128335217561e+01 6.360373054390395708e+01 5.702397649951774383e+01 3.368327229524204824e+01 3.027818315126983251e+01 1.931260570317880365e+01 1.155687902990181293e+01 7.999850148276582473e+00 4.880228655501508861e+00 3.313247615581898398e+00 1.737674088710935427e+00 1.385450787088351898e+00 9.753453831181790878e-01 7.080700830446150507e-01 4.967391529355826840e-01 4.035955760786841817e-01
7.983704717158767039e+01 2.073015544995072901e+02 1.912578139068064615e+02 2.293578632478531460e+02 1.557225105790801933e+02 1.236472282478835183e+02 1.314456867830856481e+02 1.091900610736680903e+02 7.968017592213816158e+01 6.440190343951144314e+01 5.614992195834079780e+01 3.377134135119364089e+01 3.033499992998322270e+01 1.903099463204799235e+01 1.142323282000269380e+01 7.996048168056156591e+00 4.919001726999494117e+00 3.277332469724777653e+00 1.708210428200864328e+00 1.400339880711245710e+00 9.804922303539038708e-01 6.985089952404697211e-01 4.950177777516722721e-01 3.969490034322500915e-01
8.688160049315614231e+01 1.983411825644042779e+02 1.916630793437792590e+02 2.296419490534522652e+02 1.608582962588917269e+02 1.238877576115469026e+02 1.273837768525054770e+02 1.085968777654170054e+02 8.032186559797074210e+01 6.551621442828363229e+01 5.642764768606109271e+01 3.371850948697362327e+01 3.062760425005876996e+01 1.903567614192940383e+01 1.142265195262006650e+01 8.000718197348032135e+00 5.015104626442929536e+00 3.316289551846114847e+00 1.811271361362074339e+00 1.372112957258315502e+00 1.012947651609659827e+00 7.184517635373071087e-01 5.014753602659353104e-01 4.231715311248316347e-01
9.076176873320675043e+01 2.041700309560160917e+02 1.907381997586802242e+02 2.273821963510721105e+02 1.570726627227889765e+02 1.280006155064874633e+02 1.311718649141543835e+02 1.077618260331995685e+02 7.823178194885190351e+01 6.523122391038731394e+01 5.658829885189067710e+01 3.405192921390661098e+01 3.053656471423336427e+01 1.940353848152379612e+01 1.170232320672835868e+01 8.069367064650592170e+00 4.915654532077978978e+00 3.237684072192335005e+00 1.719639328906539033e+00 1.393443324845304643e+00 9.791264385134456072e-01 7.252168960721718793e-01 5.012121336383834613e-01 3.992989833807052413e-01
9.648173294343564521e+01 2.111895081890785661e+02 1.787210914613172577e+02 2.382917506708252233e+02 1.535593581337162448e+02 1.234408512661368889e+02 1.297110309978931753e+02 1.097392969889132814e+02 7.974538960393618936e+01 6.297657739742676597e+01 5.682831972449849189e+01 3.418487413412650255e+01 3.032835004123323586e+01 1.881741416461374783e+01 1.143471968335697930e+01 7.907940175207714972e+00 4.992155693168533581e+00 3.295494093572658212e+00 1.703612302198330042e+00 1.388287305198965482e+00 9.548754671466160859e-01 7.173080197443841843e-01 4.775452554404702732e-01 3.813459624006423909e-01
8.942972488036522805e+01 2.048630247471460279e+02 1.966453610871447495e+02 2.331348145289223055e+02 1.549817933962445693e+02 1.240247255049791022e+02 1.334628031358266185e+02 1.093388889154368400e+02 8.163413474487558119e+01 6.387712620366408345e+01 5.733349500148186451e+01 3.398908323591533076e+01 3.027319931124421970e+01 1.925397202261211049e+01 1.148623185244688294e+01 8.003118332125231049e+00 4.911933728950399036e+00 3.290899669082059553e+00 1.772050892873082262e+00 1.399370311638741926e+00 9.669402825294646231e-01 7.080743057362216542e-01 5.133604036129622017e-01 4.212620343130663580e-01
8.957327477294714413e+01 2.075630446561374924e+02 2.033506285594376664e+02 2.312607922378440435e+02 1.590240749281543344e+02 1.261325775618135339e+02 1.331268227610432007e+02 1.096409589447974611e+02 8.113831649588620110e+01 6.467270862698725864e+01 5.641613229182236466e+01 3.384798238826343209e+01 3.028057489759558152e+01 1.922765531501196534e+01 1.146549046390649806e+01 7.937417991209676948e+00 5.022652153299616451e+00 3.202133323053729885e+00 1.743045777689217202e+00 1.430736352835121128e+00 9.480799800539535527e-01 7.115321385519873809e-01 4.970795665944234276e-01 4.071908977093809390e-01
8.059873850934093298e+01 2.087547299570400696e+02 1.933934703393459245e+02 2.269894601618444483e+02 1.517787664037673494e+02 1.250639788014533877e+02 1.320276920093868682e+02 1.090458404941370816e+02 8.099663080136024007e+01 6.495564693763468256e+01 5.709165025082870670e+01 3.346461991572681427e+01 3.050523442982496292e+01 1.922413305231822989e+01 1.144882172263155518e+01 7.978745429568850689e+00 4.997743186773684343e+00 3.337089486029413354e+00 1.740198908488662433e+00 1.389344028342953452e+00 9.641397284699818604e-01 6.808303936470686546e-01 5.052729252680741023e-01 4.343551762257805704e-01
9.060990964743706400e+01 2.045159392624257748e+02 1.981400157521082406e+02 2.208799964381698544e+02 1.597312305755285706e+02 1.239337745374829893e+02 1.380205903212807641e+02 1.105564639195052763e+02 8.070816057253007614e+01 6.436873916657297912e+01 5.759705516660211799e+01 3.416204716900123373e+01 3.054926782165354382e+01 1.937439638339049708e+01 1.108045282862243397e+01 7.886621141399571933e+00 4.944198474205100169e+00 3.176239265416597402e+00 1.707970354065375007e+00 1.394576340427922778e+00 9.718931464940554488e-01 6.819706105813451158e-01 4.688849861282174958e-01 3.731095426670762438e-01
9.135354028075487065e+01 2.080178542624287559e+02 1.859933266974065020e+02 2.284178422389554157e+02 1.518452556787203775e+02 1.247403933514575129e+02 1.308378798519754866e+02 1.113692145079677402e+02 7.861504559142643700e+01 6.541934626637126371e+01 5.708459311038453876e+01 3.413865197681211328e+01 3.038296801450336915e+01 1.934934160187317076e+01 1.158408511994484691e+01 8.147330781218778739e+00 5.078387336224461812e+00 3.338779631172503759e+00 1.747306771692253680e+00 1.420975075503130958e+00 9.506904349659196507e-01 6.854693942971539222e-01 4.592070326689095539e-01 3.878054612450752003e-01
8.802867443481555654e+01 2.019084067409351348e+02 1.864495820436524696e+02 2.304039084426468946e+02 1.607520894072631279e+02 1.217848254075171610e+02 1.341371230149742928e+02 1.085601189684393262e+02 8.210302464664140132e+01 6.437917939031137848e+01 5.623654479061517719e+01 3.387777072157219038e+01 3.024789595994134572e+01 1.909263016509211397e+01 1.170597094023444917e+01 8.020808244006676802e+00 4.904119761603040750e+00 3.316831457976527897e+00 1.710300425650414180e+00 1.442646478247444852e+00 9.554674200211517032e-01 6.952069183280786824e-01 4.716613640750839109e-01 4.025927028768037097e-01
8.757305963337138621e+01 1.994553313113597426e+02 1.905938618785395420e+02 2.293246912144600458e+02 1.568302395093550672e+02 1.265699897487837262e+02 1.300816447333018857e+02 1.108160430698947323e+02 8.005466191496437034e+01 6.367304338936794039e+01 5.659980296829255764e+01 3.415785407584535704e+01 3.049398892324380839e+01 1.920018563402104661e+01 1.154130260783859363e+01 7.971977379014909104e+00 4.971766479258454829e+00 3.230855393325578362e+00 1.720246113822546663e+00 1.423580870133632104e+00 9.533433278153206070e-01 6.923817418050561834e-01 4.865163429444763765e-01 4.079389353199533441e-01
1.012423840404440369e+02 2.036064920348130158e+02 1.920560341632654797e+02 2.347356726792603183e+02 1.611650598050235033e+02 1.230294476998728328e+02 1.359785335856004167e+02 1.140501771271687232e+02 8.001410405064832787e+01 6.585030568633005998e+01 5.722910573924680477e+01 3.417227004632120213e+01 3.026524108839535643e+01 1.905977460792827216e+01 1.176070384254474810e+01 7.897614779069152213e+00 4.960870004331372485e+00 3.321718250777430548e+00 1.686974734912461971e+00 1.369672314390282475e+00 9.411179464428988117e-01 6.929699143604293177e-01 5.064709974767800382e-01 4.159066649303345686e-01
5.710042553123411579e+01 2.273564282132792584e+02 2.135126764269330693e+02 2.231894977969008664e+02 1.588043508522087564e+02 1.238274001312065309e+02 1.317850765282938710e+02 1.108957086185664878e+02 8.212716609150804459e+01 6.366007188567310493e+01 5.598208530351230650e+01 3.381748262700796204e+01 3.030863407857034630e+01 1.903227290299001595e+01 1.151286218050619858e+01 8.000664133902168018e+00 4.786450098551060073e+00 3.396991678475300702e+00 1.678497279768752959e+00 1.353245626928801126e+00 9.727154814926901594e-01 6.895091446647408917e-01 4.547592667583527648e-01 4.010170354397766257e-01
7.277676221159087788e+01 2.104649842111836335e+02 2.007205036029748442e+02 2.313874038982429511e+02 1.639475809830213677e+02 1.275879093295852158e+02 1.332080038846480647e+02 1.109802931177585776e+02 7.973253228377802770e+01 6.504127700136911017e+01 5.670697783749415777e+01 3.390013340237844375e+01 3.049809775204667872e+01 1.937918590064773028e+01 1.160006510405487390e+01 7.929405470956889523e+00 4.885713508257787829e+00 3.357616784394616971e+00 1.687552995343359230e+00 1.415421421981058803e+00 9.712312231446886823e-01 6.684713425370616413e-01 4.852171509254135651e-01 4.065094804512474069e-01
7.887060859571577964e+01 2.023175875839153264e+02 1.930725751507453083e+02 2.305834910286213528e+02 1.539572850150300667e+02 1.235159317207885579e+02 1.291329043241875638e+02 1.083943626256984629e+02 8.115239363849330800e+01 6.301344007184151508e+01 5.638444120585391772e+01 3.390086315912368775e+01 3.063972268072154392e+01 1.895884757852854108e+01 1.143179378592205886e+01 7.992232723446182519e+00 4.869361222554791979e+00 3.258671985276294425e+00 1.766602441744417717e+00 1.371684793461448892e+00 9.909987786393458231e-01 6.994034197181897561e-01 4.772308788392674583e-01 4.010544934130808592e-01
8.157496317214835813e+01 1.960638407230210305e+02 1.985483064713100134e+02 2.279659766194535564e+02 1.590127185984282221e+02 1.265731074524218798e+02 1.327930332025003111e+02 1.094759655006454437e+02 8.002136697762381345e+01 6.490357371042190948e+01 5.669594317187841170e+01 3.378186476848438957e+01 3.035187762849005111e+01 1.916362401686211925e+01 1.159695538819455507e+01 8.007311122420745164e+00 4.946739297000731561e+00 3.304785531188662695e+00 1.723608691348939015e+00 1.401427434986229459e+00 9.808985796734562834e-01 6.916897590366032356e-01 4.933669073818049977e-01 4.105524195927240938e-01
