6.318257790854565314e+01 2.144643421751684116e+02 1.754824322520081523e+02 2.224141495275716807e+02 1.140263201140715523e+02 1.086638232856817723e+02 1.163969570899797361e+02 1.085532642519463025e+02 7.526514568039095820e+01 6.025814620755318174e+01 5.303089682371405900e+01 3.217224660739775999e+01 2.788402012442248079e+01 1.772024223831380141e+01 1.059302638493239535e+01 7.647516044019456061e+00 4.478608669714062351e+00 3.329625631977105371e+00 1.518455996736953750e+00 1.197920922285061085e+00 9.345017491992900771e-01 6.302591526905989561e-01 4.918302446614947199e-01 4.054717290943956609e-01
6.301381466778671125e+01 2.280454999713559801e+02 1.772348922298304217e+02 2.265506720770704590e+02 1.093066104632555806e+02 1.102567393536151030e+02 1.173300065922340139e+02 1.080790379770421197e+02 7.567275937459545787e+01 5.899714452933348952e+01 5.284245846800762791e+01 3.152606469435546543e+01 2.822162017637029052e+01 1.766327017337921745e+01 1.053523431386697595e+01 7.664367160530990652e+00 4.381557782244325239e+00 3.334429098524050339e+00 1.578302322009196290e+00 1.198358592164158187e+00 9.228394423091033083e-01 6.189689843095171895e-01 4.864387563648017720e-01 4.007068972125080175e-01
5.158006039476734372e+01 2.259574750996404759e+02 1.742591497931604181e+02 2.156428599094595029e+02 1.102523089698489542e+02 1.143555335241090347e+02 1.138154074875936459e+02 1.087692632646063515e+02 7.680742587363002372e+01 5.990390156255237031e+01 5.329975694310545720e+01 3.174576518089163812e+01 2.826010896453719567e+01 1.748597932372851815e+01 1.075951799686302657e+01 7.659054876041630600e+00 4.387620599680452926e+00 3.347631248002030269e+00 1.592551298504634172e+00 1.241234711570745164e+00 9.025670357352278961e-01 6.098773245302160362e-01 4.930280521582283138e-01 4.006903154276472701e-01
7.419896015292790992e+01 2.386918626547295617e+02 1.749621981421529995e+02 2.367972765346168842e+02 1.205307700651183467e+02 1.134882099811246263e+02 1.143828652475800567e+02 1.091993789724038635e+02 7.435672421081046934e+01 5.913591817667183648e+01 5.319621119371868190e+01 3.205062754824839999e+01 2.819007794410333290e+01 1.765707283606520761e+01 1.079578764233488997e+01 7.650914077289046489e+00 4.324271768523858306e+00 3.333135523965725433e+00 1.631673123153770666e+00 1.253160495724858547e+00 9.145282001862561350e-01 6.406553095913182228e-01 4.981772453321405836e-01 4.016995856788191377e-01
7.705430325642666389e+01 2.030937255007907538e+02 1.871656378820163127e+02 2.153256321712446493e+02 1.138806745329617485e+02 1.127691018341932789e+02 1.183829269562568527e+02 1.087628388240388517e+02 7.487983975156373617e+01 5.924606972934907390e+01 5.309510275529023460e+01 3.189880669943239155e+01 2.891201060843343384e+01 1.740271493880877429e+01 1.059493412158132664e+01 7.767733209975326680e+00 4.354519611431759252e+00 3.287327701366996813e+00 1.630225795511078823e+00 1.272422857917838712e+00 9.045351637534689848e-01 6.522014935632202137e-01 4.853410101128286525e-01 3.906228336979000737e-01
7.235502398058977747e+01 2.162290005490518752e+02 1.668972772205062256e+02 2.181895965224163660e+02 1.183509108191096999e+02 1.129948826012527832e+02 1.153259620161792469e+02 1.091559724132592351e+02 7.532925140289110288e+01 5.741573816677119169e+01 5.287081560730239005e+01 3.153618190589957138e+01 2.809143744502421569e+01 1.756329443044726801e+01 1.066362634609391868e+01 7.715743761667568812e+00 4.323048672685568583e+00 3.459237846317114506e+00 1.566972803574095296e+00 1.205930381412827046e+00 9.062368161140276213e-01 6.103565923364772106e-01 4.653000661666702453e-01 3.834545042255450564e-01
6.439429060569347030e+01 2.292944577860289428e+02 1.773885468358242292e+02 2.281808510922134872e+02 1.142788110311494165e+02 1.129981848286632271e+02 1.179478779720812582e+02 1.088324135556147638e+02 7.549270338541965941e+01 5.942523394032832584e+01 5.309960058975392627e+01 3.233980572143114784e+01 2.836180845859656685e+01 1.736143183337998508e+01 1.060322624966956084e+01 7.851711826664128147e+00 4.392538175792878974e+00 3.333493987297583061e+00 1.565883861259245835e+00 1.244263366888922917e+00 8.849032113892416618e-01 6.391987017184488362e-01 4.947453260058333746e-01 3.802559142960159622e-01
7.962840458240293628e+01 2.009782168445349839e+02 1.665075189881374058e+02 2.300338575366900500e+02 1.203756541181223838e+02 1.123826241422433725e+02 1.145467780859384987e+02 1.096261440639293596e+02 7.476863676204546039e+01 5.890070078360884764e+01 5.280707252271589880e+01 3.195427026877226240e+01 2.835824918751371371e+01 1.717379470244851092e+01 1.061524182227699953e+01 7.683899953603166466e+00 4.412320821204819943e+00 3.480535314889923626e+00 1.587897176127349264e+00 1.218693738305701046e+00 8.641415284844856659e-01 6.171430831211054402e-01 4.603768939127121373e-01 3.766554050550215416e-01
8.462904925427368141e+01 2.290792785774721949e+02 1.798890398430466178e+02 2.238602382065386678e+02 1.128397018479948173e+02 1.136562776685398717e+02 1.165909123414602817e+02 1.064535317514173300e+02 7.496617083776592949e+01 5.908591265219251909e+01 5.128568116953439926e+01 3.158924988622167973e+01 2.815476926724635831e+01 1.766710700816161150e+01 1.079382904538066690e+01 7.651233240069899466e+00 4.242948119474050372e+00 3.284981220891925791e+00 1.570199946534393209e+00 1.237142366273337846e+00 9.241692021971996684e-01 6.575572094040550430e-01 4.816595905291247703e-01 3.801399540323029402e-01
8.098454814941518976e+01 2.255403093410600661e+02 1.835597679247561871e+02 2.165445106821765648e+02 1.187713416172315135e+02 1.122740108180869214e+02 1.187828934752449754e+02 1.123046779002954025e+02 7.599097283515537526e+01 6.005908689650250665e+01 5.315657557790309085e+01 3.255816962265027570e+01 2.843899330801352932e+01 1.727614616098558642e+01 1.061670312723920695e+01 7.501805395870978721e+00 4.437159941349365866e+00 3.345478009510172601e+00 1.637170309946540225e+00 1.234900073293199840e+00 8.677834858924384775e-01 6.501847595776132360e-01 4.814404373869023424e-01 4.062024110118797604e-01
8.598110591444597617e+01 2.263958687510513812e+02 1.764815204648196527e+02 2.229335192768050717e+02 1.134331253063494671e+02 1.143697468761096445e+02 1.146925906562000819e+02 1.069841962920644249e+02 7.404830744061764847e+01 5.945895913089887586e+01 5.289237242927682559e+01 3.152917494422768740e+01 2.796871470773196222e+01 1.732152515455058150e+01 1.058845009412054772e+01 7.647431009027224391e+00 4.482752130894213316e+00 3.406678856034015990e+00 1.551869122681376334e+00 1.253754360625026321e+00 9.362361671788779205e-01 6.378882517443390521e-01 5.085202580766429170e-01 4.087673174533507092e-01
7.147914224093760538e+01 2.256929396937721890e+02 1.779774759650406963e+02 2.022749707019624452e+02 1.109872474656726951e+02 1.108301579130981906e+02 1.193250397513967016e+02 1.104706871126423664e+02 7.559156813570153588e+01 5.988174754963088020e+01 5.328468360048679386e+01 3.191076039667073871e+01 2.835957333183586115e+01 1.735539088286100196e+01 1.102859151961040318e+01 7.481906535801186031e+00 4.416641806489764122e+00 3.372575274337483719e+00 1.559216521210028183e+00 1.244858710241981470e+00 8.841631801964308091e-01 5.900633156025644199e-01 4.694772999449068895e-01 4.007912305165404754e-01
7.792717325865362454e+01 2.478731050078464193e+02 1.731761237035748309e+02 2.221611835780134641e+02 1.115886058693223930e+02 1.126323046245742177e+02 1.180481187721052265e+02 1.092478456525168440e+02 7.525631915057023491e+01 5.933221844571789916e+01 5.268176095576793472e+01 3.181551807445250191e+01 2.822494269348819884e+01 1.727866940951521002e+01 1.078266035236441667e+01 7.622823659822188347e+00 4.323737671682142292e+00 3.328931285640869486e+00 1.596385615018080628e+00 1.214176309949742238e+00 9.116704711711502984e-01 6.242638761219708732e-01 4.987595856686471429e-01 4.074325306309857786e-01
4.262743046557508819e+01 2.230542014784541891e+02 1.781055157359335510e+02 2.338628240883743388e+02 1.140980011756496850e+02 1.176275554327380348e+02 1.150640017562058119e+02 1.133723598597771343e+02 7.576127708414752249e+01 5.939988393725614202e+01 5.254685199426785402e+01 3.183940955350118074e+01 2.796453735923182649e+01 1.754662890110618534e+01 9.984919771887767581e+00 7.526777879270061256e+00 4.424085392566504460e+00 3.296052579885959677e+00 1.536109675396686969e+00 1.200046969842140099e+00 9.125142527958379768e-01 6.641231679623241790e-01 4.994658220894010459e-01 3.969424716389545749e-01
8.264691800448872527e+01 2.424561778362275675e+02 1.658633826221813763e+02 2.302282760854257617e+02 1.157264455831471537e+02 1.111874047107690870e+02 1.160284080445580628e+02 1.099357486684143765e+02 7.691769852225858983e+01 5.921274953320389045e+01 5.253885636535138559e+01 3.187543105699917589e+01 2.825309804052454510e+01 1.753706409130901633e+01 1.065530632284198909e+01 7.519173718462349498e+00 4.441089634054776525e+00 3.361911640618172825e+00 1.613596915655509889e+00 1.205861130935772962e+00 8.726585871155316809e-01 6.376122637764493062e-01 5.046774695209842454e-01 4.160980938973833920e-01
6.920396321573545606e+01 2.259137263710011041e+02 1.808655327697970563e+02 2.315759067063365819e+02 1.068040655662139216e+02 1.188752618490624684e+02 1.117153299346409767e+02 1.070871033034599549e+02 7.632986345164459863e+01 5.936550659527147644e+01 5.274575662764545569e+01 3.187891096150942971e+01 2.807488573323302816e+01 1.721566550129650608e+01 1.064995037185297377e+01 7.757704526042996207e+00 4.459016315670140784e+00 3.301128805752918893e+00 1.514613460387096877e+00 1.241273683013818907e+00 8.670898554596666585e-01 6.244641807700498370e-01 5.130696253521268568e-01 4.234498016798354247e-01
8.707511720305839731e+01 2.207901049135629137e+02 1.789262968530300668e+02 2.185311849955619437e+02 1.128080567998230208e+02 1.141801820536509240e+02 1.171158139046438009e+02 1.101246509820342538e+02 7.550333829739078340e+01 5.847185109730948938e+01 5.252497560121580733e+01 3.165771954384368669e+01 2.798095613503001289e+01 1.765740340091208083e+01 1.079519388376495925e+01 7.740742770438778564e+00 4.329693959436625939e+00 3.320709416342844111e+00 1.531233786373042083e+00 1.223648435626988551e+00 9.451057311984021325e-01 6.031858925919952874e-01 4.803877425791187594e-01 3.676115080266921242e-01
6.832058759062229569e+01 2.218211290227460211e+02 1.638936242598694832e+02 2.166843860324192121e+02 1.189437715906614557e+02 1.118970796974419670e+02 1.175205784554171231e+02 1.091541022968336563e+02 7.610243296017338821e+01 5.955476274824512473e+01 5.345359494651802379e+01 3.176050708048219562e+01 2.810596476564349189e+01 1.709767902661477024e+01 1.066093052381763684e+01 7.585264163928624015e+00 4.306422114254457867e+00 3.381882377705387022e+00 1.593041988847218704e+00 1.244806839752636174e+00 9.051922733324044845e-01 6.354225596064734249e-01 5.036751142331560294e-01 3.997876467778244125e-01
6.332516136675845786e+01 2.256212587276780539e+02 1.771804439244881451e+02 2.413964601462012354e+02 1.151630982497745777e+02 1.059287040980481436e+02 1.181235771276173239e+02 1.112152122085224164e+02 7.391161991201451542e+01 5.873867461749464525e+01 5.310085627999509938e+01 3.178566587825631018e+01 2.756644339658150500e+01 1.758198955616986581e+01 1.056318209288796695e+01 7.607142123055763427e+00 4.380816101921526595e+00 3.293542756812628092e+00 1.550815678810140819e+00 1.228279591137743321e+00 8.789024725689350559e-01 6.571508278737617781e-01 4.911486023015501079e-01 3.828056703081400003e-01
6.281283226732877978e+01 2.331001176792275089e+02 1.685295136347579046e+02 2.235818116454157973e+02 1.079930835736889065e+02 1.186537987928863913e+02 1.136569093004672766e+02 1.088486762005329354e+02 7.489755293504302358e+01 5.877833558184295981e+01 5.212530004846426834e+01 3.152821952928562155e+01 2.859061900245189136e+01 1.737091548757202020e+01 1.087534791489764885e+01 7.676609423404874732e+00 4.410612422736861937e+00 3.409552941868137399e+00 1.589298225761471839e+00 1.275387643370568425e+00 9.013629937278473392e-01 6.479469726392864670e-01 5.117838889849966044e-01 4.159214044637731256e-01
8.013645090864237375e+01 2.466044101067054442e+02 1.712077154911530670e+02 2.198462461790883538e+02 1.083179287732418317e+02 1.103992840352433689e+02 1.163959228680785856e+02 1.102356199795058558e+02 7.579150569110129254e+01 5.948055850787735466e+01 5.394380226691674807e+01 3.197176225027510554e+01 2.759178111533914901e+01 1.756384709710050984e+01 1.047019065088322343e+01 7.691818558493937807e+00 4.249770975081862190e+00 3.322294977704723262e+00 1.604897059340951504e+00 1.237017151969533879e+00 9.492441793955386231e-01 6.442868976176951978e-01 4.950550586553917332e-01 4.106495888194066635e-01
5.842158671665114156e+01 2.235721967422887246e+02 1.747741377850103106e+02 2.192213093018461052e+02 1.161121434083482740e+02 1.153863290536924922e+02 1.168942701213149178e+02 1.079011043048748917e+02 7.468734881089849864e+01 5.931629234090610936e+01 5.363462221671706942e+01 3.190198969952251318e+01 2.815698214912255892e+01 1.780059352428418862e+01 1.088295644507235593e+01 7.734994128894774335e+00 4.521464130000807380e+00 3.323081503412689042e+00 1.596554329979230857e+00 1.200014219686077244e+00 8.964392003221028915e-01 6.523914192110050747e-01 4.909747315401423173e-01 4.057708672221491675e-01
7.466855876416532567e+01 2.465189314613295437e+02 1.727378768497191004e+02 2.165534181470234216e+02 1.124475757745682358e+02 1.190004009001913943e+02 1.166990248309273994e+02 1.089003525961599621e+02 7.472329378544023371e+01 5.817039945058614592e+01 5.346601538980684865e+01 3.173899232137841864e+01 2.797512733203053159e+01 1.728984176357248259e+01 1.039874602547143922e+01 7.585836223489443420e+00 4.399147052391072066e+00 3.353662129438109485e+00 1.500800176211666725e+00 1.171689120347542357e+00 8.761948734656405113e-01 6.548655276479138365e-01 4.811356035832072831e-01 3.962139459799846608e-01
8.694641916939617943e+01 2.135788104051576966e+02 1.767966290243335834e+02 2.253289310016226352e+02 1.169967991245874259e+02 1.111908323243917494e+02 1.159025111321928705e+02 1.090400278867556239e+02 7.781845799604319325e+01 5.872880994894653384e+01 5.278699398882949367e+01 3.164589911032016900e+01 2.819104938336419863e+01 1.737636520180526034e+01 1.050477396255008422e+01 7.531541737774920975e+00 4.473177936714961334e+00 3.456054455979274742e+00 1.528343746347808896e+00 1.230986981497009580e+00 8.945053049458192573e-01 6.329329729320160025e-01 4.655766170178378127e-01 3.764621571134704192e-01
5.277653489486213800e+01 2.292174318376457336e+02 1.733159769711170952e+02 2.226620639734625229e+02 1.073725520642978211e+02 1.118152929797619635e+02 1.174691504132918851e+02 1.102373963521562814e+02 7.508407736434483581e+01 5.898838455018794491e+01 5.252755005271045263e+01 3.153757855478183458e+01 2.798235024491277301e+01 1.736307873290570214e+01 1.087229717172789023e+01 7.706644227384129131e+00 4.317063094103739118e+00 3.340763435474430665e+00 1.538164462142892930e+00 1.197496017083020226e+00 8.835139127003497350e-01 6.711372283666878769e-01 5.116160331418212470e-01 4.246561431826653132e-01
6.894889102993833774e+01 2.119703660689588673e+02 1.784732979463517495e+02 2.207475670653762165e+02 1.186515999518436786e+02 1.127513104125908967e+02 1.159768686852441562e+02 1.100495560411179667e+02 7.479324391911650594e+01 5.946882459092171302e+01 5.300965028414546509e+01 3.184790319227586508e+01 2.832203551727216251e+01 1.750535016854979631e+01 1.075155466454022068e+01 7.757861400125936946e+00 4.434937906891889270e+00 3.246213791022664719e+00 1.495551560632314203e+00 1.232886214101737599e+00 9.063426732070252179e-01 6.166511038286983659e-01 4.831329396925664321e-01 3.791260893742370852e-01
3.880782239469854744e+01 2.242278080527689781e+02 1.730021764356068843e+02 2.174870994672673135e+02 1.142236587607966669e+02 1.161517960596161174e+02 1.087454403806028296e+02 1.074210929056272903e+02 7.623698285082025450e+01 6.015116585837937180e+01 5.241259222712551491e+01 3.133150662345674320e+01 2.809210225763416702e+01 1.772036070234355876e+01 1.049205156180466503e+01 7.811625796679487976e+00 4.312955528010859574e+00 3.466432635859221456e+00 1.563133068995625541e+00 1.239169460509639054e+00 9.209387589698581067e-01 6.508915109867100535e-01 4.911538273754350037e-01 4.085744421130983461e-01
6.738046842713382034e+01 2.281881236465107179e+02 1.673516511913192346e+02 2.378396520261480873e+02 1.187576700525404618e+02 1.164304542449908553e+02 1.140495355813771994e+02 1.094469172550097085e+02 7.510150104735134846e+01 5.924139722930500795e+01 5.307811746049173252e+01 3.182144767885009173e+01 2.812593460759654462e+01 1.734802948595272198e+01 1.048452849310757529e+01 7.584458771219141582e+00 4.333148408678361818e+00 3.338081336961854273e+00 1.587688615920193280e+00 1.209422776045320669e+00 8.987496618553763028e-01 6.394022513415492659e-01 4.869424143158599949e-01 3.772400466149839482e-01
5.765407673092403229e+01 2.267807345325087169e+02 1.577385609971993858e+02 2.248985620023233594e+02 1.151807150298374722e+02 1.130496633144803695e+02 1.160149595040013111e+02 1.086318218054479132e+02 7.559270138642052927e+01 5.896348004764841022e+01 5.299230433704979504e+01 3.183828085712855582e+01 2.811082519031545957e+01 1.773479227851964879e+01 1.080637188337520449e+01 7.686306148068601907e+00 4.294182130777740802e+00 3.333605172006671058e+00 1.545050125235652771e+00 1.263681310645656142e+00 8.825554939842472635e-01 6.422689277855783141e-01 4.912188861117274263e-01 4.067292512426169404e-01
1.033614028964425415e+02 2.249656922364839033e+02 1.726578847824156071e+02 2.268435185463215191e+02 1.152693030368649687e+02 1.145849492863135310e+02 1.154673636235846601e+02 1.071119875064649420e+02 7.548459518503629795e+01 5.926710403385987291e+01 5.261701261548901698e+01 3.188218399761791488e+01 2.788996664251466839e+01 1.762856299202024601e+01 1.062285260424981992e+01 7.717094840867138927e+00 4.458510463403685620e+00 3.283117055578376409e+00 1.650398911514484590e+00 1.235680097257044308e+00 8.942244645377080969e-01 6.222221930840363679e-01 4.660701562095482808e-01 3.680590160549491174e-01
7.648781064169996569e+01 2.499265154158842392e+02 1.815872852966460300e+02 2.042723302938649965e+02 1.151573813939759248e+02 1.176959219845149249e+02 1.171052969432235358e+02 1.120490782741167664e+02 7.715682148847710664e+01 5.976194371154053897e+01 5.309445367778189251e+01 3.146704674612840336e+01 2.814224805240766969e+01 1.745141807814595936e+01 1.097244116671805614e+01 7.668849080975141064e+00 4.311446169412552543e+00 3.421915448473947130e+00 1.660446621251831179e+00 1.280401304931545692e+00 8.469173456583823922e-01 6.514306108121495908e-01 4.929412327155388573e-01 4.013606297784120258e-01
7.396383728702609517e+01 2.238458262034257302e+02 1.744330131645685356e+02 2.200772073414330237e+02 1.125432918459575689e+02 1.172998221453729997e+02 1.209576590154757412e+02 1.095572685360486105e+02 7.603318684130483973e+01 6.013407001876026214e+01 5.260823236552545268e+01 3.242553099244354087e+01 2.794294739776405834e+01 1.765939278119898148e+01 1.056559263989310082e+01 7.344133793406864896e+00 4.275215745812178447e+00 3.342709027703090197e+00 1.649514307058596474e+00 1.254825246047282183e+00 9.140138856138244616e-01 5.851885107496412886e-01 4.745139645264968564e-01 3.731947856084149584e-01
5.719704797451173306e+01 2.311495594182018749e+02 1.778365761192222010e+02 2.299087228965383929e+02 1.155690536517969065e+02 1.173206882950631780e+02 1.162100090857259289e+02 1.108754861197117521e+02 7.719726368254185900e+01 5.857149349647799141e+01 5.357486951661898900e+01 3.241220419046301515e+01 2.824910102508552612e+01 1.732344496021667268e+01 1.061260060594762500e+01 7.726045376571824441e+00 4.319868941790227623e+00 3.344703834066772519e+00 1.640843016531966070e+00 1.225044474924865900e+00 9.025591366633972656e-01 6.259055681489000822e-01 4.924308878401658096e-01 3.920095020283371201e-01
4.979447716568169113e+01 2.308965645826085620e+02 1.734142919215702534e+02 2.359322569242023633e+02 1.169855630797071626e+02 1.145128355365942099e+02 1.150433428252609787e+02 1.074265817672454375e+02 7.513354163622648230e+01 5.832646475481343629e+01 5.382547066569206606e+01 3.208748870388341601e+01 2.775910993541896232e+01 1.730680959244324413e+01 1.030465997069310369e+01 7.494161300437938600e+00 4.434998305028615917e+00 3.406419190507528949e+00 1.615653172247288216e+00 1.218738271747547230e+00 8.564260107097086960e-01 6.446315447215942296e-01 4.804231321426110646e-01 4.171204228276358394e-01
6.868442907148822485e+01 2.203461930263204351e+02 1.652821679821662144e+02 2.239996880942896098e+02 1.135852111025604785e+02 1.155960251531584362e+02 1.144582031544339884e+02 1.084788354610353167e+02 7.444809622364959978e+01 5.924369539491942760e+01 5.352680719382591690e+01 3.259422414451337602e+01 2.811736180965915466e+01 1.764604088398001025e+01 1.064616644638921628e+01 7.650279134944987014e+00 4.331214256424516407e+00 3.401142507916011137e+00 1.561746293247722628e+00 1.223313678735904908e+00 8.957653777548557628e-01 6.055403500498607317e-01 4.631592149633255162e-01 3.893436698963432252e-01
8.480236800246812834e+01 2.293948973293723270e+02 1.756842689478761486e+02 2.243233669511738810e+02 1.167821746028434546e+02 1.130597306300657294e+02 1.152782225880105642e+02 1.077356330397951041e+02 7.542938525243765469e+01 5.861746648397949855e+01 5.454101008753084301e+01 3.187815758030570734e+01 2.836228765162532639e+01 1.744338578887782276e+01 1.066185713755243825e+01 7.640252228202016660e+00 4.402459999895485865e+00 3.447989386919580568e+00 1.572098675391009559e+00 1.247688481063882193e+00 8.978436631837928283e-01 6.026099424815687389e-01 4.921304501982030066e-01 4.118365432670572091e-01
7.108270797506997951e+01 2.233205331146884021e+02 1.651876129817594290e+02 2.253281843353483964e+02 1.160941075185764504e+02 1.152731627958014542e+02 1.171943906348168980e+02 1.097977358288873972e+02 7.515996134254585570e+01 5.872608979721345435e+01 5.325849608686852577e+01 3.214924953180239697e+01 2.826819703208653323e+01 1.740352049882091379e+01 1.078277267278050289e+01 7.504055558817297467e+00 4.356276356827328833e+00 3.294786510023602677e+00 1.583944437512457171e+00 1.228834563839813265e+00 9.116634585555165593e-01 6.271746479859473533e-01 4.948315569963285254e-01 3.905606982579673536e-01
6.224211316806486849e+01 2.166778705973709975e+02 1.640214598896387486e+02 2.232357538292527579e+02 1.184432294649197956e+02 1.137038019067682768e+02 1.181411920665986628e+02 1.101051628663712165e+02 7.667260779796035308e+01 6.057021257903697631e+01 5.214476648339338993e+01 3.157920678433135819e+01 2.792870625963027109e+01 1.720910768161416726e+01 1.087073933106958279e+01 7.601700183423581336e+00 4.392722117465907239e+00 3.236625814457265715e+00 1.668417365886016857e+00 1.174280712361612578e+00 9.232581786397782153e-01 6.421753561523935172e-01 5.019528619920521351e-01 3.929366419683549827e-01
6.009695984883985886e+01 2.248138619642239462e+02 1.752840425045311008e+02 2.180554891352755931e+02 1.152467549161394373e+02 1.117452630167304193e+02 1.186025519346680284e+02 1.094946110882857369e+02 7.457561694577162825e+01 5.824880254239165112e+01 5.355856604250150355e+01 3.182515429898637294e+01 2.815400719065304713e+01 1.763005791224077257e+01 1.063264779021835693e+01 7.786484851978242361e+00 4.391350028123752303e+00 3.339711486985994959e+00 1.591446894224237907e+00 1.238770179198138699e+00 9.018421838310416438e-01 6.241716940723790463e-01 4.753927669369265585e-01 4.084682939180332428e-01
6.706210152361366283e+01 2.190864477621528579e+02 1.523480761588445205e+02 2.128259734306578821e+02 1.174075511764321647e+02 1.101911637058811664e+02 1.172599161795203599e+02 1.112331942683718893e+02 7.383310726612828034e+01 5.837167409482044178e+01 5.259298722684729199e+01 3.194079091401671633e+01 2.745194442029244541e+01 1.754280470291088889e+01 1.054850844883219452e+01 7.518351646105752017e+00 4.378513022089991047e+00 3.427808447405527481e+00 1.585194301735439737e+00 1.249489065356581774e+00 8.816208855557441382e-01 6.147155599995129949e-01 4.836108831977968814e-01 3.963929605426417813e-01
7.398588848040438393e+01 2.307925440698147952e+02 1.795338182744431776e+02 2.235478755145933007e+02 1.109402785048724382e+02 1.039386224983642819e+02 1.150159071126549719e+02 1.112337697460990427e+02 7.666373651468586559e+01 6.039169071880350970e+01 5.265164122711851036e+01 3.246519885575746400e+01 2.820014412128848491e+01 1.732270430208459544e+01 1.075673555541381177e+01 7.679766485893392947e+00 4.360195456879166542e+00 3.389232741611292177e+00 1.444514597622932550e+00 1.264388037994933711e+00 9.060282171216730296e-01 6.536866757441981424e-01 4.699189394215326776e-01 4.044997582876461717e-01
6.730120696381182199e+01 2.326476580196631119e+02 1.716033352005493953e+02 2.150061599685891736e+02 1.180710632376501366e+02 1.140978502430039043e+02 1.161395115063738928e+02 1.085997502073583121e+02 7.555492858465115091e+01 5.967493408240556363e+01 5.229000754397697648e+01 3.145172282915768136e+01 2.789318525940012705e+01 1.764809495462561983e+01 1.088359556629084324e+01 7.665043584733668425e+00 4.383457050482848949e+00 3.338713724353343348e+00 1.625077989116423760e+00 1.212974146330555447e+00 8.819075961676760000e-01 6.489244935837816808e-01 5.084514661475225683e-01 3.903683055922649303e-01
6.655081609024445299e+01 2.295889971885812315e+02 1.713070911760891306e+02 2.196815294248079056e+02 1.120169085917004992e+02 1.172358812977630578e+02 1.164450350957730222e+02 1.068431870012388742e+02 7.550192397824713453e+01 5.953116577811464794e+01 5.378722981913813328e+01 3.139360035780873659e+01 2.782446450566661866e+01 1.766784873694913927e+01 1.068465098101845534e+01 7.620808847002329856e+00 4.417175703824216093e+00 3.381616396438061667e+00 1.545025194439503924e+00 1.163841487656490203e+00 9.202039759347030445e-01 6.456662373867132487e-01 4.981506893210619347e-01 4.126580335400978350e-01
7.089936785278614195e+01 2.337040984819605569e+02 1.855052893320936960e+02 2.232761248699824534e+02 1.148987676290313686e+02 1.095906442888854713e+02 1.175033298917690843e+02 1.108844216338693514e+02 7.646806644982667933e+01 5.926700009383745993e+01 5.292229256692119321e+01 3.142792328341288055e+01 2.800816142188445212e+01 1.746300645535946217e+01 1.034359634392926353e+01 7.783527457492865231e+00 4.375897475020912530e+00 3.431985108694581399e+00 1.459989298806321889e+00 1.235742162011760570e+00 9.126610960627954405e-01 6.160527108978602895e-01 4.878753251154803738e-01 3.940739478656453687e-01
7.368703361799170182e+01 2.271608263607892013e+02 1.724705132747306493e+02 2.216416127603198447e+02 1.175890226087100103e+02 1.140437013446640862e+02 1.136607244670886416e+02 1.073894400889481346e+02 7.461811482802018247e+01 5.965807023381932339e+01 5.314408370478026455e+01 3.205507660985146856e+01 2.831132641157890006e+01 1.792365161076092406e+01 1.067997321937802901e+01 7.483935901238737642e+00 4.353921847291144509e+00 3.351763808682849177e+00 1.567371847365975457e+00 1.253103776566803162e+00 9.037754339365937639e-01 6.002952792743881938e-01 5.024535446696851704e-01 3.918603009513889068e-01
6.734880766248309669e+01 2.224882748772916159e+02 1.697240852368454398e+02 2.293937044780567476e+02 1.119196478315760714e+02 1.127294941024410946e+02 1.148002578850220772e+02 1.084004327996654240e+02 7.438132870165773625e+01 5.853459174380233065e+01 5.239577117343048940e+01 3.178984411310095126e+01 2.844615542196312319e+01 1.726985093421438222e+01 1.069228251105086969e+01 7.627368094323825787e+00 4.270281670561493215e+00 3.277734415500598963e+00 1.570405060392970675e+00 1.165274241929481480e+00 9.207666587312507422e-01 6.193105622746237771e-01 4.889330421786022840e-01 3.859103144589930423e-01
7.791902982663479804e+01 2.195324679106007579e+02 1.831334787634770862e+02 2.226513957456614605e+02 1.227778678195514317e+02 1.131236426636390462e+02 1.171988983677222365e+02 1.072033388132680329e+02 7.558624858885688980e+01 5.934910518769243737e+01 5.240615018541488013e+01 3.213356397174861456e+01 2.825812371783338151e+01 1.723449203973252608e+01 1.053310869641091507e+01 7.594364636807688029e+00 4.357817398905102557e+00 3.268897568544034016e+00 1.519070881561304542e+00 1.238278465804781847e+00 9.203568338115230008e-01 6.216724830804503110e-01 4.803147656016682476e-01 3.866621137667857200e-01
6.599017276518634390e+01 2.179602131489043870e+02 1.520018520434736615e+02 2.223239836734201731e+02 1.154739631185528168e+02 1.126494409953152598e+02 1.148020524118742003e+02 1.082608195403989271e+02 7.549710814777807855e+01 5.950042566901966268e+01 5.249671178044903286e+01 3.213822174737295967e+01 2.835089838648896432e+01 1.747993795385499283e+01 1.068401180175150600e+01 7.577713812270325811e+00 4.386168581498576913e+00 3.398358735879960957e+00 1.657674121089577124e+00 1.234073602341634990e+00 8.935222628492152097e-01 6.257753448545594344e-01 5.044622491720593960e-01 4.088108062375235274e-01
6.712424045358247326e+01 2.169277881419585015e+02 1.688005986134982095e+02 2.224593747552604839e+02 1.156424498658521571e+02 1.101849044865966363e+02 1.154469978395903382e+02 1.083421381589791395e+02 7.562939840444060735e+01 5.981471769980721831e+01 5.345035386208041928e+01 3.202410253951310892e+01 2.814823253234521871e+01 1.764080436932484730e+01 1.057466397322976448e+01 7.732661145439488237e+00 4.431834677840138070e+00 3.361583131218769616e+00 1.533579412391502306e+00 1.202399718755245761e+00 8.935586059657262270e-01 6.217415157712593565e-01 4.945276453414054196e-01 3.906582991438045105e-01
6.620744003025929203e+01 2.238950687120939733e+02 1.808080994314012742e+02 2.187478685379239209e+02 1.134100909866568543e+02 1.175392601013861764e+02 1.153577334100179712e+02 1.084640153410323649e+02 7.553598119888732754e+01 5.892758405029807989e+01 5.288156359095201253e+01 3.205647323588469533e+01 2.801112882123080894e+01 1.756154868262992252e+01 1.057986718243834012e+01 7.672890743732364349e+00 4.370127885196658291e+00 3.321141128476544413e+00 1.645293728115475362e+00 1.222600574256171191e+00 9.186552443889955955e-01 6.387940723418809030e-01 4.937712431797611767e-01 4.012104246282044429e-01
7.485418343400246499e+01 2.214411065219344721e+02 1.559931850764349974e+02 2.174003296918311605e+02 1.148350778297336205e+02 1.134604522680914584e+02 1.182795914396622408e+02 1.110662672679318916e+02 7.721265058001610271e+01 5.935700823296201634e+01 5.285496558600434014e+01 3.178310667507230747e+01 2.751927630933641922e+01 1.763270302581128846e+01 1.058447720052170737e+01 7.688835947070113086e+00 4.340451856849012913e+00 3.366319155743653813e+00 1.588604437795054114e+00 1.227207227641310627e+00 9.156162785603298992e-01 6.001044594247733066e-01 4.644059237534179374e-01 3.817915218182889592e-01
6.349919526552654503e+01 2.216725393482369668e+02 1.722897258122191602e+02 2.094029881873707666e+02 1.107745288171362290e+02 1.133299800888211308e+02 1.171808482401252149e+02 1.094707782630002981e+02 7.604368622571097092e+01 5.862655784668180559e+01 5.228491062450813587e+01 3.188489664325829054e+01 2.801797591633438245e+01 1.774553012278276753e+01 1.049096142114809105e+01 7.599737724810641915e+00 4.357953684492067659e+00 3.341767232228574080e+00 1.574435020488536896e+00 1.249044299085796172e+00 8.588821328351429196e-01 6.005614274956226906e-01 4.823232891402945421e-01 4.144854630699262854e-01
6.037174795867009891e+01 2.244557846519860220e+02 1.750266492497811726e+02 2.234458108258759523e+02 1.152943919999187870e+02 1.161590543570802652e+02 1.131992215378507609e+02 1.098780212729678851e+02 7.582011999955385306e+01 5.919815690687855181e+01 5.301993676893447827e+01 3.218804715164615260e+01 2.806115960131601028e+01 1.756938801718887433e+01 1.066436962484956830e+01 7.690121645151330121e+00 4.446064410699763769e+00 3.275232924577931914e+00 1.637477307841109342e+00 1.254381270044900187e+00 8.980336559511932215e-01 5.978891542209950893e-01 4.612289310659470343e-01 3.774141281688689342e-01
5.522554844208573144e+01 2.343583679367406205e+02 1.701968664980024926e+02 2.191881238261458407e+02 1.154486408019551931e+02 1.132555673181035729e+02 1.170936145740573551e+02 1.095389178787708886e+02 7.786082227770721431e+01 6.034820901522481762e+01 5.329735607765544358e+01 3.192025302799356368e+01 2.795226186770545951e+01 1.745421027505424760e+01 1.072628591374950702e+01 7.704581822604563257e+00 4.406034783924006604e+00 3.353182740784286686e+00 1.569842278231974531e+00 1.176852865262683512e+00 8.892162135578094428e-01 6.176956272991890318e-01 4.626634472750050242e-01 3.834162671120171506e-01
6.977447192628834216e+01 2.213826624892036534e+02 1.807641448126874195e+02 2.209856278839751837e+02 1.197436243278155956e+02 1.138168460819135390e+02 1.173564219480013691e+02 1.096251986030167274e+02 7.625423221703817944e+01 6.017872614668798548e+01 5.389943962025718349e+01 3.229803768371922956e+01 2.834904910613241213e+01 1.751881948971536929e+01 1.065945487225974375e+01 7.574410866399416520e+00 4.400457276116655159e+00 3.272998799476712684e+00 1.569928192503716513e+00 1.237665698322237384e+00 8.828264235957902217e-01 6.039782387646849271e-01 4.906995767103535244e-01 4.088633058594606240e-01
6.740722901813663270e+01 2.258281336903592660e+02 1.792842211601187330e+02 2.246765325609763693e+02 1.151517167997590150e+02 1.116109653025559965e+02 1.187884530812789308e+02 1.106085943011397603e+02 7.616322380404669445e+01 5.951799252275908714e+01 5.349266903029563736e+01 3.233614178971773612e+01 2.764756091618276557e+01 1.751825030822576679e+01 1.072055913548043016e+01 7.587666233534079652e+00 4.450061827868773356e+00 3.359294633486932025e+00 1.568953558038695073e+00 1.221199558865143864e+00 8.864363474284474576e-01 6.532125906082638656e-01 4.883373853619711324e-01 3.846297482470443785e-01
6.513779571287153658e+01 2.301449588756229048e+02 1.705382530231877070e+02 2.341695163726101043e+02 1.135502302388900659e+02 1.106952324303038608e+02 1.161596646317032651e+02 1.088327421532103472e+02 7.574566691374987215e+01 6.036932200584926989e+01 5.296195973227987253e+01 3.149632367780380093e+01 2.795178805905359454e+01 1.753156825995088042e+01 1.067967605069500969e+01 7.628036551417494593e+00 4.386518600385546307e+00 3.441611888477582148e+00 1.535217501692088815e+00 1.228809864098239002e+00 9.127121188803822838e-01 6.191868902872132985e-01 4.779261485127683784e-01 3.903279580619259392e-01
6.988760818976101064e+01 2.272807964133887140e+02 1.674316327015926618e+02 2.221799007415135634e+02 1.143964295006733352e+02 1.130354414073436118e+02 1.176677287270082672e+02 1.084966676073391341e+02 7.602786583129434916e+01 5.848118306490126628e+01 5.353958439941419556e+01 3.190479580048323172e+01 2.829646241380052984e+01 1.769535082439731966e+01 1.077298862497855758e+01 7.655883034874245929e+00 4.391840303530995193e+00 3.346836050075884916e+00 1.579034927520512444e+00 1.235143380328006302e+00 8.773139836892034360e-01 6.190083592169071114e-01 4.841619305470100110e-01 4.221363336217100470e-01
7.956881050358599339e+01 2.025963855429613432e+02 1.670632063230438291e+02 2.160632206672336793e+02 1.058219963268685291e+02 1.131513468212177571e+02 1.146586858021767199e+02 1.087675642964712068e+02 7.359038400754292297e+01 5.878619015056028729e+01 5.384400252278434351e+01 3.183094199437807958e+01 2.837243435803171820e+01 1.733276735195906681e+01 1.084929754540299029e+01 7.431056794748650773e+00 4.213915690976475226e+00 3.381892667071634051e+00 1.438234119533452704e+00 1.174252281436285683e+00 8.870932809155093191e-01 6.055065650048752079e-01 4.908923256560696058e-01 3.711974311473548727e-01
6.274418528073086065e+01 2.224642328065141896e+02 1.772161262927998848e+02 2.198157731669560349e+02 1.165220473462277653e+02 1.070034524878898452e+02 1.166620728130594955e+02 1.114371754368748242e+02 7.763764226559341353e+01 6.072236935071028796e+01 5.283619957214842344e+01 3.174739910165111567e+01 2.761451022845439951e+01 1.769399603067898141e+01 1.084851729350330984e+01 7.620201121889437879e+00 4.471606702500444896e+00 3.349044673356121216e+00 1.574885346303160238e+00 1.263190416191773746e+00 9.055554172209648867e-01 6.552239681616525147e-01 5.333309403187708186e-01 3.956799317722253795e-01
7.163028774620472916e+01 2.217957745152634743e+02 1.755613573770319817e+02 2.309957896819357188e+02 1.124409866591905001e+02 1.133831247283285535e+02 1.157869455959969827e+02 1.082774369760978885e+02 7.543028461943147533e+01 5.896708743286392007e+01 5.350785707521765744e+01 3.274238166376341042e+01 2.812412908540740730e+01 1.721466762904780978e+01 1.049792294945905091e+01 7.707081068317391370e+00 4.492629447182009628e+00 3.389277441927465162e+00 1.537999588683152341e+00 1.235597704679409770e+00 9.436607627172244328e-01 6.386427610126443888e-01 5.149465523315548410e-01 4.140110573460661914e-01
8.660204391369070720e+01 2.165926541412236759e+02 1.667414789351271907e+02 2.264448806820172990e+02 1.143850376852778794e+02 1.127751826046859946e+02 1.157323042073942929e+02 1.093829536361724593e+02 7.494858590929915465e+01 5.954622528210100540e+01 5.273096653865442818e+01 3.212015499576813937e+01 2.801556664902076221e+01 1.775675187686254475e+01 1.055526638824111529e+01 7.494731715626778090e+00 4.463051213136196793e+00 3.356859039343739859e+00 1.608866570505278926e+00 1.234741075891683693e+00 9.275504486517608393e-01 6.333681247964279004e-01 4.840145616714509602e-01 3.770114029785211485e-01
5.668491928052601736e+01 2.205993919371787229e+02 1.763605480928248994e+02 2.204973083205497630e+02 1.098360395929059479e+02 1.147593134828321269e+02 1.171379780782843198e+02 1.071996425201733416e+02 7.572937007509099772e+01 5.921544146318323953e+01 5.252375004667601388e+01 3.150315159461280246e+01 2.717496791419024049e+01 1.800644081166028343e+01 1.055634364349482901e+01 7.649745690941024634e+00 4.444912593860691707e+00 3.336957584590930281e+00 1.593686196750052630e+00 1.222928862315923570e+00 8.841401059560349829e-01 6.319901461785656371e-01 5.236139075402733711e-01 4.074111138288531997e-01
7.924880183736512151e+01 2.201440202126019301e+02 1.694605312906341226e+02 2.294411857368897358e+02 1.149341816383526407e+02 1.072333264105234463e+02 1.148853006080923649e+02 1.102357595563653518e+02 7.316324661262784446e+01 6.000343246866554381e+01 5.327418644360347599e+01 3.139482729872510092e+01 2.780700499625734423e+01 1.757709371818682698e+01 1.065575892571688499e+01 7.612073952046549685e+00 4.393446935321262181e+00 3.329197911142216526e+00 1.549110171042916706e+00 1.212500741619284783e+00 8.902229583751608555e-01 6.015244453696724225e-01 4.834172750847650080e-01 3.987931939751390709e-01
5.425967524143671028e+01 2.292571684809813348e+02 1.751161049056257468e+02 2.268799379719801266e+02 1.138184748022370059e+02 1.171478233102677962e+02 1.151009295099880347e+02 1.095004014669250409e+02 7.619580958182395136e+01 5.952172222537109292e+01 5.323746331969595502e+01 3.187171041249699499e+01 2.797774039414316860e+01 1.727700411144044423e+01 1.105305585628789622e+01 7.551523498330135808e+00 4.494233963510668950e+00 3.334627024887638402e+00 1.554978465757455908e+00 1.254984456574814944e+00 8.972665576332438109e-01 6.294141399357593425e-01 4.820869111352823477e-01 4.009965637074586198e-01
5.072368581427658540e+01 2.251991149815745814e+02 1.754578951628650714e+02 2.255740841975596140e+02 1.199135113710412242e+02 1.143577307228191415e+02 1.142550865492461156e+02 1.087619689817277617e+02 7.660847134293213401e+01 5.917168186066796665e+01 5.332139278788018544e+01 3.193505162841169920e+01 2.807948617691721083e+01 1.743279393081826356e+01 1.075204937030091479e+01 7.666414258035995744e+00 4.426632217193493979e+00 3.372823859677073433e+00 1.564019748467262660e+00 1.245520305359011148e+00 9.022795574760424930e-01 6.177567199335537440e-01 4.974833504295412823e-01 4.157774484532753001e-01
7.091671794993624189e+01 2.345283872935511056e+02 1.753547009294599945e+02 2.294776392696734320e+02 1.127563757950564707e+02 1.092793417401162515e+02 1.181200240926940381e+02 1.086039125045694078e+02 7.605847054776496918e+01 5.818839708648441444e+01 5.301914647811081238e+01 3.162882587926967304e+01 2.796346334363571629e+01 1.760078408175229470e+01 1.074507670155576200e+01 7.572016180419251619e+00 4.338964562602677155e+00 3.394532359409265343e+00 1.584261660274260075e+00 1.216832133289922790e+00 9.035336758943621760e-01 6.433667911833320652e-01 4.890376907230137293e-01 3.890558735715739513e-01
6.849475875612549203e+01 2.239941975071546096e+02 1.727981442928860929e+02 2.214825491190285334e+02 1.143343712368248219e+02 1.119996856052357543e+02 1.154615280349381123e+02 1.085141205334653023e+02 7.493317295224368024e+01 5.917475255820274782e+01 5.240348708573733916e+01 3.178042735002352615e+01 2.802191319024375460e+01 1.740972531703431514e+01 1.062220623376349060e+01 7.623776706907756662e+00 4.384387447368362167e+00 3.347431526190479012e+00 1.553242487039041997e+00 1.230174544520360680e+00 9.090540590262874421e-01 6.275543324276805501e-01 4.866105408438698987e-01 3.852435202098310474e-01
7.566375066188855669e+01 2.173066132062974987e+02 1.731551053169725662e+02 2.176236681583717711e+02 1.175433301640183714e+02 1.134663636535477451e+02 1.124038346877249523e+02 1.079118260184168321e+02 7.567370711339032141e+01 5.993834512214981913e+01 5.305224366562033822e+01 3.192808040801236302e+01 2.822554436762602847e+01 1.731526901113004158e+01 1.060286848426424733e+01 7.645326852934283934e+00 4.442339503439301396e+00 3.358509040688284042e+00 1.636865365330416378e+00 1.212215754794852884e+00 9.430023924067280072e-01 6.466743960844615335e-01 4.965846883358498998e-01 4.065314303211670088e-01
7.824681692850580816e+01 2.260383390882483354e+02 1.753449532381384586e+02 2.148761123552960157e+02 1.174954517438523283e+02 1.167189277328225216e+02 1.174737284828152042e+02 1.066332952748328751e+02 7.336639084094605323e+01 5.961563269312527069e+01 5.259396634684826211e+01 3.178907520088035099e+01 2.822145824018037885e+01 1.770652100004509677e+01 1.086214490303964375e+01 7.681087236995604250e+00 4.334893853116136953e+00 3.283486035783926837e+00 1.578881018964267469e+00 1.219267858647735903e+00 9.136471030274752048e-01 6.478965248993088233e-01 4.880886870987651283e-01 3.902540932253010242e-01
8.377411535380664986e+01 2.276635372023287687e+02 1.610622452445783779e+02 2.298290791101620130e+02 1.117931449867893861e+02 1.114631046303114772e+02 1.132303774089540696e+02 1.087086393007560190e+02 7.463995067419359941e+01 5.768316247919596407e+01 5.314724145884115813e+01 3.218389083855074517e+01 2.801630277333157437e+01 1.727126568994409084e+01 1.065888900520291926e+01 7.539696024945037323e+00 4.431389441268374974e+00 3.364587284539554801e+00 1.562211824434221574e+00 1.217629912943560822e+00 8.891490621262368999e-01 6.447015126453372602e-01 4.692186719402631212e-01 3.711891143365198542e-01
7.721820461304604066e+01 2.219560518373979221e+02 1.775466104480931904e+02 2.229992722225335058e+02 1.097635889079924709e+02 1.119464143395549769e+02 1.172425219091932718e+02 1.086181241450049129e+02 7.671335771057219688e+01 5.848982864700952433e+01 5.360151607705560650e+01 3.188427706799292238e+01 2.793028091773379273e+01 1.761744260273740892e+01 1.070609617095478150e+01 7.612115535995370941e+00 4.386507061661515827e+00 3.353399446737867606e+00 1.626355152968749218e+00 1.237242894421309192e+00 9.017611558619356149e-01 6.378088379900419547e-01 5.036386101096588241e-01 4.091740044797581577e-01
7.657781835001131299e+01 2.245043386798672316e+02 1.805097329397058274e+02 2.237709298532284379e+02 1.171824619227078870e+02 1.145971564093226363e+02 1.170209713242605858e+02 1.089736264817038744e+02 7.610612165327277978e+01 5.935484326993108084e+01 5.244277705645792764e+01 3.202876066172542835e+01 2.794716801742942991e+01 1.757082852640603932e+01 1.067134200883359618e+01 7.580362698388481313e+00 4.457661158027843129e+00 3.303460397640764157e+00 1.575816089715619484e+00 1.256107957478988180e+00 8.829217455882563126e-01 6.417855150559536037e-01 4.927316828169718832e-01 3.991465211512729705e-01
6.915596007008862500e+01 2.256716387601922236e+02 1.705975744634424416e+02 2.195860299853061974e+02 1.106817138493506576e+02 1.133517753552249445e+02 1.147662058924945114e+02 1.087751652208007727e+02 7.535131605904706475e+01 5.947710918247057776e+01 5.316969309057004978e+01 3.158565843252167937e+01 2.811080122869906361e+01 1.754644910967041227e+01 1.054664985163547364e+01 7.632809535426204661e+00 4.465313071938814993e+00 3.419389153395943737e+00 1.562768241004371061e+00 1.207780430219877799e+00 8.946457173349240399e-01 6.142520922880285728e-01 4.958604830550588094e-01 4.175146576972905144e-01
7.826581894263765093e+01 2.221202727563638462e+02 1.745827603260455589e+02 2.098291877119638684e+02 1.182796854796492028e+02 1.115251820039896415e+02 1.211705337142487053e+02 1.091884824760549009e+02 7.585479020499093394e+01 5.879348268882199591e+01 5.356337064324548436e+01 3.218435500594927845e+01 2.831337734135880879e+01 1.767194185939750284e+01 1.045161226057895654e+01 7.528867414489105236e+00 4.375830293835036855e+00 3.245254303024392772e+00 1.589093313989456524e+00 1.220868168047218205e+00 8.984077045532042893e-01 6.225792598735244709e-01 4.722832440760711958e-01 3.687959552974484079e-01
8.320833114946495357e+01 2.249819969056050297e+02 1.669957403242880218e+02 2.187350971188393203e+02 1.113100245997338789e+02 1.119976999965752498e+02 1.143835086686367646e+02 1.111235646134857689e+02 7.417514392162283343e+01 5.997321385933425120e+01 5.328907311662338486e+01 3.220365232435847958e+01 2.802982679582542502e+01 1.768958375995027765e+01 1.071343388191772661e+01 7.778901283419853208e+00 4.527601919315991097e+00 3.412488383822428251e+00 1.599548111393441774e+00 1.246839479440886800e+00 8.793923517850430471e-01 6.232082967912324634e-01 4.605280136911493738e-01 3.782310741970670298e-01
7.594465526087014950e+01 2.192970920551010465e+02 1.681538412167972467e+02 2.225518985631291571e+02 1.184836899292337904e+02 1.096389397215496331e+02 1.180702054409770057e+02 1.074262259450429298e+02 7.718650618296418031e+01 5.911374139441455355e+01 5.240287277855475168e+01 3.182618081504844554e+01 2.794007521952737250e+01 1.746723425046685918e+01 1.090157710814776415e+01 7.647816818194550059e+00 4.357897932368055116e+00 3.382794777260538233e+00 1.559872108789452927e+00 1.260194232819138227e+00 8.819443230613974727e-01 6.251653865937200072e-01 4.667498801786049145e-01 3.898998723674895750e-01
7.809196706645911945e+01 2.166439231493125703e+02 1.722423503588565836e+02 2.215316684105689831e+02 1.141667634180166857e+02 1.149248654658696580e+02 1.137546987786333119e+02 1.101418224058723609e+02 7.514400503011393084e+01 5.849256170485312367e+01 5.272674041322619587e+01 3.202406092929758330e+01 2.815679557022009050e+01 1.757826002519774988e+01 1.066836811368199456e+01 7.621633549196412893e+00 4.382363191520793677e+00 3.324760063415178823e+00 1.553178457361087839e+00 1.245034932231794844e+00 8.850921003023736189e-01 6.232265912335890334e-01 4.802672922791567101e-01 3.924494333161945292e-01
7.700883314743926178e+01 2.162958266956523516e+02 1.719878058461528099e+02 2.244741690344851577e+02 1.176148973652951639e+02 1.120231820785066645e+02 1.193322444470477990e+02 1.138757543596584583e+02 7.536409898583384859e+01 5.990228627013856055e+01 5.308032613023355850e+01 3.190740040504020669e+01 2.784724618368865023e+01 1.725316379997299165e+01 1.087476898346418253e+01 7.535792789437845585e+00 4.390387904645612238e+00 3.376900996969184998e+00 1.524338623022446937e+00 1.193032661634585212e+00 8.697768431404184764e-01 6.330362220713454668e-01 4.897246856831810602e-01 4.035890746581877186e-01
4.727442781997699939e+01 2.304879978467268700e+02 1.940565613754020831e+02 2.166068238123221192e+02 1.160622117484398217e+02 1.127406303028411685e+02 1.155765545791494304e+02 1.101122754194924767e+02 7.718507836711154368e+01 5.819566512528565028e+01 5.201139705205252994e+01 3.182943246213964272e+01 2.783482981104263487e+01 1.732560120636335199e+01 1.064778090532418453e+01 7.591305164451728871e+00 4.317069799668061592e+00 3.494310703059179346e+00 1.495405886252906269e+00 1.190217702565578684e+00 8.860205412991338791e-01 6.177432459738991799e-01 4.521509482169350225e-01 3.874385564176189845e-01
6.179917094392823884e+01 2.271751192079402699e+02 1.812535876833445911e+02 2.232360343130136471e+02 1.216376429082960158e+02 1.156095929485882152e+02 1.167941103408996071e+02 1.098919309925315986e+02 7.470434007632401574e+01 5.946872620853029190e+01 5.284402558514943848e+01 3.183024632218274164e+01 2.817728149157602147e+01 1.773069139443420639e+01 1.073246579938433420e+01 7.542840904311223227e+00 4.344264053098942924e+00 3.415286750414612715e+00 1.529652390543817519e+00 1.240315896043302502e+00 8.974837248222488073e-01 6.014397039084001806e-01 4.816874479205056625e-01 3.951685978215415118e-01
6.951360969220927188e+01 2.195774061111621336e+02 1.779882785762384856e+02 2.225604981275895682e+02 1.124174619606523464e+02 1.102804743262313849e+02 1.128074837026582173e+02 1.078088884149474325e+02 7.604435985185995150e+01 5.805298574620365315e+01 5.289585173770750970e+01 3.176993424405088717e+01 2.817383887533870634e+01 1.738247011349420745e+01 1.060181004843101071e+01 7.612244658532740793e+00 4.329523312847509686e+00 3.318514897376287465e+00 1.623289604306183298e+00 1.212800014074703503e+00 9.087107449521092395e-01 6.299156262891574265e-01 4.713756101833954104e-01 3.882782031991155458e-01
7.298076979851505541e+01 2.135663248108003813e+02 1.792869671291339557e+02 2.199747575471719756e+02 1.167508468392591112e+02 1.147158305021225715e+02 1.160585519738082638e+02 1.085674448229003559e+02 7.534981912336664323e+01 5.938199420586607147e+01 5.285054225053924171e+01 3.175242978826269535e+01 2.801620337783240444e+01 1.748349734637443831e+01 1.081676259890959280e+01 7.635410981909141803e+00 4.388266719870015820e+00 3.376645655899818355e+00 1.583437883319837924e+00 1.232199206076975306e+00 9.074734884839744664e-01 6.230648969345425892e-01 4.887578318985558168e-01 3.971748124010874847e-01
