5.514432525634765625e+01 1.005377731323242188e+02 3.020569992065429688e+01 1.131216430664062500e+02 8.198162841796875000e+01 9.447168731689453125e+01 8.911904144287109375e+01 5.333378219604492188e+01 5.210042953491210938e+01 5.213929367065429688e+01 3.807030487060546875e+01 3.281424713134765625e+01 2.118132781982421875e+01 1.490340137481689453e+01 9.653959274291992188e+00 4.766368865966796875e+00 3.776881694793701172e+00 2.819154500961303711e+00 2.003363609313964844e+00 1.472549676895141602e+00 1.153475880622863770e+00 8.023775219917297363e-01 4.566830694675445557e-01 3.037074208259582520e-01
5.196191787719726562e+01 1.033834152221679688e+02 3.114755058288574219e+01 1.169860992431640625e+02 7.848860931396484375e+01 9.839158630371093750e+01 8.956398773193359375e+01 5.093620300292968750e+01 5.562852478027343750e+01 5.259452056884765625e+01 3.822558212280273438e+01 3.293338775634765625e+01 2.127175331115722656e+01 1.492605018615722656e+01 9.652933120727539062e+00 4.738689422607421875e+00 3.750193357467651367e+00 2.884136199951171875e+00 1.877668261528015137e+00 1.497643351554870605e+00 1.132450819015502930e+00 7.745146751403808594e-01 4.542260169982910156e-01 3.212437331676483154e-01
5.740930938720703125e+01 1.025888748168945312e+02 2.840140151977539062e+01 1.115157241821289062e+02 8.064279937744140625e+01 9.489398956298828125e+01 8.995021057128906250e+01 5.148275756835937500e+01 5.242280578613281250e+01 5.338525009155273438e+01 3.914190292358398438e+01 3.291110229492187500e+01 2.168209838867187500e+01 1.490236186981201172e+01 9.719600677490234375e+00 4.843543529510498047e+00 3.797387838363647461e+00 2.834137439727783203e+00 1.908300757408142090e+00 1.500238776206970215e+00 1.145461320877075195e+00 7.832179665565490723e-01 4.725263118743896484e-01 3.138472735881805420e-01
4.282812881469726562e+01 9.857617187500000000e+01 2.210644721984863281e+01 1.125350189208984375e+02 8.173107910156250000e+01 9.679666137695312500e+01 8.994355010986328125e+01 5.021825408935546875e+01 5.236953353881835938e+01 5.330482101440429688e+01 3.800450515747070312e+01 3.277996063232421875e+01 2.136118698120117188e+01 1.478676509857177734e+01 9.654347419738769531e+00 4.762413024902343750e+00 3.698652982711791992e+00 2.795058488845825195e+00 1.872772336006164551e+00 1.489560008049011230e+00 1.180107593536376953e+00 7.991485595703125000e-01 4.570575058460235596e-01 3.003686070442199707e-01
8.402613830566406250e+01 1.063356628417968750e+02 3.166367149353027344e+01 1.157040100097656250e+02 8.254624938964843750e+01 9.924821472167968750e+01 9.000183868408203125e+01 5.197499084472656250e+01 5.341684341430664062e+01 5.334900283813476562e+01 3.770916366577148438e+01 3.385672760009765625e+01 2.123251152038574219e+01 1.505492973327636719e+01 9.676605224609375000e+00 4.824276447296142578e+00 3.700727939605712891e+00 2.826057910919189453e+00 1.920986533164978027e+00 1.479750037193298340e+00 1.211887717247009277e+00 7.959472537040710449e-01 4.625816345214843750e-01 3.325595259666442871e-01
5.626438140869140625e+01 9.737921905517578125e+01 3.315201568603515625e+01 1.091511230468750000e+02 8.181420898437500000e+01 9.508129882812500000e+01 8.987094116210937500e+01 5.303939056396484375e+01 5.219777297973632812e+01 5.241690826416015625e+01 3.827698898315429688e+01 3.306392288208007812e+01 2.148124313354492188e+01 1.508827114105224609e+01 9.450291633605957031e+00 4.694381237030029297e+00 3.709729671478271484e+00 2.876143932342529297e+00 1.902593374252319336e+00 1.460851907730102539e+00 1.158980488777160645e+00 7.826362848281860352e-01 4.320822358131408691e-01 2.739115059375762939e-01
6.650134277343750000e+01 9.156447601318359375e+01 3.458768463134765625e+01 1.072520523071289062e+02 8.362612915039062500e+01 9.631176757812500000e+01 8.929496765136718750e+01 4.992472076416015625e+01 5.166414642333984375e+01 5.232615280151367188e+01 3.823273849487304688e+01 3.296333312988281250e+01 2.100922584533691406e+01 1.465351676940917969e+01 9.529524803161621094e+00 4.770112514495849609e+00 3.782024860382080078e+00 2.892628192901611328e+00 1.962901830673217773e+00 1.511767268180847168e+00 1.194723129272460938e+00 8.346012830734252930e-01 4.448807239532470703e-01 3.039095401763916016e-01
5.222547912597656250e+01 1.052869033813476562e+02 3.399195480346679688e+01 1.142226257324218750e+02 8.271607971191406250e+01 9.568084716796875000e+01 9.015731048583984375e+01 5.197771835327148438e+01 5.385421371459960938e+01 5.297584915161132812e+01 3.746180343627929688e+01 3.327060699462890625e+01 2.145110130310058594e+01 1.490729427337646484e+01 9.835251808166503906e+00 4.763962745666503906e+00 3.688506126403808594e+00 2.871916770935058594e+00 1.860536217689514160e+00 1.456636428833007812e+00 1.191309094429016113e+00 7.784435153007507324e-01 4.470095634460449219e-01 2.882160544395446777e-01
5.998096466064453125e+01 9.850022888183593750e+01 2.994060516357421875e+01 1.101606597900390625e+02 7.865409851074218750e+01 9.660437774658203125e+01 8.734088134765625000e+01 5.269745635986328125e+01 5.297521209716796875e+01 5.358923339843750000e+01 3.871776199340820312e+01 3.284137344360351562e+01 2.139658355712890625e+01 1.430083942413330078e+01 9.389696121215820312e+00 4.842597961425781250e+00 3.698544502258300781e+00 3.001589775085449219e+00 1.943775892257690430e+00 1.476636886596679688e+00 1.196182489395141602e+00 7.972519397735595703e-01 4.550160765647888184e-01 3.020725548267364502e-01
4.150629806518554688e+01 1.041560058593750000e+02 2.832874488830566406e+01 1.116176757812500000e+02 8.090940856933593750e+01 9.640036773681640625e+01 8.879343414306640625e+01 5.150453948974609375e+01 5.302641677856445312e+01 5.269633865356445312e+01 3.774536132812500000e+01 3.273045730590820312e+01 2.133629798889160156e+01 1.491559410095214844e+01 9.724447250366210938e+00 4.628785133361816406e+00 3.695439577102661133e+00 2.843742609024047852e+00 1.887350201606750488e+00 1.490237355232238770e+00 1.164283514022827148e+00 8.064665198326110840e-01 4.797552525997161865e-01 3.238816559314727783e-01
6.317190933227539062e+01 1.008794479370117188e+02 3.048538208007812500e+01 1.093622970581054688e+02 8.013287353515625000e+01 9.683642578125000000e+01 8.924370574951171875e+01 5.029465484619140625e+01 5.256305313110351562e+01 5.280715942382812500e+01 3.768677520751953125e+01 3.313174819946289062e+01 2.132015228271484375e+01 1.503727436065673828e+01 9.760007858276367188e+00 4.814208984375000000e+00 3.656642436981201172e+00 2.897612094879150391e+00 1.841261029243469238e+00 1.472907304763793945e+00 1.151533484458923340e+00 8.066715002059936523e-01 4.906590580940246582e-01 3.193509578704833984e-01
5.849673080444335938e+01 1.025946273803710938e+02 3.184329223632812500e+01 1.065304946899414062e+02 8.044783020019531250e+01 9.956829071044921875e+01 8.969595336914062500e+01 5.116524887084960938e+01 5.250620651245117188e+01 5.321266555786132812e+01 3.832184600830078125e+01 3.378708267211914062e+01 2.162005996704101562e+01 1.489123439788818359e+01 9.629432678222656250e+00 4.994841098785400391e+00 3.860690355300903320e+00 2.776109218597412109e+00 1.897955417633056641e+00 1.495817899703979492e+00 1.162361502647399902e+00 7.923620343208312988e-01 4.500695765018463135e-01 3.040752410888671875e-01
6.371977996826171875e+01 9.554032135009765625e+01 3.095163536071777344e+01 1.106763458251953125e+02 8.255440521240234375e+01 9.586511230468750000e+01 8.783515930175781250e+01 5.172068023681640625e+01 5.334461212158203125e+01 5.334821701049804688e+01 3.806787490844726562e+01 3.297659301757812500e+01 2.137151336669921875e+01 1.487338542938232422e+01 9.751758575439453125e+00 4.782424926757812500e+00 3.689764022827148438e+00 2.855657100677490234e+00 1.913380622863769531e+00 1.488779544830322266e+00 1.165786981582641602e+00 7.848549485206604004e-01 4.777778387069702148e-01 3.056271076202392578e-01
5.751506042480468750e+01 8.657638549804687500e+01 3.093814277648925781e+01 1.087099990844726562e+02 7.951700592041015625e+01 1.005719223022460938e+02 8.820674896240234375e+01 5.113570404052734375e+01 5.176657485961914062e+01 5.324892425537109375e+01 3.834487533569335938e+01 3.291094589233398438e+01 2.143505096435546875e+01 1.472751808166503906e+01 9.786992073059082031e+00 4.703306198120117188e+00 3.701467037200927734e+00 2.849704742431640625e+00 1.889786839485168457e+00 1.458141088485717773e+00 1.172409415245056152e+00 8.109723329544067383e-01 4.743031561374664307e-01 3.022035956382751465e-01
5.372724533081054688e+01 1.008959121704101562e+02 2.913085937500000000e+01 1.095503082275390625e+02 8.042240142822265625e+01 9.628632354736328125e+01 9.007814788818359375e+01 5.004671859741210938e+01 5.203342056274414062e+01 5.262746429443359375e+01 3.818750000000000000e+01 3.295739746093750000e+01 2.097932052612304688e+01 1.468872928619384766e+01 9.656148910522460938e+00 4.988792419433593750e+00 3.759821891784667969e+00 2.771691322326660156e+00 1.855837225914001465e+00 1.451076269149780273e+00 1.122142314910888672e+00 8.161740303039550781e-01 4.933457672595977783e-01 3.019827604293823242e-01
5.085034179687500000e+01 1.042341766357421875e+02 3.181008529663085938e+01 1.068209762573242188e+02 8.484262847900390625e+01 9.564839935302734375e+01 9.011149597167968750e+01 5.116531372070312500e+01 5.303601837158203125e+01 5.269858551025390625e+01 3.753720855712890625e+01 3.329930114746093750e+01 2.190412521362304688e+01 1.487115192413330078e+01 9.922003746032714844e+00 4.893954753875732422e+00 3.706425666809082031e+00 2.780534982681274414e+00 1.832089662551879883e+00 1.451996922492980957e+00 1.205733180046081543e+00 8.251339197158813477e-01 5.145391225814819336e-01 3.052129447460174561e-01
5.681997299194335938e+01 9.761293029785156250e+01 3.482642364501953125e+01 1.090592422485351562e+02 8.514532470703125000e+01 9.494491577148437500e+01 9.047109222412109375e+01 5.373646926879882812e+01 5.262165451049804688e+01 5.329489898681640625e+01 3.825053024291992188e+01 3.296372222900390625e+01 2.144521713256835938e+01 1.508508968353271484e+01 9.814745903015136719e+00 4.970752716064453125e+00 3.801846504211425781e+00 2.792549848556518555e+00 1.877229571342468262e+00 1.472708821296691895e+00 1.175765633583068848e+00 7.716655135154724121e-01 4.823334217071533203e-01 3.004696965217590332e-01
5.397567749023437500e+01 1.051311492919921875e+02 3.030081367492675781e+01 1.141819763183593750e+02 7.849192810058593750e+01 9.778615570068359375e+01 9.083258819580078125e+01 5.072608566284179688e+01 5.221519851684570312e+01 5.328642654418945312e+01 3.773674392700195312e+01 3.275722122192382812e+01 2.155075645446777344e+01 1.517543411254882812e+01 9.596956253051757812e+00 4.639987468719482422e+00 3.610405445098876953e+00 2.825497627258300781e+00 1.854006409645080566e+00 1.478908538818359375e+00 1.193191885948181152e+00 7.946839332580566406e-01 4.909249842166900635e-01 3.144193291664123535e-01
6.061208343505859375e+01 1.115781784057617188e+02 3.172948646545410156e+01 1.154157180786132812e+02 8.617655181884765625e+01 9.418609619140625000e+01 8.719657135009765625e+01 5.257870483398437500e+01 5.345310211181640625e+01 5.231455230712890625e+01 3.717926025390625000e+01 3.336745452880859375e+01 2.148858070373535156e+01 1.472660827636718750e+01 9.615049362182617188e+00 4.671064853668212891e+00 3.826557159423828125e+00 2.860825061798095703e+00 1.900819182395935059e+00 1.546959638595581055e+00 1.181161284446716309e+00 8.384770750999450684e-01 4.723523557186126709e-01 2.957117855548858643e-01
6.280723190307617188e+01 1.064042968750000000e+02 3.072747230529785156e+01 1.114598541259765625e+02 8.070231628417968750e+01 9.627116394042968750e+01 9.000344085693359375e+01 5.235517883300781250e+01 5.262201690673828125e+01 5.167806243896484375e+01 3.786715316772460938e+01 3.273951339721679688e+01 2.125458908081054688e+01 1.507132434844970703e+01 9.786593437194824219e+00 4.728836059570312500e+00 3.590804576873779297e+00 2.841121912002563477e+00 1.838925480842590332e+00 1.467776417732238770e+00 1.105395913124084473e+00 8.237491250038146973e-01 4.885418117046356201e-01 3.106548786163330078e-01
5.870046234130859375e+01 1.048605728149414062e+02 2.706428527832031250e+01 1.095914840698242188e+02 8.243735504150390625e+01 9.560718536376953125e+01 9.033319091796875000e+01 5.034819030761718750e+01 5.333110046386718750e+01 5.203406524658203125e+01 3.821480560302734375e+01 3.330636978149414062e+01 2.131266784667968750e+01 1.504616832733154297e+01 9.672979354858398438e+00 4.707890510559082031e+00 3.696802139282226562e+00 2.855853796005249023e+00 1.910068511962890625e+00 1.424565792083740234e+00 1.199239015579223633e+00 8.106864690780639648e-01 4.660839140415191650e-01 3.079012632369995117e-01
7.615979003906250000e+01 9.974055480957031250e+01 3.052577590942382812e+01 1.028208236694335938e+02 8.100741577148437500e+01 9.698513793945312500e+01 9.054919433593750000e+01 4.964706420898437500e+01 5.301779556274414062e+01 5.323468017578125000e+01 3.710533142089843750e+01 3.313865280151367188e+01 2.080432891845703125e+01 1.480016994476318359e+01 9.619627952575683594e+00 4.837590217590332031e+00 3.709585666656494141e+00 2.837747573852539062e+00 1.904002547264099121e+00 1.444685935974121094e+00 1.177096366882324219e+00 8.027211427688598633e-01 4.896251857280731201e-01 3.187007904052734375e-01
5.787007522583007812e+01 9.493132019042968750e+01 2.426447105407714844e+01 1.098945541381835938e+02 8.353914642333984375e+01 9.552507781982421875e+01 8.735672760009765625e+01 5.032546997070312500e+01 5.303131103515625000e+01 5.247658920288085938e+01 3.690257263183593750e+01 3.260276794433593750e+01 2.163423919677734375e+01 1.490828227996826172e+01 9.726487159729003906e+00 4.768209457397460938e+00 3.624358654022216797e+00 2.822013616561889648e+00 1.833090662956237793e+00 1.455432415008544922e+00 1.189842224121093750e+00 7.984138131141662598e-01 4.520712196826934814e-01 3.174993693828582764e-01
5.947821426391601562e+01 1.028822402954101562e+02 2.977191734313964844e+01 1.004476776123046875e+02 8.051268768310546875e+01 9.300551605224609375e+01 8.965412139892578125e+01 5.260162734985351562e+01 5.309169387817382812e+01 5.241268920898437500e+01 3.833676528930664062e+01 3.269430923461914062e+01 2.157193183898925781e+01 1.505748271942138672e+01 9.835800170898437500e+00 4.721285820007324219e+00 3.720951318740844727e+00 2.906519412994384766e+00 1.871845483779907227e+00 1.454049587249755859e+00 1.171770453453063965e+00 8.004060983657836914e-01 4.507677555084228516e-01 3.008006811141967773e-01
5.966877365112304688e+01 1.106718826293945312e+02 3.122875785827636719e+01 1.069423446655273438e+02 8.114070129394531250e+01 9.585608673095703125e+01 8.741122436523437500e+01 5.230650711059570312e+01 5.273695373535156250e+01 5.286416625976562500e+01 3.899576568603515625e+01 3.287847900390625000e+01 2.160894012451171875e+01 1.459659767150878906e+01 9.699424743652343750e+00 4.879280567169189453e+00 3.788055896759033203e+00 2.718677520751953125e+00 1.843081831932067871e+00 1.442143559455871582e+00 1.141771435737609863e+00 8.350086808204650879e-01 4.985925257205963135e-01 3.259897530078887939e-01
5.827556228637695312e+01 9.876056671142578125e+01 3.104977035522460938e+01 1.124784393310546875e+02 8.298359680175781250e+01 9.387805938720703125e+01 8.886916351318359375e+01 5.018980789184570312e+01 5.171022415161132812e+01 5.283897781372070312e+01 3.830690002441406250e+01 3.402983093261718750e+01 2.151392173767089844e+01 1.509301853179931641e+01 9.762353897094726562e+00 4.828766345977783203e+00 3.699976205825805664e+00 2.801278114318847656e+00 1.872214317321777344e+00 1.454407095909118652e+00 1.188499927520751953e+00 7.971722483634948730e-01 4.503596425056457520e-01 3.093293607234954834e-01
5.864755630493164062e+01 1.024610061645507812e+02 2.889584922790527344e+01 1.124039001464843750e+02 7.928984069824218750e+01 9.637261962890625000e+01 8.883198547363281250e+01 5.194727325439453125e+01 5.280609893798828125e+01 5.210612106323242188e+01 3.744834518432617188e+01 3.251297378540039062e+01 2.183294296264648438e+01 1.467268371582031250e+01 9.725431442260742188e+00 4.772301197052001953e+00 3.819188833236694336e+00 2.856961011886596680e+00 1.907415032386779785e+00 1.488859891891479492e+00 1.221329927444458008e+00 8.182184696197509766e-01 4.765133261680603027e-01 3.198663294315338135e-01
5.870046234130859375e+01 1.046555252075195312e+02 2.888665008544921875e+01 1.091514205932617188e+02 8.413053131103515625e+01 9.499360656738281250e+01 8.892647552490234375e+01 5.217554092407226562e+01 5.163803482055664062e+01 5.219623565673828125e+01 3.774302291870117188e+01 3.286881256103515625e+01 2.164187622070312500e+01 1.509326648712158203e+01 9.630200386047363281e+00 4.735790729522705078e+00 3.815842390060424805e+00 2.858768224716186523e+00 1.928336620330810547e+00 1.455055117607116699e+00 1.144185900688171387e+00 7.920113205909729004e-01 4.569132030010223389e-01 3.008150160312652588e-01
4.893413925170898438e+01 9.963674163818359375e+01 2.902068328857421875e+01 1.077945404052734375e+02 7.872168731689453125e+01 9.549256134033203125e+01 8.977365875244140625e+01 4.929314422607421875e+01 5.216958618164062500e+01 5.246745300292968750e+01 3.820698547363281250e+01 3.343836212158203125e+01 2.165141296386718750e+01 1.517625045776367188e+01 9.592917442321777344e+00 4.968039989471435547e+00 3.764526128768920898e+00 2.835163354873657227e+00 1.915851116180419922e+00 1.437957048416137695e+00 1.166658639907836914e+00 8.002693653106689453e-01 4.977850914001464844e-01 3.326568007469177246e-01
5.291991043090820312e+01 1.177232437133789062e+02 3.071050643920898438e+01 1.039769363403320312e+02 8.092655944824218750e+01 9.232939147949218750e+01 8.926701354980468750e+01 4.770188903808593750e+01 5.257729339599609375e+01 5.309937286376953125e+01 3.859722137451171875e+01 3.320682144165039062e+01 2.147796440124511719e+01 1.468787765502929688e+01 9.867018699645996094e+00 4.660763740539550781e+00 3.751110792160034180e+00 2.808776378631591797e+00 1.900114893913269043e+00 1.488433599472045898e+00 1.210874199867248535e+00 8.055806756019592285e-01 4.690429568290710449e-01 2.993906736373901367e-01
6.028955078125000000e+01 1.101045303344726562e+02 3.320740127563476562e+01 1.158632278442382812e+02 8.094183349609375000e+01 9.697686004638671875e+01 8.775063323974609375e+01 5.088304901123046875e+01 5.322065353393554688e+01 5.267836761474609375e+01 3.818133544921875000e+01 3.318932723999023438e+01 2.115655899047851562e+01 1.501079559326171875e+01 9.453666687011718750e+00 4.628845691680908203e+00 3.759836673736572266e+00 2.710304737091064453e+00 1.896850109100341797e+00 1.530472517013549805e+00 1.216948986053466797e+00 7.625686526298522949e-01 4.358226656913757324e-01 3.342016339302062988e-01
7.481204986572265625e+01 1.124931793212890625e+02 3.217715072631835938e+01 1.054358444213867188e+02 8.281725311279296875e+01 9.802265930175781250e+01 8.920909118652343750e+01 4.982025909423828125e+01 5.354014205932617188e+01 5.285753250122070312e+01 3.736302185058593750e+01 3.285056686401367188e+01 2.111799240112304688e+01 1.459315395355224609e+01 9.710680007934570312e+00 4.760454654693603516e+00 3.727895498275756836e+00 2.805229663848876953e+00 1.785395979881286621e+00 1.405676007270812988e+00 1.162323594093322754e+00 7.993564605712890625e-01 4.563295841217041016e-01 2.755464911460876465e-01
4.870185089111328125e+01 9.682164764404296875e+01 3.317011260986328125e+01 1.101939773559570312e+02 8.211634826660156250e+01 9.778662109375000000e+01 9.031116485595703125e+01 5.055648422241210938e+01 5.331486511230468750e+01 5.324529266357421875e+01 3.806780624389648438e+01 3.315562438964843750e+01 2.103487396240234375e+01 1.547128963470458984e+01 9.569680213928222656e+00 4.577993392944335938e+00 3.686905145645141602e+00 2.744179725646972656e+00 1.873090147972106934e+00 1.444413900375366211e+00 1.175358772277832031e+00 8.149021863937377930e-01 4.726514220237731934e-01 2.986591160297393799e-01
5.870046234130859375e+01 8.876065063476562500e+01 2.673579597473144531e+01 1.147393569946289062e+02 8.255957794189453125e+01 9.924828338623046875e+01 9.020575714111328125e+01 5.125780105590820312e+01 5.194758605957031250e+01 5.256946563720703125e+01 3.804963302612304688e+01 3.275346755981445312e+01 2.157496643066406250e+01 1.519257450103759766e+01 9.648352622985839844e+00 4.832637310028076172e+00 3.674268245697021484e+00 2.812657594680786133e+00 1.968849897384643555e+00 1.463542222976684570e+00 1.209774494171142578e+00 8.289362192153930664e-01 4.498772323131561279e-01 3.240986168384552002e-01
5.989423751831054688e+01 9.270857238769531250e+01 2.920144271850585938e+01 1.156114654541015625e+02 8.034480285644531250e+01 9.700652313232421875e+01 9.145772552490234375e+01 5.015867233276367188e+01 5.264762115478515625e+01 5.189698791503906250e+01 3.800291824340820312e+01 3.391819763183593750e+01 2.150047492980957031e+01 1.492226600646972656e+01 9.724349021911621094e+00 4.745985507965087891e+00 3.593661069869995117e+00 2.796015977859497070e+00 1.896746754646301270e+00 1.460420131683349609e+00 1.195412874221801758e+00 8.543104529380798340e-01 4.930925965309143066e-01 3.250600397586822510e-01
6.703565979003906250e+01 1.014181976318359375e+02 4.398327255249023438e+01 1.128804168701171875e+02 7.791278076171875000e+01 9.856089782714843750e+01 9.019065856933593750e+01 5.022525024414062500e+01 5.434412384033203125e+01 5.318440246582031250e+01 3.794566726684570312e+01 3.269975280761718750e+01 2.099327278137207031e+01 1.499116992950439453e+01 9.698763847351074219e+00 4.723020553588867188e+00 3.742994070053100586e+00 2.856974124908447266e+00 1.926112890243530273e+00 1.457045912742614746e+00 1.189346313476562500e+00 7.981730699539184570e-01 4.666402041912078857e-01 3.080731332302093506e-01
5.824352645874023438e+01 1.061603088378906250e+02 2.943988037109375000e+01 1.098719406127929688e+02 8.203858184814453125e+01 9.819302368164062500e+01 8.939028167724609375e+01 5.166260528564453125e+01 5.256033706665039062e+01 5.227337646484375000e+01 3.869636535644531250e+01 3.312542724609375000e+01 2.175112342834472656e+01 1.491465473175048828e+01 9.841799736022949219e+00 4.572953224182128906e+00 3.715095996856689453e+00 2.903600931167602539e+00 1.888663649559020996e+00 1.467018842697143555e+00 1.213837385177612305e+00 8.234274983406066895e-01 4.481498301029205322e-01 3.022898733615875244e-01
4.972810745239257812e+01 1.047999954223632812e+02 2.720287132263183594e+01 1.112331085205078125e+02 8.128856658935546875e+01 9.512907409667968750e+01 8.968112182617187500e+01 5.075108337402343750e+01 5.180107498168945312e+01 5.275819015502929688e+01 3.763539505004882812e+01 3.298228454589843750e+01 2.147753524780273438e+01 1.480100536346435547e+01 9.629280090332031250e+00 4.789007663726806641e+00 3.727591276168823242e+00 2.742593050003051758e+00 1.836886763572692871e+00 1.463183403015136719e+00 1.179950714111328125e+00 8.251335620880126953e-01 4.599756300449371338e-01 3.119332790374755859e-01
5.706786727905273438e+01 1.026187438964843750e+02 2.996995353698730469e+01 1.139042129516601562e+02 8.249716949462890625e+01 9.325283050537109375e+01 8.907835388183593750e+01 5.018059921264648438e+01 5.201739883422851562e+01 5.205829238891601562e+01 3.808964538574218750e+01 3.334372329711914062e+01 2.129972267150878906e+01 1.497968959808349609e+01 9.560538291931152344e+00 4.733737468719482422e+00 3.740072011947631836e+00 2.767799615859985352e+00 1.909486174583435059e+00 1.466542959213256836e+00 1.197556257247924805e+00 8.106962442398071289e-01 4.615434706211090088e-01 3.077934086322784424e-01
5.321965026855468750e+01 1.056624984741210938e+02 2.756033134460449219e+01 1.080613403320312500e+02 7.988082885742187500e+01 9.408550262451171875e+01 8.822863006591796875e+01 5.334678268432617188e+01 5.143181228637695312e+01 5.166215515136718750e+01 3.809749221801757812e+01 3.274184799194335938e+01 2.143156433105468750e+01 1.498201465606689453e+01 1.004520320892333984e+01 4.606926441192626953e+00 3.530263662338256836e+00 2.891633272171020508e+00 1.835293531417846680e+00 1.454861998558044434e+00 1.150155305862426758e+00 7.581890821456909180e-01 4.696365594863891602e-01 2.746682763099670410e-01
6.593029785156250000e+01 1.016209335327148438e+02 2.891282272338867188e+01 1.087840957641601562e+02 8.248471069335937500e+01 9.706732177734375000e+01 9.044530487060546875e+01 5.185737609863281250e+01 5.264260482788085938e+01 5.263988876342773438e+01 3.788664627075195312e+01 3.256793212890625000e+01 2.106558227539062500e+01 1.485928821563720703e+01 9.493008613586425781e+00 4.690492153167724609e+00 3.716149091720581055e+00 2.765555620193481445e+00 1.950022459030151367e+00 1.474309802055358887e+00 1.141228795051574707e+00 8.151739239692687988e-01 4.761055707931518555e-01 2.940461337566375732e-01
7.419908142089843750e+01 9.456005859375000000e+01 3.045501899719238281e+01 1.075240554809570312e+02 8.057505798339843750e+01 9.802511596679687500e+01 8.904607391357421875e+01 5.044717025756835938e+01 5.255754089355468750e+01 5.286372375488281250e+01 3.811441421508789062e+01 3.347392654418945312e+01 2.163441848754882812e+01 1.489799308776855469e+01 9.933897972106933594e+00 4.642743110656738281e+00 3.753442764282226562e+00 2.775079965591430664e+00 1.835954785346984863e+00 1.487123489379882812e+00 1.196921229362487793e+00 7.938858270645141602e-01 4.798840582370758057e-01 3.084759116172790527e-01
8.006588745117187500e+01 1.025654754638671875e+02 3.557487106323242188e+01 1.093167419433593750e+02 8.206098937988281250e+01 9.786644744873046875e+01 8.900335693359375000e+01 5.165368270874023438e+01 5.304504776000976562e+01 5.283547210693359375e+01 3.795038986206054688e+01 3.337396621704101562e+01 2.137161445617675781e+01 1.464175891876220703e+01 9.548448562622070312e+00 4.793611049652099609e+00 3.775962114334106445e+00 2.801252841949462891e+00 1.915921211242675781e+00 1.480853915214538574e+00 1.182518243789672852e+00 8.091860413551330566e-01 4.920358955860137939e-01 3.378078043460845947e-01
5.745252609252929688e+01 1.086720504760742188e+02 3.318198394775390625e+01 1.092484741210937500e+02 8.061708831787109375e+01 9.454769134521484375e+01 9.029463195800781250e+01 5.060357284545898438e+01 5.268439865112304688e+01 5.307904434204101562e+01 3.824162673950195312e+01 3.331873321533203125e+01 2.163589859008789062e+01 1.491572570800781250e+01 9.573451042175292969e+00 4.598319530487060547e+00 3.884385347366333008e+00 2.859937429428100586e+00 1.896877408027648926e+00 1.405487537384033203e+00 1.194536924362182617e+00 8.223430514335632324e-01 4.456092715263366699e-01 3.122454583644866943e-01
5.282962799072265625e+01 1.016339111328125000e+02 3.008271598815917969e+01 1.109715881347656250e+02 7.709268951416015625e+01 9.731842041015625000e+01 9.063901519775390625e+01 4.979945373535156250e+01 5.404325866699218750e+01 5.335223388671875000e+01 3.824485778808593750e+01 3.278654479980468750e+01 2.116947746276855469e+01 1.467305850982666016e+01 9.442372322082519531e+00 4.961867809295654297e+00 3.774469137191772461e+00 2.705735206604003906e+00 1.911488294601440430e+00 1.471274852752685547e+00 1.181844472885131836e+00 8.050073385238647461e-01 4.484491944313049316e-01 3.117402493953704834e-01
6.793556976318359375e+01 1.080771484375000000e+02 3.156573867797851562e+01 1.086080780029296875e+02 8.165911865234375000e+01 9.485005950927734375e+01 9.044337463378906250e+01 5.103704071044921875e+01 5.192824935913085938e+01 5.318244934082031250e+01 3.757560348510742188e+01 3.269474411010742188e+01 2.153054046630859375e+01 1.492645072937011719e+01 9.725119590759277344e+00 4.692996025085449219e+00 3.821632862091064453e+00 2.883958816528320312e+00 1.893322467803955078e+00 1.466181278228759766e+00 1.197034478187561035e+00 7.966579198837280273e-01 4.650670289993286133e-01 2.876181900501251221e-01
5.424322509765625000e+01 1.002836227416992188e+02 3.285786819458007812e+01 1.132120666503906250e+02 7.982836914062500000e+01 9.387935638427734375e+01 9.165221405029296875e+01 5.020308685302734375e+01 5.255187606811523438e+01 5.173373794555664062e+01 3.778154373168945312e+01 3.287634658813476562e+01 2.127688980102539062e+01 1.518656158447265625e+01 9.565329551696777344e+00 4.944461822509765625e+00 3.517569541931152344e+00 2.826362133026123047e+00 1.899292469024658203e+00 1.458314299583435059e+00 1.179899811744689941e+00 8.087567687034606934e-01 4.661740362644195557e-01 3.124710321426391602e-01
5.870046234130859375e+01 9.822586059570312500e+01 3.334140014648437500e+01 1.122771759033203125e+02 8.183437347412109375e+01 9.819657897949218750e+01 8.933705139160156250e+01 5.047833251953125000e+01 5.140466690063476562e+01 5.270360183715820312e+01 3.795994949340820312e+01 3.270733642578125000e+01 2.163035964965820312e+01 1.474376773834228516e+01 9.767343521118164062e+00 4.774679660797119141e+00 3.850424289703369141e+00 2.920013904571533203e+00 1.920171856880187988e+00 1.462980389595031738e+00 1.189342737197875977e+00 8.271567821502685547e-01 4.764239192008972168e-01 3.155384957790374756e-01
6.075107574462890625e+01 1.016420440673828125e+02 3.217141723632812500e+01 1.116054153442382812e+02 8.110282897949218750e+01 9.472682952880859375e+01 8.961529541015625000e+01 5.096618270874023438e+01 5.138124847412109375e+01 5.271210098266601562e+01 3.808661651611328125e+01 3.296273040771484375e+01 2.130716323852539062e+01 1.492729663848876953e+01 9.810494422912597656e+00 4.755847930908203125e+00 3.754767179489135742e+00 2.908569335937500000e+00 1.903524637222290039e+00 1.458207845687866211e+00 1.173569679260253906e+00 8.421053290367126465e-01 4.774672389030456543e-01 3.049646317958831787e-01
5.571022796630859375e+01 1.005305709838867188e+02 2.544176292419433594e+01 1.122650222778320312e+02 8.058316802978515625e+01 9.714428710937500000e+01 8.928355407714843750e+01 5.061972808837890625e+01 5.168408203125000000e+01 5.278491210937500000e+01 3.743979644775390625e+01 3.285897827148437500e+01 2.115587043762207031e+01 1.474740028381347656e+01 9.718247413635253906e+00 4.686936855316162109e+00 3.789585828781127930e+00 2.866133213043212891e+00 1.888528227806091309e+00 1.543057322502136230e+00 1.200898647308349609e+00 8.178555369377136230e-01 4.896207749843597412e-01 3.277405798435211182e-01
5.703666305541992188e+01 1.006681518554687500e+02 2.878380393981933594e+01 1.175949783325195312e+02 8.230876922607421875e+01 9.728631591796875000e+01 9.021105957031250000e+01 5.225149917602539062e+01 5.318286895751953125e+01 5.314647293090820312e+01 3.739865112304687500e+01 3.276989746093750000e+01 2.155985641479492188e+01 1.504452228546142578e+01 9.682818412780761719e+00 4.730013847351074219e+00 3.707339286804199219e+00 2.733793735504150391e+00 1.911818027496337891e+00 1.450119733810424805e+00 1.141228556632995605e+00 7.804149389266967773e-01 4.722945690155029297e-01 2.748414278030395508e-01
6.024543380737304688e+01 1.167220230102539062e+02 2.725123786926269531e+01 1.075984725952148438e+02 8.004116058349609375e+01 9.581384277343750000e+01 9.015602874755859375e+01 5.252209091186523438e+01 5.300038146972656250e+01 5.188736724853515625e+01 3.698781585693359375e+01 3.354495239257812500e+01 2.149940109252929688e+01 1.509045314788818359e+01 9.507036209106445312e+00 4.873260021209716797e+00 3.777200460433959961e+00 2.788327455520629883e+00 1.870780706405639648e+00 1.468975782394409180e+00 1.151579499244689941e+00 8.042243719100952148e-01 4.914766252040863037e-01 3.238744139671325684e-01
5.243346786499023438e+01 1.062979354858398438e+02 3.234881973266601562e+01 1.070178298950195312e+02 8.196655273437500000e+01 9.260200500488281250e+01 8.955894470214843750e+01 5.179657363891601562e+01 5.280115509033203125e+01 5.344010925292968750e+01 3.773831558227539062e+01 3.309659576416015625e+01 2.139288711547851562e+01 1.465877246856689453e+01 9.540157318115234375e+00 4.629674434661865234e+00 3.711426496505737305e+00 2.881443262100219727e+00 1.880067944526672363e+00 1.523135066032409668e+00 1.119580984115600586e+00 7.903553843498229980e-01 4.582248032093048096e-01 2.984800338745117188e-01
5.609866714477539062e+01 1.046444320678710938e+02 3.618847274780273438e+01 1.092136535644531250e+02 8.725572204589843750e+01 9.498295593261718750e+01 8.951895141601562500e+01 5.114483261108398438e+01 5.183150100708007812e+01 5.390938186645507812e+01 3.785345840454101562e+01 3.227522277832031250e+01 2.113458442687988281e+01 1.493226814270019531e+01 9.786804199218750000e+00 4.797831535339355469e+00 3.563668251037597656e+00 2.681876897811889648e+00 1.900404810905456543e+00 1.408353567123413086e+00 1.140555143356323242e+00 8.028159141540527344e-01 4.826498627662658691e-01 3.188514411449432373e-01
6.297967529296875000e+01 1.000139923095703125e+02 3.412776184082031250e+01 1.146045379638671875e+02 8.108107757568359375e+01 9.660111999511718750e+01 8.868193817138671875e+01 5.187998199462890625e+01 5.133653640747070312e+01 5.288129043579101562e+01 3.818078994750976562e+01 3.291109848022460938e+01 2.148257446289062500e+01 1.520462989807128906e+01 9.776956558227539062e+00 4.756145954132080078e+00 3.707456827163696289e+00 2.881906509399414062e+00 1.896012663841247559e+00 1.479797482490539551e+00 1.174686670303344727e+00 8.024981021881103516e-01 4.661871194839477539e-01 3.133313059806823730e-01
5.239395141601562500e+01 9.879767608642578125e+01 3.376801681518554688e+01 1.116640472412109375e+02 8.236000823974609375e+01 9.515330505371093750e+01 9.056965637207031250e+01 5.219356918334960938e+01 5.255462265014648438e+01 5.248505783081054688e+01 3.772747802734375000e+01 3.304194259643554688e+01 2.158868980407714844e+01 1.494494342803955078e+01 9.572553634643554688e+00 4.658763408660888672e+00 3.737505912780761719e+00 2.796522617340087891e+00 1.889587879180908203e+00 1.490918397903442383e+00 1.194058299064636230e+00 7.860993146896362305e-01 4.751637578010559082e-01 3.054928779602050781e-01
5.870046234130859375e+01 1.028338241577148438e+02 3.295124435424804688e+01 1.110082397460937500e+02 8.390531921386718750e+01 9.469727325439453125e+01 8.921123504638671875e+01 5.005081558227539062e+01 5.291968917846679688e+01 5.311722183227539062e+01 3.776819229125976562e+01 3.286168289184570312e+01 2.126185989379882812e+01 1.498550510406494141e+01 9.745516777038574219e+00 4.817135810852050781e+00 3.662904262542724609e+00 2.776585578918457031e+00 1.881093621253967285e+00 1.478191375732421875e+00 1.185451030731201172e+00 8.129939436912536621e-01 4.596690833568572998e-01 2.866424620151519775e-01
5.716765975952148438e+01 1.010993118286132812e+02 2.491993331909179688e+01 1.087185287475585938e+02 8.043821716308593750e+01 9.458474731445312500e+01 8.932069396972656250e+01 5.025471115112304688e+01 5.283535385131835938e+01 5.263383865356445312e+01 3.760592651367187500e+01 3.287121582031250000e+01 2.119874000549316406e+01 1.480189990997314453e+01 9.625016212463378906e+00 4.808112144470214844e+00 3.674722671508789062e+00 2.849997997283935547e+00 1.828480482101440430e+00 1.490656495094299316e+00 1.178738832473754883e+00 8.081983327865600586e-01 4.696185290813446045e-01 3.246851265430450439e-01
6.888823699951171875e+01 1.041265258789062500e+02 2.072377014160156250e+01 1.134125366210937500e+02 8.146086883544921875e+01 9.670998382568359375e+01 8.890187835693359375e+01 5.199034118652343750e+01 5.178526687622070312e+01 5.277692031860351562e+01 3.756062698364257812e+01 3.304284286499023438e+01 2.118517684936523438e+01 1.488376617431640625e+01 9.641273498535156250e+00 4.562973022460937500e+00 3.716365814208984375e+00 2.689673185348510742e+00 1.850676178932189941e+00 1.353738188743591309e+00 1.106271505355834961e+00 7.755540013313293457e-01 4.397547841072082520e-01 2.837876379489898682e-01
6.520594787597656250e+01 9.642504882812500000e+01 3.850437545776367188e+01 1.069446411132812500e+02 8.389984130859375000e+01 9.347971343994140625e+01 8.782038116455078125e+01 5.285750579833984375e+01 5.286539459228515625e+01 5.275657653808593750e+01 3.655461502075195312e+01 3.315630722045898438e+01 2.135448074340820312e+01 1.495209026336669922e+01 9.613377571105957031e+00 4.662418365478515625e+00 3.779852628707885742e+00 2.709515094757080078e+00 1.814530372619628906e+00 1.415682673454284668e+00 1.120547294616699219e+00 7.737510800361633301e-01 4.627138078212738037e-01 3.030969202518463135e-01
5.774683380126953125e+01 1.035715942382812500e+02 3.553270339965820312e+01 1.127931365966796875e+02 8.152692413330078125e+01 9.483279418945312500e+01 9.021735382080078125e+01 5.075137329101562500e+01 5.264578247070312500e+01 5.246343994140625000e+01 3.784662628173828125e+01 3.322584533691406250e+01 2.133457183837890625e+01 1.506256294250488281e+01 9.888606071472167969e+00 4.658402919769287109e+00 3.715212583541870117e+00 2.818053483963012695e+00 1.894579052925109863e+00 1.464493274688720703e+00 1.165842652320861816e+00 8.109158277511596680e-01 4.662542641162872314e-01 3.192489147186279297e-01
6.046634292602539062e+01 9.910415649414062500e+01 2.951085090637207031e+01 1.114023361206054688e+02 7.792371368408203125e+01 9.610140991210937500e+01 8.807851409912109375e+01 5.178984069824218750e+01 5.339868164062500000e+01 5.274789428710937500e+01 3.801554489135742188e+01 3.255731582641601562e+01 2.117543411254882812e+01 1.473426914215087891e+01 9.660018920898437500e+00 4.773447513580322266e+00 3.709920883178710938e+00 2.766569137573242188e+00 1.874548316001892090e+00 1.478277802467346191e+00 1.154627323150634766e+00 8.128731846809387207e-01 4.922178685665130615e-01 3.004715144634246826e-01
3.959558105468750000e+01 9.914588928222656250e+01 3.159977149963378906e+01 1.081392364501953125e+02 7.944641876220703125e+01 9.763906860351562500e+01 8.945470428466796875e+01 5.296765136718750000e+01 5.286062622070312500e+01 5.309521484375000000e+01 3.796903610229492188e+01 3.295743942260742188e+01 2.077899360656738281e+01 1.525895690917968750e+01 9.715943336486816406e+00 4.853056907653808594e+00 3.777228116989135742e+00 2.841566801071166992e+00 1.828927516937255859e+00 1.471078157424926758e+00 1.189308524131774902e+00 8.175007104873657227e-01 4.938701987266540527e-01 3.194324970245361328e-01
6.448820495605468750e+01 1.047914428710937500e+02 2.564030838012695312e+01 1.101130981445312500e+02 8.034410858154296875e+01 9.459063720703125000e+01 8.924323272705078125e+01 5.054144668579101562e+01 5.181717681884765625e+01 5.242643356323242188e+01 3.869448089599609375e+01 3.356431579589843750e+01 2.151070022583007812e+01 1.508747386932373047e+01 9.568033218383789062e+00 4.767008781433105469e+00 3.609841108322143555e+00 2.871131181716918945e+00 1.909181833267211914e+00 1.470375776290893555e+00 1.161474108695983887e+00 7.872281670570373535e-01 4.665933251380920410e-01 3.089104592800140381e-01
5.032338714599609375e+01 1.002294311523437500e+02 2.920472526550292969e+01 1.117640304565429688e+02 8.079886627197265625e+01 9.567343902587890625e+01 9.087220001220703125e+01 5.161951065063476562e+01 5.272819900512695312e+01 5.206453323364257812e+01 3.808347320556640625e+01 3.235261535644531250e+01 2.162057304382324219e+01 1.487954807281494141e+01 9.695462226867675781e+00 4.776282787322998047e+00 3.800241470336914062e+00 2.760294675827026367e+00 1.888625264167785645e+00 1.495359539985656738e+00 1.157049894332885742e+00 8.062614798545837402e-01 4.709936976432800293e-01 3.197627663612365723e-01
4.937368392944335938e+01 9.988630676269531250e+01 2.954266738891601562e+01 1.153230895996093750e+02 8.188809204101562500e+01 9.627910614013671875e+01 8.931749725341796875e+01 5.085726547241210938e+01 5.172665786743164062e+01 5.265052413940429688e+01 3.777036666870117188e+01 3.314895248413085938e+01 2.144976997375488281e+01 1.481224536895751953e+01 9.498584747314453125e+00 4.774927139282226562e+00 3.610943555831909180e+00 2.809014797210693359e+00 1.863036751747131348e+00 1.449492573738098145e+00 1.187354564666748047e+00 8.155465126037597656e-01 4.874400794506072998e-01 3.189362585544586182e-01
7.330968475341796875e+01 1.065822296142578125e+02 2.784835624694824219e+01 1.090652999877929688e+02 8.432798767089843750e+01 9.669744873046875000e+01 9.065528869628906250e+01 5.153082656860351562e+01 5.248829650878906250e+01 5.221746444702148438e+01 3.768041992187500000e+01 3.305024337768554688e+01 2.125125885009765625e+01 1.497767829895019531e+01 9.643533706665039062e+00 4.735068798065185547e+00 3.730193614959716797e+00 2.805133342742919922e+00 1.873554587364196777e+00 1.473666667938232422e+00 1.184276819229125977e+00 8.173275589942932129e-01 4.775597453117370605e-01 3.059127032756805420e-01
5.870046234130859375e+01 1.013707199096679688e+02 2.985366058349609375e+01 1.104479904174804688e+02 8.179915618896484375e+01 9.482337188720703125e+01 8.971899414062500000e+01 5.165171432495117188e+01 5.278368759155273438e+01 5.299888610839843750e+01 3.786054229736328125e+01 3.318336868286132812e+01 2.135780906677246094e+01 1.493933391571044922e+01 9.688341140747070312e+00 4.759328842163085938e+00 3.729549884796142578e+00 2.836920261383056641e+00 1.893348455429077148e+00 1.466244697570800781e+00 1.175894141197204590e+00 8.028967976570129395e-01 4.763411581516265869e-01 3.075877726078033447e-01
6.044793319702148438e+01 1.011340637207031250e+02 2.964002418518066406e+01 1.136125564575195312e+02 8.284043121337890625e+01 9.463077545166015625e+01 8.970840454101562500e+01 5.145974349975585938e+01 5.375956726074218750e+01 5.327368927001953125e+01 3.801676177978515625e+01 3.303767395019531250e+01 2.160956573486328125e+01 1.496910095214843750e+01 9.774272918701171875e+00 4.853651046752929688e+00 3.793415784835815430e+00 2.893345117568969727e+00 1.885368943214416504e+00 1.454714417457580566e+00 1.168446063995361328e+00 7.983897924423217773e-01 4.713951349258422852e-01 3.146648705005645752e-01
5.537447738647460938e+01 9.578086853027343750e+01 2.914002990722656250e+01 1.177873306274414062e+02 8.103179168701171875e+01 9.411946868896484375e+01 8.941938018798828125e+01 4.935947799682617188e+01 5.177834320068359375e+01 5.328694915771484375e+01 3.758363723754882812e+01 3.279674530029296875e+01 2.117008781433105469e+01 1.491818237304687500e+01 9.743931770324707031e+00 4.672368526458740234e+00 3.779305458068847656e+00 2.831812381744384766e+00 1.886258602142333984e+00 1.510166049003601074e+00 1.188730359077453613e+00 8.046265244483947754e-01 4.852996170520782471e-01 2.906245291233062744e-01
5.813275909423828125e+01 9.738230133056640625e+01 3.065218925476074219e+01 1.125485610961914062e+02 8.369919586181640625e+01 9.491523742675781250e+01 9.017155456542968750e+01 5.094626617431640625e+01 5.226540374755859375e+01 5.279200363159179688e+01 3.790520095825195312e+01 3.328219223022460938e+01 2.115447807312011719e+01 1.511714172363281250e+01 9.550361633300781250e+00 4.739296436309814453e+00 3.749184846878051758e+00 2.805736303329467773e+00 1.833615422248840332e+00 1.464574813842773438e+00 1.176000833511352539e+00 8.270503878593444824e-01 4.740200340747833252e-01 3.135713636875152588e-01
5.628602600097656250e+01 1.010639266967773438e+02 2.835675811767578125e+01 1.081844253540039062e+02 8.171456146240234375e+01 9.551921844482421875e+01 9.028594207763671875e+01 5.099081420898437500e+01 5.279713439941406250e+01 5.284482192993164062e+01 3.812254714965820312e+01 3.282807540893554688e+01 2.135652923583984375e+01 1.479978847503662109e+01 9.777319908142089844e+00 4.786369800567626953e+00 3.761078834533691406e+00 2.852257490158081055e+00 1.883009791374206543e+00 1.468591928482055664e+00 1.164523601531982422e+00 8.010076880455017090e-01 4.704698026180267334e-01 3.262749314308166504e-01
5.953511428833007812e+01 1.017979736328125000e+02 3.314324569702148438e+01 1.109601593017578125e+02 8.127044677734375000e+01 9.643729400634765625e+01 9.028067016601562500e+01 5.145350646972656250e+01 5.232428359985351562e+01 5.323811340332031250e+01 3.835657882690429688e+01 3.298139953613281250e+01 2.139887046813964844e+01 1.483326244354248047e+01 9.658943176269531250e+00 4.853515625000000000e+00 3.735250234603881836e+00 2.832232713699340820e+00 1.903399229049682617e+00 1.463828563690185547e+00 1.169429898262023926e+00 7.936675548553466797e-01 4.693650305271148682e-01 3.080512881278991699e-01
5.917565536499023438e+01 9.676360321044921875e+01 3.098133468627929688e+01 1.075102539062500000e+02 8.272395324707031250e+01 9.443196868896484375e+01 9.036662292480468750e+01 5.113482284545898438e+01 5.253483200073242188e+01 5.337278747558593750e+01 3.782996749877929688e+01 3.329227447509765625e+01 2.149374580383300781e+01 1.493088054656982422e+01 9.629875183105468750e+00 4.628391742706298828e+00 3.770043611526489258e+00 2.889731884002685547e+00 1.910599589347839355e+00 1.457297921180725098e+00 1.166904807090759277e+00 7.945945262908935547e-01 4.827198386192321777e-01 3.176677525043487549e-01
6.735675048828125000e+01 8.464298248291015625e+01 3.699597549438476562e+01 1.146093139648437500e+02 8.011920166015625000e+01 9.634398651123046875e+01 8.972175598144531250e+01 5.102084350585937500e+01 5.166231536865234375e+01 5.371212005615234375e+01 3.806449890136718750e+01 3.329872894287109375e+01 2.124160003662109375e+01 1.493598556518554688e+01 9.807186126708984375e+00 4.589968681335449219e+00 3.885469675064086914e+00 2.796238660812377930e+00 1.891982913017272949e+00 1.500529766082763672e+00 1.174425959587097168e+00 7.911217212677001953e-01 4.459966123104095459e-01 2.856446206569671631e-01
5.580579757690429688e+01 9.966966247558593750e+01 3.195112419128417969e+01 1.086117858886718750e+02 8.351698303222656250e+01 9.493542480468750000e+01 8.877416229248046875e+01 5.176314926147460938e+01 5.294896697998046875e+01 5.287692260742187500e+01 3.798769760131835938e+01 3.347695541381835938e+01 2.120134925842285156e+01 1.494286727905273438e+01 9.787563323974609375e+00 4.720931529998779297e+00 3.774460792541503906e+00 2.839457035064697266e+00 1.874269127845764160e+00 1.505614876747131348e+00 1.164816975593566895e+00 7.807837128639221191e-01 4.587153196334838867e-01 2.921720445156097412e-01
5.870046234130859375e+01 1.030237426757812500e+02 2.466238784790039062e+01 1.076322021484375000e+02 7.865467071533203125e+01 9.838716888427734375e+01 8.904418945312500000e+01 5.128108596801757812e+01 5.364759445190429688e+01 5.332233047485351562e+01 3.795733261108398438e+01 3.287378311157226562e+01 2.150904464721679688e+01 1.475106048583984375e+01 9.601906776428222656e+00 4.708789825439453125e+00 3.729971170425415039e+00 2.807720661163330078e+00 1.848651289939880371e+00 1.438736438751220703e+00 1.174960255622863770e+00 7.943451404571533203e-01 4.683712720870971680e-01 3.110899925231933594e-01
5.870046234130859375e+01 9.935774230957031250e+01 3.062102890014648438e+01 1.107598800659179688e+02 8.308438110351562500e+01 9.684550476074218750e+01 8.889456939697265625e+01 5.103666687011718750e+01 5.244695663452148438e+01 5.256296539306640625e+01 3.801083374023437500e+01 3.289633560180664062e+01 2.127602005004882812e+01 1.478487777709960938e+01 9.702628135681152344e+00 4.720270633697509766e+00 3.824944972991943359e+00 2.767515659332275391e+00 1.883184909820556641e+00 1.457837343215942383e+00 1.182142138481140137e+00 7.868129611015319824e-01 4.670484066009521484e-01 3.121750056743621826e-01
6.819513702392578125e+01 1.029622421264648438e+02 3.690569305419921875e+01 1.084368209838867188e+02 7.965156555175781250e+01 9.302493286132812500e+01 9.140505218505859375e+01 4.744221496582031250e+01 5.152148437500000000e+01 5.362849044799804688e+01 3.734274673461914062e+01 3.352464294433593750e+01 2.107126617431640625e+01 1.496492576599121094e+01 9.442009925842285156e+00 4.701237678527832031e+00 3.687877178192138672e+00 2.844661474227905273e+00 1.912950515747070312e+00 1.485098123550415039e+00 1.205410957336425781e+00 8.334264755249023438e-01 4.865846931934356689e-01 3.225353658199310303e-01
4.811554336547851562e+01 8.882077789306640625e+01 3.570195388793945312e+01 1.094687728881835938e+02 7.661772918701171875e+01 9.634984588623046875e+01 8.965720367431640625e+01 5.366021347045898438e+01 5.379712677001953125e+01 5.203685379028320312e+01 3.725845718383789062e+01 3.278226852416992188e+01 2.159690475463867188e+01 1.536675643920898438e+01 9.499111175537109375e+00 4.499824047088623047e+00 3.659702539443969727e+00 2.788869380950927734e+00 1.970238447189331055e+00 1.438993573188781738e+00 1.223174214363098145e+00 8.221471309661865234e-01 4.556765258312225342e-01 3.171565830707550049e-01
5.749698257446289062e+01 1.060458450317382812e+02 3.015587425231933594e+01 1.094210662841796875e+02 8.012683868408203125e+01 9.429193878173828125e+01 9.149874114990234375e+01 5.032305145263671875e+01 5.282273101806640625e+01 5.324305725097656250e+01 3.834990692138671875e+01 3.314504241943359375e+01 2.116386795043945312e+01 1.507882308959960938e+01 9.686754226684570312e+00 4.810172557830810547e+00 3.715509176254272461e+00 2.863284111022949219e+00 1.873783349990844727e+00 1.462023854255676270e+00 1.183927059173583984e+00 8.044357895851135254e-01 4.626623392105102539e-01 2.997992038726806641e-01
5.153886795043945312e+01 9.767897033691406250e+01 3.497159194946289062e+01 1.070313796997070312e+02 8.275440216064453125e+01 9.788716888427734375e+01 9.053060913085937500e+01 5.253086853027343750e+01 5.219978332519531250e+01 5.230135726928710938e+01 3.798370742797851562e+01 3.310857009887695312e+01 2.139336776733398438e+01 1.488102340698242188e+01 9.651282310485839844e+00 4.792146682739257812e+00 3.690320253372192383e+00 2.907219886779785156e+00 1.863279581069946289e+00 1.458652019500732422e+00 1.174248933792114258e+00 8.151769638061523438e-01 4.581078290939331055e-01 3.006274700164794922e-01
5.877195358276367188e+01 9.573374176025390625e+01 2.844882011413574219e+01 1.128805313110351562e+02 8.078234100341796875e+01 9.714200592041015625e+01 9.058644866943359375e+01 5.189089965820312500e+01 5.219995117187500000e+01 5.295642852783203125e+01 3.775796127319335938e+01 3.324255752563476562e+01 2.124247932434082031e+01 1.507676887512207031e+01 9.599345207214355469e+00 4.733103752136230469e+00 3.682368040084838867e+00 2.798874855041503906e+00 1.856316089630126953e+00 1.464853167533874512e+00 1.170543432235717773e+00 8.021408319473266602e-01 4.783794581890106201e-01 3.121818006038665771e-01
