7.142001920554878325e+01 1.671886188681772580e+02 6.092898592000982916e+01 2.304501157468838244e+02 1.627661681962233047e+02 1.775463256638118423e+02 1.510731690141286947e+02 8.339839264247036965e+01 7.610914554544703492e+01 7.034245560989309354e+01 4.787130852360328959e+01 3.901956481567933110e+01 2.461629707381791832e+01 1.676212917204257025e+01 1.083162715315033786e+01 5.269718938944818021e+00 4.125934506358454712e+00 3.167051677395241072e+00 2.151166256067773119e+00 1.670814364992011303e+00 1.306623197261085334e+00 9.242485925300568672e-01 6.075250891126985353e-01 4.713141359956892762e-01
6.718242736524653935e+01 1.722883998510939421e+02 6.275860772285975031e+01 2.391180825354348940e+02 1.553974801349953907e+02 1.845048793471598287e+02 1.522721049958712456e+02 8.002419544379728222e+01 8.142589867737757459e+01 7.131321364384832862e+01 4.829442892752732064e+01 3.941174472993726852e+01 2.483375311526360107e+01 1.690556406294247438e+01 1.087392021769109363e+01 5.250447892822299067e+00 4.110444190227926953e+00 3.246472233241061378e+00 2.012395406315876212e+00 1.691750919474054982e+00 1.271930440164612985e+00 8.711680855169159354e-01 5.788824779016937816e-01 4.677755714173673640e-01
7.148644224284247173e+01 1.732388954152884253e+02 5.655295389715126220e+01 2.278816892252544051e+02 1.591390308830803804e+02 1.780269084293652782e+02 1.530495012170713665e+02 8.114934799514948338e+01 7.701904220649038280e+01 7.245073665077696035e+01 4.950408132633291558e+01 3.928280573530575737e+01 2.526344457382614905e+01 1.683908318568393980e+01 1.095508044079762655e+01 5.350315039068850531e+00 4.149043406339541384e+00 3.187007828245937091e+00 2.049788856079414412e+00 1.697826818717549813e+00 1.294461426297953244e+00 8.989323911922922905e-01 6.252777702959902983e-01 4.933559550480708378e-01
5.336375538627595461e+01 1.636813408282410762e+02 4.352753335530288581e+01 2.286276302400761722e+02 1.610902007910007683e+02 1.811076028660500299e+02 1.522754792230632575e+02 7.860350876307835222e+01 7.640556528612573572e+01 7.202440289518708028e+01 4.790235585785336525e+01 3.908705303045087476e+01 2.486537689322881306e+01 1.666248537457573775e+01 1.084273294783937658e+01 5.249742045955345660e+00 4.039062754781091336e+00 3.137808079467727662e+00 2.002624015442980632e+00 1.679829928371881831e+00 1.318404349520194918e+00 9.039943612329316425e-01 5.892971923666695533e-01 4.501063092024538692e-01
1.053901168010193459e+02 1.789568501368047748e+02 6.230113971186456467e+01 2.374866322952919688e+02 1.645053167581945956e+02 1.867194229818928761e+02 1.530927806818826582e+02 8.206416954794414664e+01 7.851622027897113298e+01 7.246482492074629533e+01 4.772492771461728722e+01 4.049494532438806971e+01 2.480636963550441720e+01 1.704392996894374690e+01 1.091827679244562255e+01 5.327326413913405112e+00 4.064820187229496007e+00 3.172165323497426304e+00 2.071711225748771312e+00 1.682265096365745061e+00 1.371688786681363847e+00 9.192704073245399066e-01 6.139625236899420857e-01 5.072039831981477453e-01
7.056016526284635404e+01 1.643546076288858728e+02 6.740251912066177908e+01 2.227583711311842762e+02 1.617463629172108597e+02 1.788985036655652152e+02 1.521407592925954191e+02 8.315735492811042207e+01 7.620160360125903765e+01 7.086552760740393353e+01 4.822315758956348475e+01 3.935600957337377537e+01 2.499454286652842683e+01 1.696205982172452309e+01 1.060231993456283028e+01 5.157780330705045380e+00 4.044127529151626099e+00 3.215889629154502494e+00 2.029238552350729918e+00 1.650127549033691299e+00 1.291377711335119027e+00 8.790500758569967932e-01 5.567456625423806704e-01 4.180777776794970535e-01
8.452874000800147769e+01 1.530237940918084689e+02 6.927684874286374850e+01 2.193251341514424553e+02 1.655164033172608242e+02 1.807477566091152141e+02 1.520176692511449517e+02 7.863852909787169665e+01 7.578782230011840682e+01 7.101570507508655794e+01 4.835810002735752278e+01 3.941681582584687504e+01 2.454973595697808619e+01 1.659355799980833979e+01 1.073518090043389073e+01 5.269324246130020484e+00 4.137931944593256972e+00 3.250348112365475384e+00 2.102375344707788862e+00 1.710788029048682324e+00 1.348043387077194399e+00 9.531038751452385327e-01 5.910014492846910050e-01 4.782560039289724951e-01
6.698591995300141377e+01 1.775775836384674733e+02 6.793716448067054614e+01 2.364322421267302730e+02 1.640779291010082943e+02 1.799560523288545539e+02 1.540340387313942756e+02 8.185086748179119809e+01 7.907926243925933818e+01 7.207272691839595780e+01 4.752135292496814145e+01 3.982277360971662006e+01 2.512826099600265906e+01 1.690925401983062670e+01 1.111684072425106606e+01 5.290165973242046960e+00 4.055661294288759322e+00 3.258195750243773947e+00 2.016131829014963017e+00 1.676503709287461952e+00 1.360554324298112183e+00 9.077852747874209927e-01 6.040605904141916893e-01 4.579394642821457695e-01
7.733558995962538063e+01 1.641852320088891588e+02 5.959091996868784236e+01 2.262932701793448018e+02 1.550267348096240880e+02 1.820640969636654916e+02 1.486481057298826158e+02 8.258923658572516047e+01 7.760156751383169649e+01 7.264274322133402961e+01 4.889882941688257745e+01 3.916876629864317039e+01 2.499820689223448866e+01 1.612711602808321132e+01 1.056171655298731693e+01 5.348187395096659635e+00 4.040978173157630415e+00 3.379309546218007831e+00 2.087618876702095783e+00 1.680459804976647931e+00 1.349346464853601990e+00 9.080768778385454043e-01 5.919690658110305925e-01 4.627974168097240271e-01
4.955268724165910044e+01 1.747699375518133706e+02 5.694806545145958410e+01 2.272995597371313181e+02 1.600461390595701801e+02 1.811554328817615556e+02 1.510822300167839103e+02 8.125471258155971555e+01 7.796276471072714287e+01 7.158204653733160683e+01 4.771595814670845215e+01 3.911787719916508621e+01 2.492088345973921903e+01 1.687058697302805044e+01 1.094445254137774981e+01 5.106280043020593240e+00 4.058000273276424430e+00 3.204822888097320188e+00 2.026869718055598124e+00 1.699353359026345434e+00 1.312663441772237816e+00 9.195563821067953558e-01 6.231928825271063621e-01 4.867261734683710483e-01
8.285806867824773292e+01 1.712123034941062372e+02 6.016285815693984063e+01 2.239664227018841416e+02 1.587436272511141624e+02 1.822925392967735547e+02 1.518331815258545987e+02 7.908402432563262607e+01 7.714530447899225862e+01 7.176227630559426984e+01 4.776997046215758758e+01 3.965316594643339698e+01 2.494801308409964946e+01 1.700566850361744287e+01 1.099511293585473837e+01 5.317605060144449780e+00 4.011611618103111176e+00 3.263251105747889902e+00 1.975927275892144674e+00 1.669280750404684266e+00 1.296036629101848137e+00 9.167943368831820150e-01 6.363217197563668659e-01 4.856911559038706860e-01
7.575900156452649981e+01 1.724664711484542465e+02 6.356654759788012399e+01 2.187025683706253005e+02 1.593912044621084476e+02 1.880334841770850574e+02 1.528594960803194454e+02 8.081913450476342575e+01 7.700326773279265069e+01 7.233531140609387933e+01 4.858134040971285117e+01 4.046026841709989696e+01 2.530129459998214969e+01 1.689354543601849201e+01 1.086408737084129861e+01 5.528450177867231474e+00 4.243879868814949496e+00 3.123990269677003884e+00 2.039810301490971867e+00 1.695736015455471479e+00 1.311789631317057392e+00 9.070675342453928813e-01 5.962403623002339170e-01 4.752842156016313657e-01
8.181995197898339711e+01 1.591196703934707841e+02 6.212817663344628727e+01 2.279108688990603753e+02 1.634610644716459831e+02 1.804369543451683739e+02 1.496160914104198696e+02 8.141647681143277282e+01 7.820989537974755024e+01 7.239677631445691475e+01 4.814127382881746087e+01 3.941761745847096421e+01 2.497551784146644849e+01 1.680384878773602964e+01 1.099631311279525470e+01 5.284083945449710384e+00 4.040167940493581078e+00 3.214834788887143358e+00 2.058298690508097106e+00 1.689583944670893789e+00 1.312684839885367882e+00 8.940221015149687478e-01 6.149850184602545511e-01 4.640275512182416850e-01
7.342333462407397349e+01 1.446205980561125557e+02 6.211709530847527105e+01 2.216647812829932889e+02 1.572896380484552026e+02 1.888310413049305510e+02 1.499494945303125348e+02 8.035817471504419984e+01 7.594316485940134953e+01 7.213536370577746482e+01 4.835143803574871413e+01 3.928252395085323201e+01 2.503077814600192497e+01 1.664906507507238942e+01 1.101624218112447906e+01 5.193822206160612964e+00 4.053477264668933877e+00 3.203573163719970474e+00 2.022711374119293914e+00 1.655949636208424502e+00 1.324062593419939926e+00 9.288388350656729964e-01 6.284482507473980739e-01 4.811491211081029840e-01
6.829075741321831572e+01 1.698701960020611068e+02 5.978303130418682798e+01 2.255515741104203187e+02 1.597052061124568354e+02 1.811441281684316209e+02 1.535897433585277838e+02 7.887713679649041865e+01 7.643946861008357985e+01 7.153219045978318036e+01 4.828498897327509809e+01 3.943031368378249368e+01 2.453874033191016935e+01 1.664507705971653451e+01 1.089458108102406264e+01 5.531357123099562401e+00 4.123359324375573287e+00 3.129944419217248530e+00 2.002567774807275658e+00 1.654267865014612759e+00 1.278343562802753741e+00 9.421155830995732172e-01 6.519348059627458891e-01 4.781051463800929380e-01
6.445546351149427267e+01 1.756706713325191629e+02 6.513477548136978612e+01 2.180701122301143187e+02 1.678634122080506472e+02 1.794919125295429012e+02 1.535332793379835721e+02 8.036413808614058496e+01 7.765917555428256946e+01 7.175433739071071670e+01 4.743091844074493224e+01 3.979205318802437574e+01 2.562484718048909116e+01 1.685297715747233482e+01 1.120455299349813671e+01 5.395468795835960840e+00 4.061792560272309949e+00 3.129506826053543467e+00 1.961944759453688736e+00 1.639057726665388293e+00 1.351156166625057553e+00 9.412236740064152674e-01 6.694165638232754123e-01 4.761374173052781433e-01
7.262991735759332812e+01 1.618517646797377836e+02 6.931792104147099565e+01 2.216931462380705113e+02 1.685849294625168397e+02 1.777205291303613421e+02 1.535010120184068114e+02 8.429764239583717256e+01 7.735637007838174384e+01 7.217150985319048573e+01 4.822306642244900132e+01 3.924439500458637298e+01 2.498338833995409658e+01 1.703457034458870112e+01 1.099752460857604497e+01 5.485856525480480528e+00 4.157609568362857111e+00 3.137074257827206392e+00 2.008756763132220069e+00 1.667924342312189001e+00 1.324967709390125759e+00 8.863998653175719777e-01 6.289457305952960153e-01 4.616712888986460595e-01
6.902264083932925587e+01 1.779167635492408976e+02 6.039302513164447817e+01 2.319466805206302524e+02 1.549167066810534266e+02 1.834036215824724820e+02 1.538606643885335359e+02 8.003292547887917863e+01 7.648424736709714011e+01 7.217916029485182605e+01 4.773604164186301801e+01 3.914466763955921635e+01 2.516742510981409708e+01 1.715637790478267988e+01 1.080971511170633015e+01 5.117416326636136326e+00 3.964554578317868394e+00 3.173675682569835121e+00 1.988380571088551152e+00 1.680371502875973144e+00 1.350821680647608991e+00 9.068466844209261968e-01 6.371716996454150905e-01 4.792669368129555130e-01
7.764523237727853200e+01 1.887965407240682225e+02 6.311864180207702901e+01 2.370147324120276835e+02 1.701161502155888172e+02 1.774120270352736952e+02 1.478499335529163261e+02 8.263278089685741179e+01 7.825985228713838637e+01 7.098604834457363211e+01 4.707708692864405009e+01 3.988446658573881365e+01 2.511030819390573043e+01 1.670769575402124119e+01 1.083495477278773222e+01 5.184044444152884346e+00 4.182943442987680172e+00 3.224548120614866065e+00 2.037991986674167144e+00 1.751692480374879457e+00 1.330547876969839782e+00 9.552303210249771803e-01 6.210986994611025214e-01 4.649015530128447482e-01
7.885455626188118572e+01 1.785173732659351913e+02 6.084803223868843247e+01 2.280543777983554037e+02 1.594791706306440062e+02 1.805383756872344918e+02 1.530404458574759587e+02 8.226210101938167440e+01 7.718851055124751781e+01 6.997514572422612389e+01 4.775410409918440990e+01 3.901514426969325910e+01 2.476083387910836109e+01 1.700361328019235074e+01 1.100318066481912638e+01 5.219463056420516445e+00 3.922751729351714456e+00 3.192089870506309435e+00 1.960904657218294656e+00 1.655863223840376985e+00 1.238959091964378034e+00 9.292246881906043310e-01 6.252043607058864749e-01 4.607424579914296547e-01
7.684204659280173644e+01 1.756646634442012385e+02 5.478611489851975591e+01 2.241973455893105438e+02 1.624840490728115867e+02 1.797468417588810041e+02 1.535105860312455377e+02 7.925324689700188685e+01 7.838830637521650146e+01 7.057870433185136960e+01 4.829247893098416711e+01 3.976788507896667824e+01 2.485579993695159473e+01 1.698251213024533257e+01 1.089158056015605958e+01 5.189577666226657726e+00 4.054544157711597485e+00 3.209294081052818104e+00 2.044052834939934726e+00 1.611640743616297611e+00 1.347583200238822165e+00 9.227507373969753290e-01 6.056308093135575055e-01 4.705788234879143550e-01
9.524620257054594674e+01 1.670947422987151754e+02 6.281963021128779445e+01 2.101158035347544626e+02 1.605324533242179825e+02 1.826610254902531949e+02 1.541427996830271070e+02 7.820775748575783837e+01 7.800888016886500509e+01 7.240730584636784783e+01 4.700098932501159510e+01 3.970525239965027708e+01 2.436063500252433656e+01 1.674349926144251199e+01 1.084818349919034297e+01 5.364601949203697373e+00 4.076292509786814122e+00 3.198334917899004815e+00 2.032468340517961103e+00 1.636238261677624095e+00 1.327109508050253517e+00 9.144818746453274860e-01 6.328172905497272405e-01 4.803070067922015074e-01
7.360529083310709098e+01 1.598857903922723267e+02 4.915565189558345338e+01 2.243263092117576889e+02 1.656180426347680452e+02 1.801087613863433319e+02 1.487077013587150702e+02 7.926078935540697046e+01 7.804738786805205564e+01 7.122084304568475943e+01 4.672792690420382655e+01 3.898136975581390118e+01 2.530786621488575960e+01 1.688225393587032741e+01 1.097624303464960249e+01 5.273858764850070102e+00 3.973617980618741719e+00 3.182119624901665667e+00 1.963131862065944144e+00 1.647499668871200029e+00 1.329603559126613543e+00 9.017531132691353202e-01 5.883758471830186076e-01 4.786300957760483699e-01
7.482010115133027739e+01 1.743177280751019396e+02 6.094639412416179880e+01 2.033648513076880135e+02 1.595415746494091991e+02 1.752033463244682139e+02 1.530966411111747902e+02 8.300402080804850868e+01 7.811925112996527787e+01 7.111081148558160692e+01 4.851433488830321039e+01 3.900529119653197796e+01 2.520687949149787954e+01 1.708670218937506036e+01 1.108750074817828768e+01 5.210937444061171320e+00 4.060975303340243592e+00 3.269581489622425785e+00 2.014676615024787676e+00 1.653310343760895362e+00 1.327498133445203843e+00 9.165564166209183572e-01 5.919293158596494742e-01 4.610447514067428920e-01
7.542849026129330525e+01 1.862894728703760450e+02 6.213961112079115878e+01 2.191685318542166385e+02 1.612662558458080184e+02 1.804723743380557153e+02 1.487856947010679391e+02 8.239778344391791620e+01 7.740569398549989444e+01 7.167234793872731302e+01 4.925342103692297968e+01 3.921103580373703323e+01 2.514156894152755228e+01 1.648355661968660968e+01 1.091388633119821350e+01 5.383410995942769617e+00 4.144492907589938824e+00 3.055601423851943554e+00 1.962249357958160356e+00 1.629804848869449430e+00 1.274718828536298254e+00 9.341776019650365193e-01 6.283406872516914543e-01 4.722134501337727497e-01
7.612606306777153975e+01 1.663725958453766793e+02 6.233227036775847552e+01 2.312253919909188653e+02 1.639333295124031338e+02 1.767478064161535656e+02 1.508783004661272003e+02 7.877182909082100082e+01 7.590872436981533156e+01 7.170308165542640211e+01 4.839833598777605772e+01 4.057867933021829998e+01 2.511726736232697732e+01 1.704383891287536201e+01 1.097918185868612717e+01 5.347875436091535484e+00 4.052435204953194869e+00 3.152393616350607886e+00 2.007668768498250600e+00 1.650822055409261635e+00 1.341603165594822622e+00 9.084440264012433319e-01 5.917041310680249966e-01 4.748244794042689176e-01
7.641992864824440801e+01 1.739690686055050719e+02 5.869308872494627138e+01 2.296047001682338475e+02 1.576531100121212887e+02 1.818391097804501442e+02 1.509929327751157189e+02 8.177056235496851855e+01 7.755123133086428311e+01 7.089259295831359964e+01 4.746582621130543345e+01 3.897113100996422475e+01 2.549380316205200003e+01 1.658933688271971008e+01 1.093248790638147128e+01 5.286063662065041413e+00 4.183330912539180879e+00 3.227900506800073899e+00 2.051469850119402416e+00 1.684543234654860111e+00 1.381796856244466465e+00 9.361547934593790199e-01 6.287506987626895194e-01 4.921751327597384540e-01
7.482632330788257491e+01 1.764516047136913812e+02 5.750514705039334729e+01 2.228596884144708667e+02 1.660898735676296667e+02 1.785494435023491917e+02 1.516116780441713274e+02 8.227522704880590254e+01 7.586778167667773687e+01 7.086508845660416966e+01 4.780560124726373772e+01 3.936468847739321575e+01 2.532107059105149816e+01 1.708834821213278587e+01 1.088804189704345760e+01 5.237303442035186940e+00 4.184132770087918729e+00 3.227159079506977779e+00 2.065661158228119021e+00 1.652165335058179751e+00 1.295746386522076188e+00 9.105268640285775206e-01 6.013238532663557345e-01 4.642345506468728011e-01
6.257491882761333812e+01 1.677006541832330129e+02 5.908354575145527576e+01 2.219681083219997220e+02 1.564123864690999994e+02 1.802556399175748538e+02 1.529749872098886669e+02 7.777083172142876322e+01 7.653888995408681239e+01 7.130327715922874177e+01 4.837566186172944782e+01 3.998744265374440232e+01 2.533849517042101596e+01 1.719774440749561606e+01 1.083438405618736589e+01 5.504078296144987448e+00 4.146704856572473119e+00 3.201250343856357983e+00 2.065971265591025396e+00 1.635781569117699119e+00 1.320569554347793328e+00 9.186529217225869459e-01 6.509499160827163511e-01 5.039732665800048528e-01
6.917764443602585800e+01 1.956265818040768067e+02 6.235312776956385505e+01 2.122093314099208783e+02 1.601758514813212742e+02 1.742932778627055370e+02 1.518448541940864800e+02 7.527326102952176257e+01 7.706226380354968342e+01 7.209258911806392689e+01 4.888031549095965289e+01 3.971225266325511427e+01 2.511556132820587450e+01 1.662208808156324125e+01 1.110337272795409724e+01 5.160967143097599852e+00 4.103635546688463975e+00 3.164136335290050450e+00 2.046116975252783909e+00 1.691894316588529623e+00 1.363408081186643139e+00 9.123628780133249405e-01 6.070354234459542919e-01 4.626591069201279049e-01
7.531154149009535104e+01 1.866450595328426800e+02 6.601428859772077828e+01 2.352603523800479195e+02 1.589408656832454199e+02 1.823628463796314634e+02 1.489053246727436886e+02 8.003000176301377167e+01 7.817867319599719167e+01 7.151717443766932547e+01 4.811042393438297182e+01 3.955188345640368652e+01 2.467448040345292171e+01 1.695904038140735182e+01 1.065817743121170302e+01 5.117235730849311715e+00 4.130492618385037673e+00 3.057276930498291634e+00 2.044759844523280190e+00 1.734887785522802428e+00 1.379246242404347678e+00 8.802740143828775565e-01 5.804457129475653065e-01 5.059705363555152546e-01
9.272465922993464460e+01 1.866058273957243898e+02 6.480237515467513276e+01 2.159090115063881967e+02 1.634914129416066828e+02 1.836355277064720042e+02 1.512883773683097104e+02 7.816855554066334832e+01 7.849887765065739131e+01 7.152816866679071950e+01 4.708968732887619524e+01 3.917519930371200587e+01 2.459407933613980290e+01 1.646726163675886667e+01 1.089561414643394954e+01 5.264703602579726471e+00 4.067579762590608716e+00 3.137045740215282041e+00 1.907599859015073118e+00 1.584406705843392382e+00 1.303966223757256460e+00 9.110331439457011182e-01 5.979808117009267621e-01 4.364957523426648001e-01
6.065586304172093435e+01 1.632680548520675075e+02 6.555620381777285388e+01 2.251005548630064652e+02 1.633358357091348125e+02 1.839192259422452196e+02 1.544486984041093933e+02 7.935420185990464859e+01 7.826786601725979153e+01 7.218902750823271219e+01 4.815832182265067019e+01 3.962933822206257872e+01 2.459142839403359915e+01 1.749017517112935494e+01 1.076892857535803216e+01 5.066211082076377714e+00 4.034830027319689982e+00 3.105533278458863400e+00 2.010351383978257189e+00 1.643109802938172104e+00 1.324523725337139801e+00 9.236237536293618877e-01 6.074611480844812617e-01 4.564656264619398884e-01
7.637164763520773647e+01 1.481332681624834890e+02 5.319971764095746636e+01 2.375472859510116450e+02 1.650191479246237236e+02 1.869040819037224139e+02 1.537995818063327249e+02 8.093890965023362583e+01 7.655796322619768546e+01 7.158724081436714926e+01 4.834947950831620034e+01 3.922387847496769098e+01 2.528115307457373362e+01 1.723565394338349321e+01 1.094179103097623695e+01 5.357028168920675348e+00 4.045659994944372784e+00 3.171438850181818925e+00 2.114199342392924397e+00 1.666043967200048215e+00 1.369477716641565035e+00 9.458015389642474569e-01 5.934905640537451177e-01 4.877896566033491643e-01
7.690640428767655123e+01 1.564316612448767501e+02 5.857318974395941780e+01 2.374484374151473105e+02 1.596772501174754950e+02 1.826159430081608264e+02 1.557571766240735087e+02 7.926126780477260070e+01 7.755621582005565529e+01 7.045812088469243406e+01 4.817492429294227207e+01 4.068552763099455660e+01 2.519081423288022137e+01 1.694148849777478816e+01 1.099966360695329115e+01 5.255407408043634376e+00 3.945055436308153585e+00 3.151312088236155162e+00 2.041763551965359191e+00 1.658171187615044673e+00 1.354831787052935388e+00 9.798695889207953424e-01 6.450944879021792699e-01 4.916024463625170982e-01
8.469684113412738213e+01 1.716472191049154219e+02 8.805311608692329628e+01 2.301544472767875789e+02 1.534069239939547060e+02 1.848391421441606042e+02 1.528405189226668028e+02 7.902196097546429598e+01 7.946195520147193747e+01 7.206134095112078342e+01 4.792455791615570604e+01 3.901399261648909089e+01 2.451577925553456083e+01 1.697106615716833389e+01 1.091708583013559064e+01 5.222868149531334048e+00 4.090007354370754022e+00 3.203549184429598906e+00 2.068331116596739072e+00 1.657865697686746076e+00 1.345316172077385852e+00 9.196276433632118996e-01 6.178109836495896401e-01 4.790519676062303112e-01
7.223605830641629666e+01 1.796585112519167922e+02 5.919650938268153340e+01 2.249760778969664443e+02 1.619975005614444399e+02 1.841618175641547168e+02 1.516986380592636579e+02 8.141621810724734587e+01 7.687144377454880839e+01 7.083797971937505622e+01 4.883886988270003826e+01 3.950451273854960732e+01 2.533867240479484195e+01 1.682064525613463957e+01 1.103784911231984189e+01 5.014705979595385443e+00 4.054556217730204359e+00 3.254380145191787754e+00 2.016392035998274768e+00 1.660451124109604271e+00 1.356824189474225228e+00 9.269549946848281152e-01 5.774269211270379731e-01 4.548089399715883330e-01
6.144642079097265253e+01 1.769308767488500962e+02 5.461702404437190950e+01 2.281287256538028601e+02 1.605917190316841641e+02 1.788211504217752861e+02 1.523606063639892909e+02 7.976533179645423388e+01 7.607319046762266623e+01 7.155037237196704325e+01 4.760188079893109148e+01 3.947184476059783265e+01 2.505688523596635875e+01 1.673570929768095894e+01 1.084702774989068530e+01 5.285795271425292263e+00 4.089540504685271749e+00 3.087801404465191801e+00 1.968874750358315495e+00 1.657353847033212091e+00 1.322200645048176471e+00 9.270227282169722915e-01 5.902566370693514974e-01 4.618592079609235568e-01
7.280261106997072318e+01 1.719179470089339929e+02 5.864572365819773836e+01 2.330608167478851840e+02 1.636420593243435633e+02 1.752091269988523550e+02 1.517549257805792138e+02 7.908537307125824611e+01 7.638143117628229106e+01 7.084876508703734999e+01 4.826053054452653157e+01 3.991247112447413770e+01 2.493716989073170254e+01 1.696226341794283954e+01 1.079215497900802134e+01 5.223924819474683900e+00 4.102898834036312614e+00 3.115178403041662047e+00 2.044168336042151868e+00 1.669093599967722774e+00 1.358889868061183170e+00 9.357549732621384120e-01 6.157250663770440502e-01 4.832973284819122584e-01
6.781759944879269142e+01 1.793023020570703068e+02 5.527375996229557131e+01 2.219270480422700587e+02 1.582167644400039705e+02 1.768248947112156770e+02 1.504214649709647347e+02 8.390613443024233220e+01 7.552798771681433720e+01 7.012657071729674385e+01 4.820237409627404190e+01 3.919496418304331087e+01 2.507980016795622191e+01 1.694937354968121213e+01 1.131257864709268190e+01 5.119395691038684859e+00 3.877560829368442263e+00 3.254167415536629804e+00 1.967102838331595382e+00 1.646656400781302709e+00 1.294049442941560324e+00 8.623512907894397284e-01 6.010151532350623826e-01 4.225248617943457852e-01
8.413307287764610010e+01 1.724254026162618345e+02 5.832561123415070625e+01 2.236455505076881707e+02 1.640240034214382945e+02 1.832645217298844216e+02 1.544013523383393078e+02 8.175264577723402226e+01 7.754949808110069398e+01 7.170547929725110237e+01 4.798962282709775451e+01 3.906917959325926404e+01 2.468410990220180068e+01 1.682353938547756655e+01 1.072487267153640822e+01 5.199481086845010758e+00 4.076324400406922344e+00 3.117950797629750692e+00 2.100057155348363569e+00 1.677029595189430289e+00 1.294247052133894904e+00 9.342607328932164279e-01 6.248963017722336533e-01 4.639714717613008799e-01
9.612152826087799440e+01 1.569644289901064838e+02 6.195318460755996881e+01 2.188045561625601181e+02 1.596420904526824245e+02 1.838012491599394309e+02 1.509988401022679341e+02 7.916440477414811028e+01 7.681484308309984499e+01 7.161258541023296686e+01 4.814822504238710366e+01 3.992305743680623209e+01 2.518431853030914880e+01 1.678233746654789726e+01 1.114908732473280040e+01 5.112271595870360841e+00 4.102334771744413189e+00 3.115117008947414057e+00 1.962050773912266344e+00 1.686523683948336627e+00 1.345623172776995613e+00 8.998354663480876425e-01 6.152713451972093850e-01 4.660032024846854637e-01
1.019447549752001976e+02 1.708359883063228040e+02 7.091290247957736881e+01 2.241631473846509550e+02 1.631991488356409548e+02 1.838707422586529390e+02 1.516002955273217481e+02 8.134423135676895811e+01 7.796480306469085519e+01 7.169185324868695375e+01 4.801809456338978777e+01 3.999622979914807530e+01 2.499811310892622274e+01 1.657591856456200219e+01 1.077568005109938554e+01 5.299698711220371727e+00 4.130442130799426792e+00 3.164420762588912694e+00 2.068034874358002373e+00 1.681701110741788963e+00 1.328394885391391389e+00 9.171199295744267843e-01 6.325799929679445377e-01 4.956574917187739904e-01
7.304047670536249370e+01 1.827747166432412769e+02 6.609852048635174526e+01 2.237151626180532560e+02 1.599570576341721733e+02 1.779609581418624202e+02 1.525758279493780378e+02 7.943559900122173190e+01 7.716058575445413226e+01 7.162615205978401889e+01 4.811690850092087857e+01 3.969224992383713868e+01 2.513381788445945730e+01 1.679577275197116037e+01 1.073380808906379258e+01 5.066971827053482258e+00 4.227813084717840120e+00 3.207759303785618243e+00 2.027145491287357437e+00 1.597311409236019886e+00 1.344456652832915822e+00 9.399167732788095142e-01 5.859102191730867215e-01 4.763264194955905140e-01
6.414396584513528410e+01 1.707638879990932423e+02 6.047297673074911728e+01 2.271073593245217808e+02 1.530516277046874620e+02 1.830506394170923841e+02 1.542475850633806260e+02 7.852387009663365802e+01 7.936804586162877229e+01 7.234135905840594205e+01 4.834425866555777418e+01 3.917709224006413393e+01 2.465534320085099296e+01 1.653870668155389012e+01 1.063867930218821023e+01 5.472380966979214278e+00 4.130123536517264604e+00 3.050764805588239703e+00 2.046240125542761135e+00 1.667248242992769747e+00 1.326881391571865354e+00 9.127876272937823776e-01 5.852640048259073469e-01 4.715660966802516230e-01
8.822634217297547821e+01 1.832551037961963516e+02 6.294864942308834088e+01 2.221630512107138884e+02 1.607719525860127305e+02 1.780666675261344665e+02 1.537772348609155699e+02 8.021288244785225174e+01 7.620422535995405156e+01 7.211473843260229444e+01 4.739798310542158077e+01 3.897232101231324464e+01 2.506231438297533742e+01 1.686371021607726561e+01 1.095024637246180710e+01 5.184908313836922744e+00 4.170332000505497128e+00 3.238861019430527399e+00 2.027374335400555339e+00 1.658088070269954750e+00 1.346193953562186518e+00 9.107185280518614867e-01 6.104098053637607713e-01 4.569923136306680567e-01
6.800981536689465656e+01 1.669766743381164531e+02 6.668593324357830454e+01 2.319954631016854307e+02 1.583517587758126695e+02 1.767786826231832720e+02 1.561343264334486491e+02 7.909399391198684270e+01 7.724738589072212847e+01 7.017334306817735978e+01 4.781011942272203186e+01 3.920733148878036189e+01 2.481922673648616495e+01 1.717270453052022461e+01 1.076909526550504737e+01 5.454862376992933193e+00 3.845369398847600539e+00 3.175789451161644017e+00 2.029140678127014041e+00 1.647533170689604365e+00 1.325687463442998038e+00 9.228812426519218404e-01 6.080554398087244516e-01 4.774008750262055401e-01
7.543714643932008812e+01 1.652029258677150096e+02 6.714351024913017341e+01 2.301964988624415867e+02 1.610666668235963357e+02 1.841861148740095189e+02 1.522331361252951751e+02 7.944146184762895757e+01 7.559074350179398039e+01 7.128048253268494250e+01 4.794996436432381159e+01 3.908668580516662416e+01 2.524159895119162300e+01 1.665917695590752601e+01 1.099166717336499843e+01 5.261212396315813500e+00 4.214131340617414345e+00 3.281715035402549052e+00 2.046335794206817660e+00 1.655805588959455843e+00 1.335950041711515990e+00 9.360884125318744697e-01 6.159342028972428773e-01 4.780719266570512271e-01
7.828459051696772519e+01 1.728195934860015086e+02 6.404743454145501858e+01 2.290562253821467493e+02 1.603626883189948558e+02 1.781991519313280889e+02 1.527321703573686023e+02 8.033175125774167213e+01 7.545546089691114844e+01 7.149803187902200818e+01 4.817254698089976017e+01 3.948321220589614455e+01 2.490308621127686450e+01 1.690879911207656505e+01 1.104219484276930530e+01 5.252411989745264798e+00 4.108127721687566236e+00 3.280618899678821254e+00 2.046117814045457006e+00 1.660378468698322951e+00 1.330695688343859429e+00 9.633412863932799830e-01 6.258120497119518122e-01 4.730994699980405338e-01
7.115574530048682789e+01 1.701760654862636102e+02 5.200819162934554640e+01 2.299371089371294943e+02 1.597778305322349865e+02 1.836838317563050964e+02 1.523320298052790065e+02 7.983818131574156496e+01 7.615132364682371247e+01 7.198817013190222269e+01 4.751526685591940691e+01 3.941723695513422854e+01 2.478523213265558667e+01 1.676129307154697301e+01 1.097682227074559336e+01 5.195398404618281951e+00 4.172174112867081952e+00 3.246710064820134356e+00 2.043005014139905207e+00 1.769353401462629982e+00 1.381303653861911673e+00 9.589581063215316670e-01 6.559987193354490653e-01 5.011052241022123654e-01
7.219068262428044136e+01 1.706045622571448632e+02 5.775414139982188999e+01 2.405952215588494596e+02 1.624394867641110807e+02 1.818413837434283664e+02 1.532622632797644542e+02 8.202421324893403209e+01 7.795515952973984497e+01 7.209052297661719422e+01 4.724544539522877074e+01 3.918190379386582123e+01 2.510991508384641335e+01 1.700549927724244270e+01 1.089050548763335335e+01 5.223806052436065883e+00 4.062796161606242684e+00 3.081038670848132099e+00 2.049716808984887173e+00 1.642749934594762928e+00 1.287946163764452034e+00 8.973256990588005522e-01 6.281339881624087296e-01 4.485834910477376480e-01
7.937009973846561195e+01 1.969241831778267340e+02 5.419115956933838874e+01 2.208534421624845550e+02 1.586618567196839535e+02 1.791948283877609924e+02 1.532398477280187876e+02 8.249482307222559996e+01 7.759698343807345111e+01 7.036475655497589798e+01 4.672971041484454702e+01 3.994651912057269527e+01 2.510582002891337083e+01 1.702201042225719974e+01 1.070638562327974519e+01 5.374544454468558108e+00 4.129601062681682144e+00 3.134554912727586018e+00 1.998893929952371362e+00 1.664580252224356682e+00 1.300640388513589984e+00 9.228919752892082995e-01 6.406276025936983309e-01 4.996306200715600054e-01
6.504242165150664334e+01 1.820082222085416674e+02 6.528990748248027387e+01 2.192544385661470869e+02 1.628758163644060062e+02 1.736407054320124814e+02 1.524246953875113206e+02 8.154691101306829637e+01 7.740537343499877920e+01 7.248401167534775880e+01 4.776948127117520215e+01 3.956592567269368743e+01 2.501581724554054276e+01 1.659081164821240506e+01 1.077160088826939344e+01 5.114928004776442272e+00 4.069074739762901238e+00 3.244355681773551936e+00 2.019915718928648296e+00 1.721755510570003977e+00 1.266854508925023159e+00 9.056624623140321351e-01 5.999921150220099975e-01 4.584300273554082761e-01
7.191421062814580978e+01 1.764575059603645855e+02 7.303396456652997415e+01 2.237029186885669390e+02 1.715080300146712773e+02 1.781921989953727348e+02 1.519934860101523100e+02 8.032753535682213908e+01 7.592333501136535290e+01 7.297420969843683736e+01 4.766956421634395724e+01 3.843959368398959242e+01 2.459947488138896077e+01 1.683476472984295214e+01 1.097711953882767943e+01 5.291349615810411855e+00 3.883882130653830700e+00 3.009384680892104313e+00 2.028980401283324575e+00 1.591778538084714034e+00 1.278552113611035823e+00 9.113354784087219773e-01 6.223145921728381325e-01 4.776090995692303109e-01
7.967696788801079322e+01 1.684345272960439672e+02 6.865126232404711004e+01 2.360245566481829940e+02 1.603658368916848360e+02 1.816219453408490097e+02 1.516509706382155400e+02 8.177368395644579380e+01 7.554288127396972641e+01 7.189696419912701231e+01 4.829136064667260797e+01 3.943772724529444673e+01 2.515146797271465218e+01 1.724587236733884410e+01 1.104955155100024911e+01 5.284717980945073279e+00 4.083623884879914456e+00 3.256920299549354247e+00 2.051730058952893287e+00 1.688055311105496115e+00 1.331143787607117712e+00 9.205479296016347845e-01 6.155968030683723891e-01 4.815774012372732171e-01
6.588617794218968982e+01 1.677142274063422178e+02 6.642396146661113221e+01 2.306023020348650334e+02 1.638732251610641129e+02 1.785692707344432790e+02 1.545437396080297674e+02 8.220454080644674377e+01 7.718797515294546940e+01 7.134898138321786121e+01 4.782553854984202246e+01 3.958564872882831054e+01 2.524207109104017377e+01 1.696590866414317489e+01 1.079851357126069900e+01 5.171304665925206656e+00 4.090336795277027981e+00 3.140499338910667237e+00 2.028603101957509480e+00 1.692373304350954122e+00 1.347259712248393138e+00 8.958281820921506489e-01 6.209049852508108369e-01 4.681329425395052701e-01
7.827848491295573297e+01 1.730089847159430860e+02 6.581571272181359689e+01 2.270421974584662053e+02 1.670343484855879979e+02 1.788371339180576456e+02 1.521281808755859970e+02 7.890207727627760903e+01 7.781433132111689588e+01 7.241553893310097578e+01 4.786247115380572126e+01 3.934190650954183610e+01 2.487363717835513910e+01 1.697175593067137456e+01 1.098998151599853834e+01 5.359654917802927798e+00 4.028616985474690715e+00 3.137784901848838182e+00 2.032253931164855310e+00 1.690536613199969285e+00 1.339299281767998506e+00 9.306798724320939353e-01 6.055606358904713771e-01 4.523667329461613096e-01
7.328856679753182846e+01 1.696720689153377748e+02 5.015523790157436679e+01 2.238938690874890938e+02 1.596460480300684424e+02 1.776799412113002177e+02 1.521756397926588420e+02 7.926580304718855530e+01 7.751792909096369044e+01 7.145746778076195938e+01 4.776695191534047780e+01 3.936145322213820918e+01 2.482287019525247729e+01 1.673630954322876008e+01 1.087794293488619601e+01 5.308104287525239329e+00 4.037113724510208890e+00 3.218478597467784752e+00 1.964413731644167660e+00 1.701473194223519503e+00 1.333152632528247006e+00 9.310031389466995044e-01 6.229967992794792631e-01 5.025625607350127089e-01
9.054140859018555432e+01 1.725454616204236515e+02 4.199868416639889546e+01 2.323625012974528374e+02 1.623543774955586514e+02 1.816395103873925052e+02 1.516109419559494711e+02 8.184774007210246793e+01 7.606781173705542187e+01 7.175810009517562094e+01 4.754952054240663273e+01 3.941895600071763539e+01 2.472240857176629092e+01 1.680356846182142405e+01 1.086394571629291228e+01 5.040660546259015717e+00 4.054445926563992053e+00 3.011700709985777547e+00 1.968093589048305336e+00 1.527940904809511169e+00 1.233571482175321421e+00 8.769473297572635273e-01 5.662504888752221133e-01 4.341935596633348382e-01
8.454650749361758244e+01 1.622503398905063534e+02 7.529878144119386718e+01 2.193520024962889750e+02 1.661981809165262121e+02 1.761302696917444166e+02 1.488347696846911674e+02 8.299765455311379014e+01 7.751894485574760552e+01 7.154305981267313541e+01 4.632687924354625153e+01 3.966357971211279931e+01 2.496277384586324288e+01 1.694583767403144847e+01 1.081079140366894187e+01 5.157443318159076640e+00 4.141867857005808062e+00 3.059485113783956489e+00 1.947992923988599134e+00 1.608786175018373843e+00 1.276448171982348168e+00 8.971473803599341323e-01 6.185281165918397051e-01 4.772182157557111060e-01
7.453929111653050654e+01 1.767030658747728467e+02 6.963890074539654051e+01 2.306978165963565743e+02 1.612268863521621256e+02 1.782333379228558670e+02 1.539784572684989712e+02 8.006237889644803829e+01 7.730918964244824565e+01 7.134334792656640900e+01 4.801191626566086512e+01 3.978310289306209313e+01 2.496952252128922112e+01 1.702794480667744281e+01 1.113756526058123519e+01 5.144427485608494166e+00 4.072473714345199447e+00 3.177953078297432565e+00 2.037033503462263528e+00 1.671174950781700863e+00 1.318067255951842931e+00 9.287883311988597290e-01 6.162350139107852787e-01 4.912391782007961560e-01
7.750372889429927170e+01 1.651848438190159243e+02 6.043469733519425091e+01 2.291447708540741814e+02 1.544580712512125160e+02 1.804765502239692125e+02 1.502341881558227499e+02 8.155140207520001638e+01 7.838911320247548531e+01 7.164865745391927021e+01 4.804794636811796238e+01 3.885897044467066763e+01 2.472488390816057446e+01 1.665181170592769178e+01 1.086345527999167970e+01 5.276449820753967401e+00 4.049684394526740228e+00 3.102103606632299559e+00 2.005817956544399649e+00 1.672356975236626520e+00 1.301030241661830900e+00 9.315620185560857802e-01 6.484787898644650550e-01 4.751334770552985143e-01
4.933286336406164452e+01 1.674973326796792037e+02 6.452493739720480903e+01 2.206907003501973463e+02 1.575072345481402749e+02 1.834950710408261330e+02 1.521285406256099293e+02 8.346029329618667703e+01 7.767249795650458566e+01 7.218760333434303789e+01 4.793817833075384272e+01 3.941421078650537879e+01 2.433776492451662321e+01 1.727753229925348677e+01 1.097775723224024524e+01 5.374650352112906759e+00 4.146105777620769928e+00 3.200653023867910729e+00 1.971395730481793063e+00 1.679208996450414215e+00 1.344243363741441044e+00 9.396875159514044284e-01 6.450171326159033214e-01 4.891078785390946537e-01
7.963721938385364751e+01 1.761187253889838473e+02 5.261143056924350958e+01 2.271931173671949580e+02 1.599275708693942306e+02 1.793068455254960156e+02 1.521109291852775982e+02 7.984486539171047070e+01 7.649713240786934421e+01 7.139881242697968844e+01 4.917166057358415543e+01 4.035796063788495758e+01 2.525636638979038651e+01 1.711643579915367752e+01 1.082776283816312635e+01 5.305440456195966270e+00 3.979178743067723012e+00 3.248326286392654083e+00 2.062125245839182330e+00 1.676359448747770875e+00 1.309748376961791694e+00 8.911495644016609319e-01 5.888091842399155729e-01 4.414053176801820966e-01
6.319113390346165460e+01 1.678394376290662251e+02 5.877802105674550859e+01 2.289662584713138926e+02 1.604693215778573290e+02 1.795329114397940771e+02 1.541855061243919920e+02 8.119200028233154853e+01 7.731604810792424587e+01 7.064766336109185829e+01 4.815593006332524340e+01 3.857711565581964663e+01 2.523901700532374903e+01 1.681284075541813650e+01 1.091060138261707912e+01 5.273887726244849361e+00 4.154818392981288078e+00 3.090254854109500293e+00 2.009380447819016258e+00 1.683216792206047030e+00 1.293252125581921153e+00 9.125897573516770223e-01 6.072182898469326018e-01 4.754011454529999403e-01
6.353433429901811280e+01 1.697494119163217761e+02 6.039207915948631467e+01 2.372600700070453570e+02 1.642620908280135552e+02 1.821154879705497933e+02 1.530730144139374147e+02 8.082738875476225360e+01 7.666416667400724805e+01 7.188074395752482815e+01 4.818623794001181437e+01 4.000914004988043615e+01 2.532218816586367538e+01 1.694721851038901761e+01 1.082562910216453034e+01 5.315793576797820386e+00 3.996797670747339826e+00 3.209036594723060354e+00 2.017887549784423307e+00 1.667539591211252503e+00 1.353012004782489619e+00 9.412596461957623006e-01 6.439951995930645046e-01 4.937282512129717582e-01
9.326295280040238822e+01 1.782392085839937295e+02 5.573770360586690487e+01 2.242975814970197632e+02 1.662541501852499550e+02 1.817479227875305128e+02 1.540370457590483966e+02 8.127385149170406464e+01 7.699539656917050934e+01 7.101946829982506415e+01 4.770882367108657007e+01 3.952462708775971834e+01 2.483210220547310954e+01 1.696234310171381665e+01 1.087390804273089451e+01 5.231574810192917369e+00 4.083716961538848444e+00 3.150541051751126531e+00 1.999917248094452038e+00 1.668000461590098293e+00 1.326887339684157174e+00 9.221747031747112855e-01 6.099893547331409760e-01 4.533292710519825075e-01
7.658831491176385953e+01 1.723739412358103209e+02 5.948972686024721668e+01 2.283181991002992390e+02 1.634894879745881155e+02 1.796470608459758864e+02 1.541560725638321969e+02 8.213410847029595629e+01 7.821265465386839821e+01 7.243291732854251563e+01 4.832656561901691106e+01 3.998606930300061890e+01 2.521751067020382919e+01 1.706894288331541176e+01 1.099832629836639164e+01 5.301591052653522596e+00 4.114283631362382287e+00 3.208110166809183816e+00 2.044572554945505605e+00 1.673475724937889764e+00 1.328452749744801764e+00 9.123926611818429233e-01 6.125755916097723741e-01 4.600875853475889787e-01
7.550463101192130466e+01 1.686416985417357921e+02 5.970863883759145807e+01 2.338236089785625609e+02 1.655151446655079042e+02 1.786847025021977231e+02 1.534860446627957629e+02 8.157768748154057903e+01 7.915077155137667830e+01 7.267799754513174548e+01 4.838672676572755194e+01 3.967155301076660123e+01 2.534065337633717263e+01 1.703871307557931303e+01 1.105271979814348882e+01 5.381107903416081584e+00 4.168858510021809849e+00 3.248225622698003523e+00 2.016173048496220144e+00 1.642920571247115546e+00 1.314689645096781545e+00 9.008130584288536191e-01 5.971277326480894931e-01 4.493666709864682085e-01
7.021044661099146822e+01 1.599968368678566435e+02 5.773255871182620069e+01 2.417609773749156830e+02 1.601320029834033960e+02 1.762323666333931556e+02 1.521157409987195308e+02 7.772232679252918786e+01 7.609142054443387337e+01 7.230053353716846232e+01 4.764804198792638346e+01 3.923949600119326675e+01 2.481394247980470169e+01 1.690277858971537484e+01 1.101466944380225499e+01 5.174392217759988810e+00 4.155668831166369870e+00 3.203793702497395479e+00 2.040014542038893097e+00 1.721170688079555200e+00 1.339691276469187731e+00 9.113030566777732266e-01 6.236949537079815586e-01 4.538789464905660376e-01
7.124368040397303048e+01 1.666655103661092880e+02 6.212883080525070056e+01 2.332415037553000445e+02 1.670535954972814068e+02 1.797024263107100239e+02 1.548856504335209365e+02 8.099173324743455282e+01 7.731361876615156348e+01 7.215622804432140924e+01 4.845537430026178782e+01 4.017951180468143235e+01 2.498826741895836889e+01 1.731753745415278800e+01 1.088005637953962434e+01 5.277624316607088417e+00 4.150066868880544213e+00 3.187319654889790854e+00 1.987581391357634120e+00 1.668423466872377192e+00 1.329070477190901878e+00 9.417907649426203731e-01 6.126840647216892366e-01 4.720729833821329935e-01
7.324079206772661621e+01 1.698527439523643920e+02 5.806079788771563699e+01 2.226526643968322787e+02 1.624538804790837503e+02 1.803954745553867269e+02 1.544174337765145140e+02 8.040069494406644424e+01 7.794799311361795446e+01 7.216698394068183120e+01 4.850175735037645097e+01 3.946711097481725972e+01 2.508226188127214940e+01 1.687943131372438188e+01 1.109844988665279431e+01 5.325786647329223022e+00 4.149408454556844816e+00 3.232124249366159940e+00 2.032132212894228740e+00 1.678524529001596211e+00 1.327198367851913696e+00 9.307047958030075785e-01 6.316404454006017133e-01 5.051983774174604314e-01
7.794911083846611177e+01 1.741710782537545583e+02 6.744692933922370059e+01 2.299195044530760015e+02 1.633247799868175889e+02 1.830714622937443607e+02 1.553866707730684595e+02 8.205063732653059105e+01 7.758955228628751399e+01 7.293277063145669104e+01 4.902882947344149045e+01 3.991344050039658242e+01 2.525140484490899340e+01 1.691764134547900511e+01 1.100075656148380077e+01 5.436250705500865088e+00 4.118284517465231609e+00 3.224325292730624515e+00 2.058172680746023442e+00 1.672037950688705532e+00 1.321045418117109183e+00 9.022435298397507575e-01 6.019867613472367207e-01 4.635032283964101163e-01
7.684374328804528886e+01 1.624452953706195046e+02 6.198777619156886942e+01 2.184823409229625781e+02 1.635867003914963789e+02 1.774724085137690111e+02 1.531804627298529340e+02 8.063446911621917934e+01 7.702147426242464689e+01 7.226006972033394504e+01 4.776565559030579067e+01 3.980779896338219004e+01 2.506321676071933524e+01 1.687604769503847990e+01 1.083482881824222410e+01 5.102857113490487428e+00 4.119445982151186847e+00 3.245282603024551626e+00 2.038430005374253007e+00 1.652826291164765316e+00 1.318237128273742842e+00 9.091742321882889666e-01 6.284616729189272943e-01 4.904099731725715672e-01
8.409651486719289437e+01 1.391256468807145552e+02 7.228229226202151381e+01 2.322381764360634691e+02 1.568505843595804663e+02 1.796082900961709470e+02 1.516647953994266800e+02 7.946709017638832506e+01 7.521075375524995366e+01 7.210406077927184754e+01 4.768014368233578182e+01 3.947796188032078391e+01 2.459422208933230536e+01 1.670589286808954910e+01 1.095150259887134681e+01 5.039348197814430108e+00 4.217857402573772063e+00 3.125390822092526388e+00 2.008241704846516651e+00 1.682453808716429133e+00 1.307195944676694976e+00 8.909829425869859598e-01 5.795700347998522517e-01 4.443504481326391309e-01
7.093218619729374552e+01 1.668327050076773901e+02 6.391326585533160198e+01 2.224291637223902853e+02 1.650984217011791770e+02 1.777621665808407272e+02 1.506201281248717976e+02 8.132053665663418940e+01 7.744443174375874150e+01 7.163659878241388412e+01 4.793409189617743493e+01 3.993380001844223415e+01 2.468817469517030361e+01 1.684485358511658148e+01 1.099063165141344989e+01 5.208354523854225704e+00 4.130998727444797680e+00 3.186247115402312868e+00 2.008353358749289441e+00 1.705540330433180873e+00 1.311786630436151180e+00 8.885844214405507202e-01 5.937227529468787068e-01 4.446345662387498621e-01
7.586726421795228248e+01 1.728547214436943023e+02 4.923486551247732734e+01 2.188654139341984433e+02 1.547989533959227799e+02 1.840912920133893351e+02 1.504004958353954464e+02 8.026124879998020845e+01 7.824914437230015096e+01 7.193607581511838589e+01 4.769889888376962261e+01 3.907104533397525614e+01 2.494301309667019595e+01 1.656366942290426891e+01 1.074375825233557080e+01 5.164517811443205986e+00 4.060688812645577350e+00 3.137475126554201577e+00 1.966703479297291279e+00 1.623003367620972748e+00 1.316975805932656174e+00 9.053876765784036884e-01 6.140583054271657737e-01 4.819392290002945667e-01
7.573245381498054485e+01 1.699450110207249054e+02 6.232236537577907143e+01 2.295960724307292367e+02 1.658301663583555126e+02 1.836358866091183302e+02 1.525457102454811036e+02 8.106448651565460750e+01 7.762854769766437357e+01 7.193321472803668826e+01 4.850051786738033854e+01 3.969074547879582582e+01 2.505636659838857483e+01 1.687380169295471433e+01 1.102181854351607093e+01 5.260734533750958342e+00 4.213418430002600523e+00 3.145536831180160586e+00 2.042040774518590229e+00 1.675885062528797986e+00 1.348344791698945055e+00 9.079042062759261622e-01 6.096638491070389687e-01 4.700041242814666509e-01
8.766191295422413532e+01 1.710576395523225699e+02 7.363887753807358649e+01 2.199802850283394093e+02 1.563158662792309883e+02 1.733326258884721369e+02 1.543222212831074671e+02 7.403923259182226957e+01 7.507458510633507842e+01 7.237868695428380761e+01 4.693229535455771639e+01 3.984140872329697203e+01 2.451535039336977206e+01 1.683084271078055139e+01 1.059433289410792156e+01 5.173441913055101260e+00 4.003762023856781482e+00 3.183649727084563175e+00 2.044743725704639914e+00 1.674849332018905290e+00 1.351851998093456686e+00 9.462087270611830858e-01 6.290585947296077896e-01 4.831312859626510914e-01
6.090874090981025546e+01 1.439221556298524263e+02 7.138925401910698554e+01 2.204254738852145294e+02 1.501014216287965155e+02 1.791826289633408464e+02 1.504933027477288761e+02 8.309048729928355215e+01 7.791508296509289266e+01 6.962543817073539287e+01 4.647855998351130324e+01 3.866318327288037437e+01 2.487866186803055868e+01 1.714080712123881867e+01 1.055679647164117974e+01 4.907704638862477431e+00 3.960387702465712589e+00 3.093196961014921698e+00 2.086764684763869671e+00 1.616652858812141824e+00 1.364512345359912171e+00 9.264234625527375533e-01 5.914330822986779701e-01 4.720656108608636270e-01
7.395085560860837859e+01 1.780865092669467344e+02 6.084290444511460549e+01 2.239533814196613264e+02 1.591322855376237726e+02 1.768619143299319774e+02 1.555077145565632293e+02 7.897995677971373141e+01 7.752231992996186705e+01 7.216734605513829592e+01 4.845562533254597781e+01 3.958715624723436832e+01 2.468825781938404162e+01 1.702476783621788670e+01 1.090345193474699670e+01 5.317011851344021878e+00 4.066811365026751446e+00 3.218670225338498003e+00 2.014583152115643649e+00 1.663434927386103102e+00 1.339009983950482763e+00 9.201430974210111913e-01 6.109435311813685709e-01 4.696207024734410096e-01
6.466445775501811966e+01 1.640053624294245935e+02 6.918125494893151028e+01 2.177509203171869387e+02 1.634152628009922523e+02 1.824290174769241162e+02 1.533850790970448941e+02 8.217605120378425454e+01 7.627215820550280512e+01 7.073106674397608629e+01 4.775784589068446451e+01 3.929580517035360288e+01 2.486153565535204280e+01 1.677355116088081388e+01 1.082080284422101357e+01 5.277784249602912148e+00 4.024085823185725275e+00 3.250480018455882192e+00 1.987206557178541111e+00 1.644485533280327427e+00 1.315581566152798976e+00 9.213353192042460504e-01 5.943058452617541176e-01 4.566962347835787916e-01
7.374260070802026235e+01 1.612646416441246515e+02 5.845755321687490635e+01 2.311469179005615047e+02 1.600856057277659090e+02 1.823285537767108053e+02 1.543267578594544602e+02 8.181976586534887019e+01 7.654431440806075670e+01 7.194397216216670188e+01 4.771210319066451433e+01 3.973585604665107240e+01 2.481744947663276690e+01 1.705992422162609756e+01 1.081689275072160328e+01 5.234605328652222944e+00 4.033327432772987109e+00 3.142900473026736030e+00 1.987320469209976848e+00 1.659594829596549470e+00 1.312755516044889603e+00 9.126786181860518932e-01 6.213953688378375251e-01 4.768376058280529017e-01
