4.997122822491122207e+01 1.678255504934706721e+02 1.012939972758818783e+02 2.136888222536562409e+02 1.100164595607959228e+02 1.527430576071149630e+02 1.242746758173527724e+02 9.095146135452458225e+01 5.795333961619731156e+01 5.850568590299577210e+01 4.359149567481488674e+01 3.312028782334314059e+01 2.240424188208786660e+01 1.445861236532035399e+01 1.050658555299199648e+01 4.319138304649045246e+00 3.604582705587633829e+00 2.695792303676995072e+00 2.107184368542089015e+00 1.167472107407464765e+00 9.959990421678762695e-01 7.073982202760484839e-01 4.849630851881010507e-01 2.398885098413234274e-01
3.767130291923975705e+01 1.734731044903439852e+02 1.105838644175089627e+02 2.262487187020884960e+02 1.057931651094514223e+02 1.576446514971230499e+02 1.245969928175550478e+02 8.830405258311846239e+01 6.221824495331797777e+01 5.877771194095650031e+01 4.416346434673362609e+01 3.359732014933651811e+01 2.255211664576280484e+01 1.449982952265232150e+01 1.044480142023066982e+01 4.403662270951707036e+00 3.593040246853295372e+00 2.742306395262096519e+00 1.985361631254171089e+00 1.184028294983181739e+00 9.852402087949514442e-01 6.795729074228530342e-01 4.940993272020478000e-01 2.551616089425652878e-01
4.735869219762614080e+01 1.732987253251267248e+02 1.069618592111304736e+02 2.137600425129561472e+02 1.100688400108607397e+02 1.534247697153246293e+02 1.262536675744779302e+02 8.878737529348894952e+01 5.836236196805903376e+01 5.930948814159815186e+01 4.469103552953863812e+01 3.340523085747069132e+01 2.275500895653729572e+01 1.457085143439923058e+01 1.063842611763225854e+01 4.446360692254852864e+00 3.638662973422734037e+00 2.683297706653992254e+00 2.001668574726725325e+00 1.203844176131739330e+00 9.875421389195964128e-01 6.875658546763312451e-01 5.056294532167023847e-01 2.556763390006973613e-01
3.364382289407750193e+01 1.685191301050532218e+02 9.083133127613594127e+01 2.198173207164119844e+02 1.139780052073703587e+02 1.548463481631316085e+02 1.258301024033761450e+02 8.671850851688417094e+01 5.756790512599972942e+01 5.966058766161058458e+01 4.349684627937737957e+01 3.320423294739754994e+01 2.244167445944956540e+01 1.440495689661882928e+01 1.034012700804263929e+01 4.362317676474326333e+00 3.518449602839210488e+00 2.631683270305364530e+00 2.010330419100692989e+00 1.208864871897760151e+00 1.028498503294721145e+00 6.995862265075025732e-01 4.807027940876728578e-01 2.403079530926665597e-01
8.804827310574597732e+01 1.826980107312558630e+02 1.068188523570291295e+02 2.258024696936477937e+02 1.093423707998940273e+02 1.595663982404349497e+02 1.244295436345841495e+02 8.841635011197669769e+01 5.921005632996375567e+01 5.953478678484328412e+01 4.347128646888322834e+01 3.440921527143665770e+01 2.256093605969984495e+01 1.463928804706809572e+01 1.066729548826458007e+01 4.434318837449282569e+00 3.629634171111137508e+00 2.661945780734777500e+00 2.080790433645593129e+00 1.202887814454138171e+00 1.050144375787501527e+00 6.994512243277060115e-01 4.991978738552836359e-01 2.664108710592383300e-01
5.512067621876519041e+01 1.701906106305465300e+02 1.107629980336224804e+02 2.100542123902866365e+02 1.075227400137938361e+02 1.524443532133568908e+02 1.237899709590799375e+02 9.127301546738708282e+01 5.793032430424818813e+01 5.730134767163971787e+01 4.401165252254453719e+01 3.350176627228253068e+01 2.249202199625537801e+01 1.462347582582381200e+01 1.029288019505479035e+01 4.236480140327569366e+00 3.525103680527150285e+00 2.796829856503169953e+00 2.003090372994559942e+00 1.172073861514505655e+00 9.943188062740623279e-01 6.834849450392572745e-01 4.581677748988358667e-01 2.119396938073964953e-01
6.011668711627906703e+01 1.593184707327872331e+02 1.112340377910886957e+02 2.068661884548200760e+02 1.109597896637598780e+02 1.551425574949372219e+02 1.248468997383300234e+02 8.649323153396261432e+01 5.693766571282692723e+01 5.867084706086247081e+01 4.398285587773711569e+01 3.369091655820653841e+01 2.232699389984143679e+01 1.421171585680649052e+01 1.036184517118321580e+01 4.339917361785882832e+00 3.609502546786111932e+00 2.757484290284253348e+00 2.038660695265434697e+00 1.214793996698779521e+00 1.035997745433330008e+00 7.307441098759789311e-01 4.808900854555155369e-01 2.409449437033945596e-01
5.727132258059990733e+01 1.807410079720588385e+02 1.130109288411487398e+02 2.182153694916035533e+02 1.172990446190208331e+02 1.579562654947573321e+02 1.262642446514493457e+02 8.933905824789820826e+01 6.039707537977235319e+01 5.892571067678166230e+01 4.276939307733456275e+01 3.411116479128796897e+01 2.235187387401844816e+01 1.469883529111850251e+01 1.064700205180560921e+01 4.327103949037682362e+00 3.512692191436111333e+00 2.747085972083834093e+00 2.031980095048153689e+00 1.177523810675171090e+00 1.042976797027308722e+00 6.884418085560901623e-01 4.651975455988940356e-01 2.343999360738583115e-01
5.640566620727845759e+01 1.690918754425505313e+02 1.084632024272000450e+02 2.133263615769019736e+02 1.026576799248451550e+02 1.550770793451262080e+02 1.223533523371596203e+02 8.989092210807109495e+01 5.914215117310178016e+01 5.930263365167776612e+01 4.411668982901215941e+01 3.324741869207978340e+01 2.264710505798960938e+01 1.400047337414730109e+01 1.026460836016019407e+01 4.393692835196827851e+00 3.548380658453624825e+00 2.858486484978837172e+00 2.061668576871820591e+00 1.205568701041063617e+00 1.041488032766679339e+00 7.008526448986702739e-01 4.907954847537213117e-01 2.406933465808432926e-01
3.301744810605360669e+01 1.792207404099054031e+02 1.020205338713969212e+02 2.099388858118280154e+02 1.089772048105953530e+02 1.578338591511873403e+02 1.243827401067945289e+02 8.927972360419200015e+01 5.878811920082993936e+01 5.864056253889697956e+01 4.352281189279091933e+01 3.360208698986257048e+01 2.279453927852566153e+01 1.453893685750899323e+01 1.046456766468336319e+01 4.188575992864630670e+00 3.553613733000396291e+00 2.735207675526288185e+00 2.020638801350340685e+00 1.215184960534680947e+00 9.962846045277546914e-01 7.021233023238799831e-01 5.104745420703066250e-01 2.604311551503366573e-01
6.063204733914443523e+01 1.796044824963116469e+02 1.084774324621110821e+02 2.108998051110981180e+02 1.067294172086089645e+02 1.552901600107354625e+02 1.264076069121008601e+02 8.781960503381564820e+01 5.870254975163741307e+01 5.905489099006211973e+01 4.369752700593003425e+01 3.382670383199583597e+01 2.261458612532690893e+01 1.472325207402366942e+01 1.053042184286080030e+01 4.368356577982313915e+00 3.542675235936759481e+00 2.820768856818858694e+00 1.959432784499946401e+00 1.179846363716475333e+00 9.949245233648568165e-01 7.212195356231475563e-01 5.250753861442696291e-01 2.623309920677013851e-01
5.545711854143154085e+01 1.770114064984355196e+02 1.108963083175889182e+02 2.040352922455803082e+02 1.078777380062798130e+02 1.612767443021434417e+02 1.252388555186362282e+02 8.806214376649472797e+01 5.826440327200725022e+01 5.941659538846762700e+01 4.446476036425592326e+01 3.472338579482368459e+01 2.288765370819657718e+01 1.452385445927032492e+01 1.057896126067061893e+01 4.579157960832445973e+00 3.629415207296056156e+00 2.618191070667926557e+00 2.011797272944742421e+00 1.218964566400344340e+00 1.023537505570291106e+00 6.934598862518136508e-01 4.821658910561134603e-01 2.394905968208476954e-01
6.024527479038938083e+01 1.650873376346458485e+02 1.052996265222270438e+02 2.163219245364802532e+02 1.108612885331458102e+02 1.555394337749313820e+02 1.238413911063870358e+02 8.931627234536321680e+01 5.957725354965926812e+01 5.926462559948108577e+01 4.362627881682146125e+01 3.378608244419092443e+01 2.270861215502362285e+01 1.459041593681035387e+01 1.048711382426689909e+01 4.399331700317229199e+00 3.541979541172081358e+00 2.715842666273244888e+00 2.040908937525682809e+00 1.189582457225608181e+00 1.005674987834068057e+00 6.794841751584328460e-01 5.094250137008750068e-01 2.492188035242142163e-01
5.108568900285329306e+01 1.541385813846795827e+02 1.001160478137533261e+02 2.104744726304600420e+02 1.101069341011586431e+02 1.625700084168258854e+02 1.236206164518036559e+02 8.920793519265320981e+01 5.710263701592102592e+01 5.916920540188645816e+01 4.411281153128349786e+01 3.392112895414059892e+01 2.249933556328875284e+01 1.442586853557053672e+01 1.054523788524848271e+01 4.259878567692850559e+00 3.532444845295147129e+00 2.710631816904153446e+00 2.024278037815764986e+00 1.172445830592378613e+00 1.013956163677257605e+00 7.122333779650176222e-01 5.140183736984290652e-01 2.461052180387707511e-01
5.512558536934115949e+01 1.850692957332544211e+02 1.013833688815288525e+02 2.148542107880062133e+02 1.090536665291321441e+02 1.572215768096546356e+02 1.260763392813669697e+02 8.757009482911315956e+01 5.848371707597272007e+01 5.876172413093728863e+01 4.384537920354871687e+01 3.385146281770354193e+01 2.221225464086448298e+01 1.455165501261556216e+01 1.052658510086170729e+01 4.525426073600135268e+00 3.616712208806343920e+00 2.694690103345873222e+00 1.993032582573975198e+00 1.177526211515872001e+00 9.668252796935025151e-01 7.204847602936205186e-01 5.280957086016360158e-01 2.478071531015489382e-01
4.578936655040666892e+01 1.782512567355297506e+02 1.040118046791782405e+02 2.108857798629459808e+02 1.166292135613025920e+02 1.550568304511797066e+02 1.270428391579227423e+02 8.750494583811629923e+01 5.925068671877233584e+01 5.911176110097281367e+01 4.337064994932370610e+01 3.401496578294328543e+01 2.309580686668513394e+01 1.423283910702178900e+01 1.073633757331220906e+01 4.414308664348018496e+00 3.635956975241496192e+00 2.663879796966859725e+00 1.935584603169735463e+00 1.168252311655160192e+00 1.024851659560023442e+00 7.180181180677831509e-01 5.511135871543915155e-01 2.452233535634282813e-01
5.196276848692988892e+01 1.676929331849570417e+02 1.140755644853278454e+02 2.068477276487505208e+02 1.158008252962590348e+02 1.564451717807771729e+02 1.255290999776951111e+02 9.129941671938112790e+01 5.820719716675540667e+01 5.890220731259149289e+01 4.372941199027543746e+01 3.307852817412754121e+01 2.280154998935119082e+01 1.465208466925522934e+01 1.054534573672144226e+01 4.562520037615502844e+00 3.611991474166718952e+00 2.656133649019511989e+00 1.959640080905937776e+00 1.174246406936368503e+00 1.035043873293709504e+00 6.616968494635590003e-01 5.069920653606464489e-01 2.331037969031207191e-01
4.928489803958282778e+01 1.920321102056363145e+02 1.029138977221699633e+02 2.138247983127089356e+02 1.081467975852794581e+02 1.553745868234432237e+02 1.260830826144947281e+02 8.899605382485788141e+01 5.894592871710925408e+01 5.950371332072896280e+01 4.375166995247531077e+01 3.376008584665594014e+01 2.277478631357757521e+01 1.473595922443845652e+01 1.042952232169864679e+01 4.198562427609098258e+00 3.404393447882502866e+00 2.682350871551895999e+00 1.956818712599614818e+00 1.199950875633945424e+00 1.035657415496325173e+00 6.882737990748024615e-01 5.183850102463748444e-01 2.510764242307800265e-01
6.361367889536404618e+01 1.922789943149412863e+02 1.190289014957694746e+02 2.277955885889368801e+02 1.132162413109747234e+02 1.516216640793187764e+02 1.228839142411128904e+02 9.109010102366028150e+01 5.977618109061488383e+01 5.871506246028695841e+01 4.274474678197502442e+01 3.376526721872734527e+01 2.268526666497546174e+01 1.429353924831705847e+01 1.045363575978972293e+01 4.221216162063723409e+00 3.622443456723630995e+00 2.709570087226602642e+00 2.025538843148151802e+00 1.245461151362444285e+00 1.024175804875583129e+00 7.364276398103997145e-01 4.965529651663078137e-01 2.411101236823305349e-01
5.539871468192615112e+01 1.825673141682063942e+02 1.078108015297544569e+02 2.177157640537246834e+02 1.090866923380452960e+02 1.581888415752385981e+02 1.256386399559448961e+02 8.948783390228072676e+01 5.909354923467854803e+01 5.800317954970985568e+01 4.373723433401255534e+01 3.340138580340904895e+01 2.246733390338774328e+01 1.468873471815721210e+01 1.051176286248318625e+01 4.387959304654614812e+00 3.401949734869186948e+00 2.726746323867743182e+00 1.966136067201951221e+00 1.188094425881787375e+00 9.504400457459928342e-01 7.243225068710033021e-01 5.214335378226236939e-01 2.511193371335449509e-01
5.598797656131389999e+01 1.822413922234819097e+02 9.468308868241690845e+01 2.091448012852903275e+02 1.078377050449464605e+02 1.558369902720057780e+02 1.267078874387937191e+02 8.792821755098452741e+01 5.975710034640035673e+01 5.791451036767093541e+01 4.368577151277253989e+01 3.405018353979125578e+01 2.242097421346442232e+01 1.473224803727940113e+01 1.054564733339835847e+01 4.257932941594909870e+00 3.517204689273078611e+00 2.722780029680613723e+00 2.036136294721512030e+00 1.142095968438850306e+00 1.037112879560435852e+00 7.230607636609803768e-01 4.966164499455095749e-01 2.475951428930636966e-01
7.490859816682868200e+01 1.744915328215237196e+02 1.083426513757049179e+02 1.981393092423321605e+02 1.088261590345078673e+02 1.580375280015630608e+02 1.274925031760349725e+02 8.587677177886820346e+01 5.990691060446517469e+01 5.938307494766738870e+01 4.336270817548506784e+01 3.383103282854090565e+01 2.195379062843312923e+01 1.457498169488376050e+01 1.044242956024520552e+01 4.440440386508456072e+00 3.570729932255659378e+00 2.710367214297805472e+00 2.010019589804766138e+00 1.146964862287565889e+00 1.033791577053979172e+00 7.138648309648317758e-01 5.141542140706114594e-01 2.612955771273008931e-01
5.326197563210430275e+01 1.628033106786168389e+02 9.729210482237985502e+01 2.139841698461519286e+02 1.172211020132852752e+02 1.561505266412814024e+02 1.223185418763485330e+02 8.864332581944431411e+01 5.863138795334089082e+01 5.823647283411138886e+01 4.295196252284109306e+01 3.343129732541932952e+01 2.284476999041107348e+01 1.436101602763377372e+01 1.047802832927300187e+01 4.254644686166868084e+00 3.452255906530859342e+00 2.697615317240059873e+00 1.974388131282464709e+00 1.167313684910578075e+00 1.030520819529858967e+00 7.075168749269552526e-01 4.848847411599374602e-01 2.542921674549685762e-01
3.834485197706862181e+01 1.779218070329080774e+02 1.020850250598454920e+02 1.944631026754796892e+02 1.115622044744263377e+02 1.497944836662697696e+02 1.249651258586729625e+02 9.044207226755816009e+01 5.866073063106909302e+01 5.807568968569486145e+01 4.436969952903113779e+01 3.341193819092217865e+01 2.274686112729015619e+01 1.472105200044945228e+01 1.073661338444287239e+01 4.373096632926758431e+00 3.564748116441587733e+00 2.771561832852446727e+00 2.008368555088510643e+00 1.176341113450742215e+00 1.016001048987418720e+00 7.002216283725035684e-01 4.916622645356386045e-01 2.385646236166423517e-01
5.484358778423530367e+01 1.899285820856948988e+02 1.027763669356154139e+02 2.077419873301304563e+02 1.103541492569433302e+02 1.553952696120465760e+02 1.231115446326103324e+02 8.967564332627375734e+01 5.901101686204201258e+01 5.899766273473392886e+01 4.481411070024285692e+01 3.361640007292184151e+01 2.279280058629436567e+01 1.422383040143758848e+01 1.048061165676908679e+01 4.412966224649778724e+00 3.639386918304776231e+00 2.599145272024802722e+00 1.964604338171842990e+00 1.151197830616208506e+00 9.907967349436999083e-01 7.307309975785561962e-01 5.269387348785901093e-01 2.613626240041398985e-01
5.582690806747869061e+01 1.746993705754149460e+02 1.073405452113794922e+02 2.163708166546814482e+02 1.141011600417465530e+02 1.514299170089704205e+02 1.242870683660623001e+02 8.843320873067425225e+01 5.708567649586402837e+01 5.853648129094095509e+01 4.438585285011343728e+01 3.434390699314371886e+01 2.264150544127284448e+01 1.462436769339341858e+01 1.053838151881751628e+01 4.366152027450559636e+00 3.584465113387972135e+00 2.680060230157853773e+00 1.994703092194068939e+00 1.184737133257397490e+00 1.016986333655559571e+00 6.991896543905826711e-01 4.818958337125514024e-01 2.429075423902021247e-01
5.431191337790758666e+01 1.789172340623841819e+02 1.083793878764387699e+02 2.156673592271629900e+02 1.027361718581845906e+02 1.565638498103433562e+02 1.252559935010844043e+02 8.836907367740251118e+01 5.951615132631079064e+01 5.853589061902340518e+01 4.377923041765586021e+01 3.319822645926334559e+01 2.292670878398429224e+01 1.440323536758714340e+01 1.047684892297294468e+01 4.375587595299418986e+00 3.653991613505715996e+00 2.706048000999436098e+00 2.015239293385761243e+00 1.194507000946464448e+00 1.059533385121293136e+00 7.193462449637579859e-01 5.058380376938872436e-01 2.579341726622708109e-01
5.192620926528118019e+01 1.806096483333203651e+02 1.025396641608631256e+02 2.086085734062770598e+02 1.144628542193087810e+02 1.537915456278269630e+02 1.250086835963989813e+02 8.971601924122923322e+01 5.787658352917822668e+01 5.842354100405687234e+01 4.318549029149486529e+01 3.376462140161208936e+01 2.280016957124576393e+01 1.477921146653197049e+01 1.048571661172054093e+01 4.317227699239175820e+00 3.631437815280458725e+00 2.766070968315647693e+00 2.052740528864908764e+00 1.182522775728614306e+00 9.938877248740785042e-01 6.989629786241936538e-01 4.897837635379817534e-01 2.443327421435530777e-01
3.959811294708212870e+01 1.674215716079195033e+02 1.035986723934834117e+02 2.111749077425923247e+02 1.055023784107318221e+02 1.535722816291137462e+02 1.259989751415102148e+02 8.713931617076727321e+01 5.851000589668825569e+01 5.878196307915941787e+01 4.376282338864064059e+01 3.415215615110130187e+01 2.269789498508932724e+01 1.488565700036869544e+01 1.048586492194365505e+01 4.540425150416044886e+00 3.571811903056901993e+00 2.712627469613774878e+00 2.060348408619013583e+00 1.159236409422600644e+00 9.942882713615929235e-01 7.117545916180202381e-01 5.228476291376432661e-01 2.674398997968375769e-01
5.482195617923881770e+01 1.994617305793983917e+02 1.041212977402654332e+02 2.017809609964120341e+02 1.069126596320075890e+02 1.508672726480688482e+02 1.250377664883707780e+02 8.505850948816805612e+01 5.798011436175475097e+01 5.950169494005708515e+01 4.473357547500501852e+01 3.379594238771208126e+01 2.281142711708904258e+01 1.440495016148323870e+01 1.052534005166560860e+01 4.314930781290833295e+00 3.590299814252419619e+00 2.644552494182045077e+00 2.028259474572652543e+00 1.182363851308705360e+00 1.037646413544671464e+00 7.043039903423077286e-01 4.944787639264594525e-01 2.366880665908192294e-01
5.618819410559161298e+01 1.952297723484145990e+02 1.127066781931282122e+02 2.105246976746468306e+02 1.095930267179948316e+02 1.601327717746895019e+02 1.210571677017700409e+02 8.907403406085944653e+01 5.944942753046405670e+01 5.859910381860311901e+01 4.393845035397526289e+01 3.389434867310510668e+01 2.252864228687149151e+01 1.459544023365937448e+01 1.031855985007995002e+01 4.264923005613190377e+00 3.560395693683292784e+00 2.586676472629663159e+00 2.000066320024915800e+00 1.242459185989180259e+00 1.054116916348228905e+00 6.725845827890175599e-01 4.571988164887861306e-01 2.707008279069718637e-01
6.577355344046745245e+01 1.820882039195174684e+02 1.064287858286123054e+02 2.043284317082557777e+02 1.133845889981469952e+02 1.569290413299186753e+02 1.238623505719314295e+02 8.748957737012403868e+01 5.994301555233449363e+01 5.890849785587452203e+01 4.300709338731954290e+01 3.364641046717114392e+01 2.229972164100831478e+01 1.441573286422539546e+01 1.045634415566229691e+01 4.299953284906680828e+00 3.576827984329526089e+00 2.660876649741549915e+00 1.953838142360979191e+00 1.134466415509183257e+00 9.956303130197642348e-01 7.031967910224894425e-01 4.845128283616004783e-01 2.163521951641895757e-01
5.242081444946433777e+01 1.751596262391109633e+02 1.116799283364207156e+02 2.157206633071003523e+02 1.112378015518842886e+02 1.586790882016898649e+02 1.255909226327935500e+02 8.803060215622073770e+01 5.932018639220019907e+01 5.943975174050589061e+01 4.394158021843179540e+01 3.412941664597224900e+01 2.218226067884543795e+01 1.506776272832001240e+01 1.034164645712209563e+01 4.237569847987828098e+00 3.544897916964937501e+00 2.603928147211568955e+00 2.028306754108410104e+00 1.178211739667484492e+00 1.021498013937083504e+00 7.213146976257448495e-01 5.132333997905558221e-01 2.369166752360588601e-01
5.537268748798707207e+01 1.618789025553010958e+02 1.079053940215260354e+02 2.243280487094708917e+02 1.144177071972634110e+02 1.618114409466879522e+02 1.268930713241883836e+02 8.969104429779855536e+01 5.731392489929494616e+01 5.891080114688695346e+01 4.364192527141695876e+01 3.370454267272297244e+01 2.284331630658511969e+01 1.493930556168169055e+01 1.052993502076964027e+01 4.482095103999301777e+00 3.527566091382010161e+00 2.716221697037629390e+00 2.043134682960173087e+00 1.192165690996629612e+00 1.038280302621596984e+00 7.259723532897592868e-01 4.851670711613925158e-01 2.609588676104329097e-01
4.771186895448045107e+01 1.708010384470226484e+02 9.851965007106788619e+01 2.207860475754962124e+02 1.090121607817820859e+02 1.585865480896007398e+02 1.274694088395983300e+02 8.759203003264391896e+01 5.877070773111208268e+01 5.729906810799857197e+01 4.367247757519913165e+01 3.445558290960491377e+01 2.270262070686522193e+01 1.464644458987837972e+01 1.052335837190574530e+01 4.295674781860213010e+00 3.433860623203838447e+00 2.686064950167054377e+00 2.014020945570172305e+00 1.199201727176517407e+00 1.026347202000029712e+00 7.604070641341559300e-01 5.199197164215856315e-01 2.648977150716530504e-01
6.492228244398127401e+01 1.782773504451116082e+02 1.201472357292382469e+02 2.214398926114453161e+02 1.014497660508299646e+02 1.596730229787764301e+02 1.262014737288187973e+02 8.648375664637612203e+01 6.169327311488157761e+01 5.907843135818938407e+01 4.381802962689390313e+01 3.329863148719546473e+01 2.237722118840777696e+01 1.472961791247007746e+01 1.053530951548994388e+01 4.306246566391911834e+00 3.541487346710139317e+00 2.722391587301267180e+00 2.044968219419240452e+00 1.174679304171896144e+00 1.021328157859302532e+00 6.985325522396423903e-01 4.963371406690713084e-01 2.484217843841726447e-01
5.390803463060339595e+01 1.845911169062777901e+02 1.009842762399919565e+02 2.101106716939285946e+02 1.117666071310972029e+02 1.583401745540421643e+02 1.258461485376552389e+02 8.916662355009744090e+01 5.887892660754916108e+01 5.751114692241171866e+01 4.410803130307840547e+01 3.385509467969220054e+01 2.287647802056910606e+01 1.451533229097730704e+01 1.055430845367715875e+01 4.135171121238230718e+00 3.531698779972046065e+00 2.754957574515207952e+00 2.027629438009963536e+00 1.171328253750827164e+00 1.039943030961896664e+00 7.153096980641606706e-01 4.776985961966397909e-01 2.390645463029204276e-01
5.330549543176051941e+01 1.819144789192908434e+02 9.551528377724980601e+01 2.139869101543923193e+02 1.080959995047244178e+02 1.542304655543051126e+02 1.252800867363676360e+02 8.947690663790557153e+01 5.719855422094246933e+01 5.914015576626452031e+01 4.355647556842154700e+01 3.379154573019463470e+01 2.288005639538739189e+01 1.444325027592831923e+01 1.047017785574169935e+01 4.407988044119599991e+00 3.543829165302113893e+00 2.597735387957727404e+00 1.990513278247836304e+00 1.183416033124402134e+00 1.024312679355151801e+00 7.275635856958236891e-01 5.013219467455566347e-01 2.493054981394226544e-01
5.295716898213830603e+01 1.782217314873518603e+02 1.024295132660087404e+02 2.123403242962188244e+02 1.112607583872131869e+02 1.500638049457983527e+02 1.235022639036454564e+02 8.686949308410801507e+01 5.836482868597666140e+01 5.797487459080785754e+01 4.419874291520819298e+01 3.435681959356399062e+01 2.253703642147560515e+01 1.471107242016571348e+01 1.044806167163242350e+01 4.400512370168131682e+00 3.617749544378527027e+00 2.678350178664868242e+00 2.062306097901635660e+00 1.200972175474461112e+00 1.044546476804502078e+00 7.122137596917992308e-01 5.009467840040459086e-01 2.474084107219119144e-01
4.798923260724430406e+01 1.794195144668182138e+02 8.864187055474646115e+01 2.097668912493195137e+02 1.111265479890811463e+02 1.533537504062758501e+02 1.234258897227679057e+02 9.080355292355379504e+01 5.714096692284785206e+01 5.701892849176051925e+01 4.368563414867499262e+01 3.339337301354204612e+01 2.261431615087256475e+01 1.467367975172169459e+01 1.083074309692366199e+01 4.149794421325414540e+00 3.367946939242679960e+00 2.815624740445561880e+00 1.985035386629203646e+00 1.174803943771326464e+00 9.903865432887566378e-01 6.688355883312073757e-01 5.004867604323838259e-01 2.230554944285302321e-01
6.352105032383172301e+01 1.783278618553535182e+02 9.795142983316831931e+01 2.059650220111003023e+02 1.112827316608010193e+02 1.530146448997289497e+02 1.254122165246024565e+02 9.011611293305550419e+01 5.922875239620989873e+01 5.884941349311035452e+01 4.329166359098891093e+01 3.343987547881945233e+01 2.230823738377170429e+01 1.462882126926777104e+01 1.045272306484594971e+01 4.303628380534180842e+00 3.562621164638732463e+00 2.696761895099947903e+00 2.074539416042716855e+00 1.190004983323273979e+00 9.933296470681641788e-01 7.179966556770464026e-01 4.999906344607629172e-01 2.332899540983641717e-01
6.693176787805890626e+01 1.727728209575443827e+02 1.045575043097292820e+02 2.083409221333702988e+02 1.073793160142249405e+02 1.563908153542075183e+02 1.255430805690005371e+02 8.695383876389630018e+01 5.870173098532158917e+01 5.851046564546119555e+01 4.388451313916402796e+01 3.395989191595023726e+01 2.264093821461437983e+01 1.471589634606308472e+01 1.074486947247915758e+01 4.357354234486340516e+00 3.534924912008497788e+00 2.696320621264327588e+00 1.998926059450857107e+00 1.193699795217484816e+00 1.006916252129568923e+00 7.112909331625670850e-01 5.161591021480093078e-01 2.473175656172442727e-01
5.580209601590503610e+01 1.692734871533582464e+02 1.044884262536774173e+02 2.098410350573151106e+02 1.106618263366385122e+02 1.607718081922533031e+02 1.258295776131260055e+02 8.929035534530223117e+01 5.904252526690710567e+01 5.861258327627835740e+01 4.355816358235784236e+01 3.372466038410342293e+01 2.262909445570087286e+01 1.439871871952715132e+01 1.045874863098924834e+01 4.402969456702444440e+00 3.544596858579940335e+00 2.694815106865948717e+00 2.034189681751614298e+00 1.192164090341154115e+00 1.045507117964384891e+00 7.304455292127400856e-01 5.246347948766353353e-01 2.719483594563083528e-01
5.402670095982230691e+01 1.829574644783897668e+02 1.138378914236401727e+02 2.155716542586774551e+02 1.107671267158469703e+02 1.533289314351284816e+02 1.281362551672873451e+02 8.773956367957033819e+01 5.885679254515171266e+01 5.904363719018067513e+01 4.374170879468212547e+01 3.384690434976637619e+01 2.312296204709087633e+01 1.444945613571348986e+01 1.041694781886205057e+01 4.211087789823599437e+00 3.701219805605499236e+00 2.746445897981087736e+00 2.006587895537925270e+00 1.169538508501374530e+00 1.041426966320172509e+00 7.352830401087884216e-01 4.704633930518991036e-01 2.496316121002160049e-01
4.704859921698793102e+01 1.810211170735747146e+02 1.018072790822389635e+02 2.139895941711561136e+02 1.046062678637438523e+02 1.582363233745025468e+02 1.275474190626995750e+02 8.641776559571258076e+01 6.093954660758412700e+01 5.930611305295897040e+01 4.402748929191036353e+01 3.342127742053768458e+01 2.223678039620854108e+01 1.434192356237775989e+01 1.029649612889950561e+01 4.521341177887462592e+00 3.590696559367407392e+00 2.578544541343218643e+00 1.995126380990666304e+00 1.173767833773517566e+00 1.009033911711234355e+00 7.003659020435399896e-01 4.829058422744905710e-01 2.465220669135357034e-01
6.530979586886253685e+01 1.820861039052732622e+02 1.047096137711077262e+02 2.093993732946045156e+02 1.096377627335123179e+02 1.544029054239291270e+02 1.263028399239211126e+02 8.803162540128637659e+01 5.792574603184696969e+01 5.906077897167757129e+01 4.300816351117035907e+01 3.318175459944251315e+01 2.262995044439571757e+01 1.443594204574816864e+01 1.052275270177298516e+01 4.288498864225769758e+00 3.633149228875370174e+00 2.709960384911592524e+00 2.004720944426312101e+00 1.152771178635690896e+00 1.046482481092850136e+00 6.965992261710494127e-01 4.933549819394726921e-01 2.324623821193307627e-01
4.952562262700718776e+01 1.670378043940031603e+02 1.091927477275789045e+02 2.185830411382671343e+02 1.130907308400554001e+02 1.523841307570863250e+02 1.285370993878713364e+02 8.613166495577560511e+01 5.857823595916422477e+01 5.750191206700286983e+01 4.305884475741437711e+01 3.389034013236725684e+01 2.245630616758447218e+01 1.490405643269335378e+01 1.029673412713888148e+01 4.475415804029922562e+00 3.404127418154565543e+00 2.706015527001721210e+00 1.991217935939618267e+00 1.183038937916639721e+00 1.027847085252770132e+00 7.044987557787095733e-01 4.979689758414518885e-01 2.526635575129047573e-01
5.016631797825397143e+01 1.605614476009782265e+02 9.326942265798895448e+01 2.198455632269042042e+02 1.102327088480071779e+02 1.577350940591396125e+02 1.257172999549817405e+02 8.654980216478176658e+01 5.776965113864638113e+01 5.844252521487714347e+01 4.348226398949264393e+01 3.368434917361076231e+01 2.277135353807122087e+01 1.428357813709457425e+01 1.059732219230715344e+01 4.329648361013247460e+00 3.705192846733594614e+00 2.788871917485770346e+00 2.091447078696643480e+00 1.182070646626770083e+00 1.037718431311200673e+00 7.134460325570167738e-01 5.044315035892203980e-01 2.632651681445171143e-01
5.715383487161397369e+01 1.779523966092335741e+02 1.085865527534137982e+02 2.164584603835996575e+02 1.074677240091478154e+02 1.554339879839494358e+02 1.265199696870667623e+02 8.897296502170206622e+01 5.701132313318317557e+01 5.827685030268946065e+01 4.396284025216808544e+01 3.374823589088366305e+01 2.269322168469103573e+01 1.464833836512707244e+01 1.057749661671598140e+01 4.330687113534423816e+00 3.552721990366304539e+00 2.761846970428962766e+00 2.021898367416108400e+00 1.158030055192710961e+00 1.008061431245622419e+00 7.367308992424969061e-01 5.038366858510912039e-01 2.443371928068856225e-01
5.435963895755547526e+01 1.764947212705010315e+02 9.790515766822392152e+01 2.167075465117346482e+02 1.050894909628379139e+02 1.594902516967970030e+02 1.264830158401602773e+02 8.802348788651505629e+01 5.812501220912408684e+01 5.915807993287228328e+01 4.298542360005963303e+01 3.358503958352334706e+01 2.250255556013473779e+01 1.433309251541689378e+01 1.057859316196092969e+01 4.290455155639114615e+00 3.649623451804630214e+00 2.784561947994482534e+00 2.041960904731723758e+00 1.259660608377423108e+00 1.058252759292247491e+00 7.263765325742280732e-01 5.207710793906343838e-01 2.660561440335726391e-01
7.169374503365590101e+01 1.744969870076677410e+02 1.108142639218146286e+02 2.191851995287804868e+02 1.121716357095936303e+02 1.596894835176581466e+02 1.268483512667310436e+02 9.106597284886927923e+01 5.926620261545940593e+01 5.925001776022043032e+01 4.312228123551444270e+01 3.344798319316529955e+01 2.259964705165080190e+01 1.464957579637542651e+01 1.057657186682171258e+01 4.318576637510214589e+00 3.523696965498351652e+00 2.588063264591902168e+00 1.989863461814770806e+00 1.181202241533137798e+00 9.987364684275004123e-01 6.847718919504316437e-01 5.016162372351278265e-01 2.195249947886918906e-01
5.581827723975931832e+01 1.987806553213358711e+02 1.057531330132153613e+02 2.089739977044559112e+02 1.084739520281995624e+02 1.568063129952959684e+02 1.262944215962371004e+02 9.078572461532924365e+01 5.881398629113162002e+01 5.756614114878983202e+01 4.248841300439569579e+01 3.439520670754649245e+01 2.280512951803071431e+01 1.470448199275274526e+01 1.034137509493174889e+01 4.420030117891672994e+00 3.626749960377933846e+00 2.663242252053824810e+00 1.951237078836774774e+00 1.160458055650479547e+00 9.790666055614569707e-01 6.979324707949998707e-01 5.124434842866720796e-01 2.601406375594076947e-01
4.407145379628934023e+01 1.854366024008867555e+02 1.181797327989271338e+02 2.067831186407492794e+02 1.089952835659440069e+02 1.496687652794849726e+02 1.253599048972878478e+02 8.860943294421865346e+01 5.931070765005471657e+01 5.956412639284240385e+01 4.311386766185187014e+01 3.415837973631173696e+01 2.229194670148195812e+01 1.423472853086109602e+01 1.051932688647624481e+01 4.228935074830392438e+00 3.541338028475748523e+00 2.740941853381698934e+00 2.013476423888949096e+00 1.234518002021406158e+00 9.778308159739970140e-01 6.859157314539738870e-01 4.811094397662269984e-01 2.331006035811164778e-01
5.791820002830529290e+01 1.811706501275100152e+02 1.152006658037447835e+02 2.066210798035015159e+02 1.176796313788065191e+02 1.564387882357715114e+02 1.244669525781553574e+02 8.853057072053522347e+01 5.820094443046273369e+01 6.006574814744703161e+01 4.348680528350170249e+01 3.252013732345035635e+01 2.206712017389402547e+01 1.459792446474567917e+01 1.046746281862201577e+01 4.462976223215550320e+00 3.386414765528094062e+00 2.539360341410499711e+00 2.021888830871473530e+00 1.144752026972126302e+00 9.866236674514539118e-01 6.954261098749877634e-01 5.095876138208574879e-01 2.477887961068726552e-01
5.909116828703766799e+01 1.770580561873102283e+02 1.112711468082707142e+02 2.210920160843670601e+02 1.135542233297499450e+02 1.558210958887652282e+02 1.245132139535589886e+02 8.876242742414358133e+01 5.799368956460148183e+01 5.943874268396758254e+01 4.405880500076981576e+01 3.391000429741929878e+01 2.270931628335486607e+01 1.482565467239404100e+01 1.050061185830351818e+01 4.300372403528174736e+00 3.550995666622561053e+00 2.737346665644036836e+00 2.034957066315179031e+00 1.175453028963382440e+00 1.012028867802525767e+00 6.977445490426829044e-01 4.914392336701817188e-01 2.543463821587106932e-01
5.261374485494857822e+01 1.770191845180337964e+02 1.052947920519794280e+02 2.183200042385585107e+02 1.135979302826159341e+02 1.538401840814742627e+02 1.266793161529951988e+02 8.974282879997568330e+01 5.852700181008884073e+01 5.878435346508917547e+01 4.318572303840890214e+01 3.375484272850405887e+01 2.274294578644652631e+01 1.466434370291140254e+01 1.045091237837772979e+01 4.219124708775086496e+00 3.569457041162224620e+00 2.647846803359171108e+00 2.031667170223237839e+00 1.194602767836926205e+00 1.019991345469875244e+00 6.966630268819191674e-01 5.007348343566109250e-01 2.446786657549546440e-01
5.007646052877100118e+01 1.790581653574001564e+02 1.087969382457192324e+02 2.170417568131395853e+02 1.139774463696353308e+02 1.546604064859587311e+02 1.249564412160863895e+02 8.673333092397439259e+01 5.916621323480785577e+01 5.906731925766402469e+01 4.390169222104850633e+01 3.359957173960204102e+01 2.248121978556889289e+01 1.474177173749881042e+01 1.053781278109775421e+01 4.426438539113958015e+00 3.463240337569903016e+00 2.666348187729177255e+00 2.011152554454919361e+00 1.195586120668159946e+00 1.035252375560757887e+00 7.157225482876516942e-01 4.889205904635430811e-01 2.319766377748636588e-01
5.292297180141078883e+01 1.771572253191739605e+02 9.500901019540788184e+01 2.092113850685091450e+02 1.119747627488262935e+02 1.528031007549674882e+02 1.252806965397450654e+02 8.724980483621143890e+01 5.900368261564679528e+01 5.906058285547042175e+01 4.354287174334702115e+01 3.375013758632485406e+01 2.248345013927254854e+01 1.457208154307011050e+01 1.049902394394199590e+01 4.366844303860527354e+00 3.550531146546709760e+00 2.722391320283118699e+00 1.967776394099078008e+00 1.228936076498429175e+00 1.028829073745672229e+00 7.099506435807186877e-01 4.974061321658206358e-01 2.665830072839880382e-01
6.720366436418412093e+01 1.841146937309303553e+02 8.938796036188439587e+01 2.162021782440447168e+02 1.093106853776534564e+02 1.561720365436010525e+02 1.253776551382523081e+02 8.875924036149551455e+01 5.819637988532151240e+01 5.844342774751566338e+01 4.296718982740474502e+01 3.371587332965987116e+01 2.245811969120331852e+01 1.464881635138177174e+01 1.033297529295489703e+01 4.196675478059098907e+00 3.566978329135943149e+00 2.632728292744213494e+00 1.937439264470575351e+00 1.100671395210163217e+00 9.629520587460460579e-01 6.881071218053098626e-01 4.754949570138595205e-01 2.276786646766662536e-01
6.400342305081596805e+01 1.705315290274015467e+02 1.130075816104657775e+02 2.081449193719431605e+02 1.122690166459332488e+02 1.520757289315837966e+02 1.241161385412437141e+02 9.042839583045243046e+01 5.934141944099020805e+01 5.857650264765121051e+01 4.237363664030369392e+01 3.349006905377191856e+01 2.265349191620271085e+01 1.459820003374309749e+01 1.045957262674718713e+01 4.277310524318468588e+00 3.639958635824392275e+00 2.620770486618072770e+00 1.942414374315708292e+00 1.132870612871461624e+00 9.793651330258601462e-01 6.680038975404791746e-01 4.981655034202161492e-01 2.428485063058721527e-01
5.250829517589866668e+01 1.799149449447251357e+02 1.147525904385616258e+02 2.188137403590729093e+02 1.082270777951478493e+02 1.553213434095273158e+02 1.251587489449849926e+02 8.790069348304967889e+01 5.866679993408469329e+01 5.865584846196333757e+01 4.346537721383645447e+01 3.407066866057049026e+01 2.254066310646358318e+01 1.471595109748199270e+01 1.072710514037387775e+01 4.288807345024639339e+00 3.551036580689147293e+00 2.738954845973652130e+00 2.035948624332577062e+00 1.194544107234670305e+00 1.012554305345002348e+00 7.172831522729029574e-01 4.943238616387569118e-01 2.595676482101758609e-01
5.620796337220818373e+01 1.687651017090555570e+02 1.022133037906316275e+02 2.173464296298182603e+02 1.056910714225425352e+02 1.554335313954581181e+02 1.225426945649259522e+02 8.990242911284903471e+01 5.908319917035935021e+01 5.854719038668368825e+01 4.383766131772426888e+01 3.339540542964827097e+01 2.252132834571417774e+01 1.436709966425678431e+01 1.040837660900865203e+01 4.393546909960273084e+00 3.538168098854522992e+00 2.643755220464027111e+00 2.014052794498693455e+00 1.204683290713775667e+00 9.963542192978115386e-01 7.135885648585880148e-01 5.118759944504543968e-01 2.447648326747494940e-01
4.287942121732686473e+01 1.676065958651277867e+02 1.026712726232255193e+02 2.139853354133044547e+02 1.050268305291907183e+02 1.582153346348175091e+02 1.257372682499626393e+02 9.145603482242587745e+01 5.940523097723880142e+01 5.869216205295846578e+01 4.326445537856859147e+01 3.360487958141050058e+01 2.199445408336432095e+01 1.504445086038115775e+01 1.047929252421786295e+01 4.398201586335263258e+00 3.684084985832948078e+00 2.741200589456652015e+00 1.956133240898996650e+00 1.186424931677891204e+00 1.008416957061343489e+00 7.186448590259315594e-01 5.323556589806187622e-01 2.494401872343057491e-01
4.993510161554190319e+01 1.838618250351913161e+02 9.684449518493265430e+01 2.172935834817436955e+02 1.094936376326287899e+02 1.550840699056390974e+02 1.257765388866339435e+02 8.848642561374880700e+01 5.817257499729571180e+01 5.872524348288461482e+01 4.469822137552340280e+01 3.428274828849257716e+01 2.278275105935208344e+01 1.475736376531767746e+01 1.049621109538972163e+01 4.407705387900059613e+00 3.503659321048008035e+00 2.728378723529310879e+00 2.048440962331637749e+00 1.207218593497082937e+00 1.017824617801702303e+00 7.067220882949635241e-01 5.005768929870323403e-01 2.548789325654673421e-01
4.395588822011158925e+01 1.727760564251767335e+02 1.040358803037015321e+02 2.175589357561825921e+02 1.087989437512265027e+02 1.563661689343311139e+02 1.265696003648577204e+02 8.883904572644084396e+01 5.884769767584521105e+01 5.778415808910083484e+01 4.352773726407275490e+01 3.289858074980287483e+01 2.266089279202046214e+01 1.460042277932309496e+01 1.039447784619156323e+01 4.290374271282674457e+00 3.568272696518313580e+00 2.657727949929659328e+00 2.007393869652719154e+00 1.217562617598622055e+00 9.904014635693854096e-01 7.053786718623555885e-01 4.993281033514663236e-01 2.588429147682491660e-01
5.598774069531454955e+01 1.751123050402957517e+02 1.042318666370396727e+02 2.201272286166158096e+02 1.119415210728198105e+02 1.563726311393417063e+02 1.257645540896836138e+02 8.908457332686514007e+01 5.807991896926905184e+01 5.900710257139643744e+01 4.390324466600554842e+01 3.390510386541460264e+01 2.270969623678287874e+01 1.458709181449018821e+01 1.042257639382231282e+01 4.407926567762383563e+00 3.494740272180781648e+00 2.729728858733140751e+00 2.004960239281336598e+00 1.196036952797005837e+00 1.052794433271757146e+00 7.245134091289813227e-01 5.250080495370885725e-01 2.564978646732186118e-01
7.174186703717337821e+01 1.834571031449301017e+02 1.001482343064084262e+02 2.118113916333220743e+02 1.133493578988878596e+02 1.574383658668206749e+02 1.267115730382890604e+02 8.908687367001793689e+01 5.819675510207328983e+01 5.806251308362755026e+01 4.320106871936651771e+01 3.375529542794924254e+01 2.262475125840719770e+01 1.480346589556911674e+01 1.048322865025221517e+01 4.288870751021481631e+00 3.551783134813174314e+00 2.701452443976933626e+00 1.994382061055553601e+00 1.196429188196289628e+00 1.022794771848103190e+00 7.177227295091451742e-01 5.126094250807202712e-01 2.397495432198623322e-01
5.422114975819997085e+01 1.775621466999425024e+02 1.050332169414675434e+02 2.153241227432433504e+02 1.119829754410020968e+02 1.544964996299333677e+02 1.268943779220417980e+02 8.996379313343027206e+01 5.936005851793411381e+01 5.975589980602763518e+01 4.368902836267515966e+01 3.424657998836846673e+01 2.286148221858498175e+01 1.477033450793976499e+01 1.063383923401642406e+01 4.405446020944381758e+00 3.613541955943653683e+00 2.745393714610681712e+00 2.034701559190014386e+00 1.201347375655640537e+00 1.031026162052927964e+00 7.133178519188927424e-01 5.131590492951252358e-01 2.484723301148211161e-01
5.404466121078701235e+01 1.707189072369892244e+02 1.089593238579068384e+02 2.163093210168186147e+02 1.147145973766956075e+02 1.562664626182142058e+02 1.264377862292797943e+02 8.899044773125378072e+01 6.078281836008408590e+01 5.985906357315226956e+01 4.432004905061369016e+01 3.400893302812561103e+01 2.288699213537558208e+01 1.460707429102766142e+01 1.067064799709284628e+01 4.412190775464750025e+00 3.631240601569990289e+00 2.769118098655764637e+00 2.038042894415127648e+00 1.184192659356627875e+00 1.023148045853326860e+00 7.088446293109911256e-01 5.028411563351745661e-01 2.545837085587825954e-01
5.268180767090413497e+01 1.673759800634553301e+02 1.046618683372935550e+02 2.189383609747572450e+02 1.109837441984912800e+02 1.532362405655483997e+02 1.253036623214237153e+02 8.582340074340217484e+01 5.701678431291031046e+01 5.861731077465835682e+01 4.331758722990931432e+01 3.306487792217539123e+01 2.261834695733864464e+01 1.471778070773084757e+01 1.067513508145616186e+01 4.304610213713559119e+00 3.578206182154437531e+00 2.713045825427522484e+00 1.984983547839495044e+00 1.198718991426011460e+00 1.047147286029875835e+00 7.215869998793622564e-01 5.261648295639833606e-01 2.353942858961198537e-01
5.335045207833678660e+01 1.708042758653104727e+02 1.005673121885221946e+02 2.199249393818994065e+02 1.148462096430222488e+02 1.529976847631743624e+02 1.264739169133217729e+02 8.852261380370863719e+01 5.848212421963036434e+01 5.922188796908551467e+01 4.425797201926638991e+01 3.414250063376334055e+01 2.270519987650963145e+01 1.494761059642867274e+01 1.043096050600353664e+01 4.363842557210728224e+00 3.605226380769328554e+00 2.725020174583292487e+00 1.990963041006689194e+00 1.185870811255776536e+00 1.029139880328156620e+00 7.287244265952939060e-01 4.994345351315305770e-01 2.506412348024955605e-01
5.205457031863964090e+01 1.780079187341935949e+02 1.002672867227595361e+02 2.180552707263151149e+02 1.108166007028300157e+02 1.568321749041845692e+02 1.270177571242462307e+02 8.856301796582957309e+01 5.951263177127793824e+01 5.934728565796721966e+01 4.415083946949758342e+01 3.376057756985848357e+01 2.261798118968638605e+01 1.460431486148595148e+01 1.071900998742463784e+01 4.346368805694552861e+00 3.613824928976612227e+00 2.727715209402735930e+00 2.040010771841593851e+00 1.195219558361588996e+00 1.010698185898252444e+00 7.202755297213147001e-01 5.042171609634314988e-01 2.661549160241783452e-01
5.526688645219000762e+01 1.780822303003175762e+02 1.076312643005125977e+02 2.167764687359830589e+02 1.111706892899520085e+02 1.584537724591753545e+02 1.279404727932670482e+02 9.004672592470336667e+01 5.878068828592670059e+01 5.992100594077609799e+01 4.444814576985486099e+01 3.421131698357567785e+01 2.283194955078142740e+01 1.462969344383524728e+01 1.059600721536162915e+01 4.492584900529478453e+00 3.576627508303911185e+00 2.761712660094547189e+00 2.047016240127526476e+00 1.187953507801450925e+00 1.024953863447588098e+00 7.018523175708004658e-01 5.060988898826276339e-01 2.525671696038864211e-01
5.532083353450664021e+01 1.722974180254316252e+02 1.018240440764631956e+02 2.061282122131140682e+02 1.099798641705195905e+02 1.561393528816435889e+02 1.248448766224774289e+02 8.868446039292496152e+01 5.780939512190254703e+01 5.893095021119035692e+01 4.351874461564770513e+01 3.389905753048245174e+01 2.260450005456659639e+01 1.460369362657773529e+01 1.039139526524004076e+01 4.260371596084405077e+00 3.560247415602537657e+00 2.776304984717609337e+00 2.003053664419108593e+00 1.166455322677197204e+00 1.009370807169855278e+00 6.997286563258645620e-01 5.037529798725423058e-01 2.617163203571991059e-01
6.907721385086358623e+01 1.469449886552604312e+02 1.064205622540603997e+02 2.119535811838352686e+02 1.044093444012707721e+02 1.536203916947438870e+02 1.231269587006191131e+02 8.899608376923590924e+01 5.727211847533435929e+01 5.846814922748471588e+01 4.385408256788264225e+01 3.425539271468718283e+01 2.243418342844872626e+01 1.449874841181988749e+01 1.052833615636514253e+01 4.106914052331934961e+00 3.669113808504711471e+00 2.656943226912671374e+00 2.020041389728285175e+00 1.209629116464807197e+00 9.866214956939021175e-01 6.874991695213539256e-01 4.701297843667784360e-01 2.239923013008061070e-01
5.479824155492554638e+01 1.722800552562169116e+02 1.062752007485282491e+02 2.108237919408621224e+02 1.079261252867854068e+02 1.510944548954135485e+02 1.233869428243942821e+02 8.962713919310381527e+01 5.869419424222978421e+01 5.932267695298923371e+01 4.360596701192289970e+01 3.420617552047570342e+01 2.226869705627077778e+01 1.457754656035183949e+01 1.055350037555430553e+01 4.332754109978777635e+00 3.574615836800921098e+00 2.737352439640929003e+00 2.002771036345465827e+00 1.201548347805600603e+00 1.001820645317217151e+00 6.862183283497853559e-01 4.891932184577271192e-01 2.301386870568554732e-01
5.469190865117333544e+01 1.773707796412832067e+02 1.009453934283313714e+02 2.074141219378807079e+02 1.062455744067623300e+02 1.565621080114142387e+02 1.254032318702355155e+02 8.775207592025098791e+01 6.003608249223739790e+01 5.872871881950510442e+01 4.382039080254412511e+01 3.307360380665829780e+01 2.266437264946791430e+01 1.433963082021005064e+01 1.044832793117705094e+01 4.284327617841346303e+00 3.576652564440041093e+00 2.670702974538318841e+00 1.978348564138472598e+00 1.164932124371879985e+00 9.930618486080425855e-01 7.059228004451336691e-01 4.827011243020455922e-01 2.421716534620588779e-01
5.511535819926789515e+01 1.742117457306930532e+02 1.038047314572943094e+02 2.165395722244123249e+02 1.140420112400598640e+02 1.582953042151257819e+02 1.248006745146514902e+02 9.028881261553790694e+01 5.880338541797468821e+01 5.901047235648098166e+01 4.406912014543721767e+01 3.390295770587091084e+01 2.272420827713069258e+01 1.468444716084162494e+01 1.057623574736790140e+01 4.351157188236467910e+00 3.654099799998175691e+00 2.698662700700555028e+00 2.025169941474019630e+00 1.185972953516820860e+00 1.033464657692115152e+00 7.044012682277752679e-01 4.993064122259666116e-01 2.490842341949320582e-01
6.042108287850516035e+01 1.729879550634075258e+02 1.130397149502290972e+02 2.098533289699808790e+02 1.033156008074203243e+02 1.480248129978663485e+02 1.297635250484241851e+02 8.285892782048367167e+01 5.592405576066744288e+01 5.895815314631760629e+01 4.272831986859758047e+01 3.383344850352472122e+01 2.201191660274744066e+01 1.432592683585161275e+01 1.016736065259915200e+01 4.251869165405129714e+00 3.480580994767978886e+00 2.691077137967678112e+00 2.013842934503425663e+00 1.169793305566833475e+00 1.024364013872151480e+00 7.221294120280700168e-01 5.105272555669860823e-01 2.712551650566341066e-01
3.591962348606652711e+01 1.392555383284715163e+02 1.160492458001075988e+02 2.072409271447936021e+02 1.038486505132135989e+02 1.546162163822344837e+02 1.255173335532963250e+02 9.025784750733657802e+01 5.887093168762284989e+01 5.690003917861056948e+01 4.240442651853441447e+01 3.293812306605785523e+01 2.225639854244435512e+01 1.487631569183352553e+01 1.021139774855524607e+01 4.063246645768742837e+00 3.440595936615686856e+00 2.671799364255118991e+00 2.051202356345555700e+00 1.154501160621296929e+00 1.034082170135812273e+00 7.116105227936057043e-01 4.857813708346770953e-01 2.462110628750988628e-01
5.343273760207890177e+01 1.829364197910095982e+02 1.042072781853220391e+02 2.097214689292047183e+02 1.076061369178087261e+02 1.511055835769078612e+02 1.269477652134500403e+02 8.806729316793604312e+01 5.910265469049932108e+01 5.913975097764331679e+01 4.364562304719902386e+01 3.385294414354331138e+01 2.248491554888187238e+01 1.479612151513259732e+01 1.046826645072509621e+01 4.299181612258579754e+00 3.578155607829222262e+00 2.745635632350015953e+00 1.970970992103518782e+00 1.185275858041294317e+00 1.028804451508294360e+00 7.022519328558506357e-01 4.878752442436586345e-01 2.410725956003097192e-01
4.540507062510771874e+01 1.592266650333145606e+02 1.170088049227233284e+02 2.063408171680638930e+02 1.115698606887981583e+02 1.571705730765039846e+02 1.247985201673937183e+02 9.038093205268248198e+01 5.776833561470797207e+01 5.760589989029642766e+01 4.355407176580079920e+01 3.357286919178783791e+01 2.255651105486790087e+01 1.448695740048917280e+01 1.041107335464108097e+01 4.366500750120780872e+00 3.532472441839523469e+00 2.785159341063618399e+00 1.977853380582934140e+00 1.170165723720074213e+00 1.020272452384111350e+00 7.161069017587732288e-01 4.832676115420675433e-01 2.416300757642196873e-01
5.437614624333491520e+01 1.550758122132847348e+02 1.012826854493954158e+02 2.142198996587863746e+02 1.100071647565614654e+02 1.566451404925146562e+02 1.277505676387529121e+02 8.940677356612265214e+01 5.837091430623534194e+01 5.891332212572355331e+01 4.346074118145814680e+01 3.388129920625545566e+01 2.248587293754761163e+01 1.473232510663495098e+01 1.044968052134202452e+01 4.328713515239022591e+00 3.512999650528929596e+00 2.677971348701085219e+00 1.979706407339792085e+00 1.184702703707746219e+00 1.022228851655996751e+00 7.058441686721924624e-01 5.079080832934719236e-01 2.502868997180107136e-01
