6.064724101243075438e+01 1.886967678665239418e+02 4.356317543680565763e+01 2.194763856232264629e+02 1.201954405877639118e+02 1.590799026588213394e+02 1.345464988155626429e+02 8.336680932832075541e+01 7.037776461253417892e+01 6.479380169015973934e+01 4.470355002592971516e+01 3.659117569090373223e+01 2.244608938064118675e+01 1.514823895160477107e+01 9.948582999997141130e+00 4.995092569579706598e+00 3.638048356785111181e+00 3.157015594509418932e+00 1.965794018406704646e+00 1.395922647914360937e+00 1.165521062730292989e+00 7.920923118327248824e-01 4.855740265439361103e-01 3.162592928046956686e-01
5.621709254619687357e+01 1.937967339581121564e+02 5.552791231801004557e+01 2.330094528083811269e+02 1.152831055355975280e+02 1.664881512510852417e+02 1.357613472003583581e+02 8.087199303118127602e+01 7.523252203845464692e+01 6.555908078346772072e+01 4.486360314276514316e+01 3.705654251318335923e+01 2.247405688881326569e+01 1.533048363950051396e+01 9.930569900205755474e+00 5.099672240055940442e+00 3.657843145927178075e+00 3.213633603389379534e+00 1.872887723014041939e+00 1.442530398246758994e+00 1.144820700128596158e+00 7.613198086884647164e-01 4.953930318449378811e-01 3.372752807311245049e-01
5.977084006994808618e+01 1.972325492541209542e+02 5.312314759055114166e+01 2.233601165656283740e+02 1.200330306069575244e+02 1.594083842367538466e+02 1.346638676303043383e+02 8.206535047018827811e+01 7.177030220096905566e+01 6.633746006990668320e+01 4.551916559663994377e+01 3.674960371008486959e+01 2.289850813241325511e+01 1.532067639517453372e+01 9.968492214930019912e+00 5.133597855077224992e+00 3.668616866987600034e+00 3.166663252453386423e+00 1.867678640490943565e+00 1.434161564554566226e+00 1.146473962755323983e+00 7.754648981338952973e-01 4.990730572517393382e-01 3.306171442684879280e-01
4.605127952976261696e+01 1.953999145759599401e+02 3.594414588943182309e+01 2.221882955084580828e+02 1.205523036438808475e+02 1.644590306586126474e+02 1.353196432112944478e+02 7.978266491154455764e+01 7.064555289754473222e+01 6.610821893701563567e+01 4.427000211988136869e+01 3.673125929368570297e+01 2.256352640672218257e+01 1.502527903154897793e+01 9.889927613232059045e+00 5.045195061871859288e+00 3.529587790614379550e+00 3.117144942806608032e+00 1.849822418327883522e+00 1.442496185655002039e+00 1.197833063183087798e+00 7.747917830615512758e-01 4.870089250672947068e-01 3.171170313105436400e-01
9.303725838769361189e+01 2.047050017662035089e+02 5.138443635290409617e+01 2.324989418837325559e+02 1.221455134352239753e+02 1.670513415050691322e+02 1.365317424669630668e+02 8.224733110532270075e+01 7.320973736959908251e+01 6.626973235995319556e+01 4.429754185403346156e+01 3.801879506008148013e+01 2.248773598372009985e+01 1.542923392784966730e+01 1.008132541213154987e+01 5.142505913722040134e+00 3.656029693402374381e+00 3.159845900884120873e+00 1.886040060184493772e+00 1.432433529852770393e+00 1.198039324943848349e+00 7.799313461264660852e-01 4.928679232368575747e-01 3.476677025230077156e-01
6.288256730481335666e+01 1.833391863203856644e+02 5.486703116305440631e+01 2.157536962187822098e+02 1.180321318691139396e+02 1.599000510824947412e+02 1.360377159932304494e+02 8.374103747742745441e+01 7.090046096195827374e+01 6.417153677954055979e+01 4.487808116617703291e+01 3.687029752239081404e+01 2.257654904847754906e+01 1.544373217462907633e+01 9.671340611660662390e+00 4.958988924794957676e+00 3.539993620405690766e+00 3.225912258572343649e+00 1.877487078059920211e+00 1.404362977174971716e+00 1.156526629852549393e+00 7.659584886954509120e-01 4.632159889864196356e-01 2.902860371373294779e-01
7.560645544653196737e+01 1.800581668373531556e+02 5.764345251195945963e+01 2.171954404618610681e+02 1.236728150704680473e+02 1.628652250758014759e+02 1.340389141726697915e+02 7.932037087623987759e+01 6.969665131266938829e+01 6.508974356493047253e+01 4.508404665848414794e+01 3.702570937147727648e+01 2.210674125674949764e+01 1.497577980502787831e+01 9.830430450403179421e+00 5.054439512565211068e+00 3.676782155436469246e+00 3.222158124137154189e+00 1.952953316280781726e+00 1.465944520042006260e+00 1.204470704299526851e+00 8.190681759505835657e-01 4.720675402436051438e-01 3.196726700873554483e-01
5.941433668402282819e+01 2.049580116814099142e+02 6.164974096732141362e+01 2.260556605313239800e+02 1.240351275716949999e+02 1.611977437306668435e+02 1.355295148148335613e+02 8.322709726414127829e+01 7.277476877054097315e+01 6.567355121542770746e+01 4.386526070355644435e+01 3.727034327676498293e+01 2.272606441568473201e+01 1.536054512608458111e+01 1.020680260024989749e+01 5.098159783682621793e+00 3.591676446045214188e+00 3.232379764425632018e+00 1.853276041414201769e+00 1.410608276469909050e+00 1.196783068274119843e+00 7.652901795744504465e-01 4.792012529935134046e-01 3.053725972317328785e-01
6.889785343520671290e+01 1.911697036981023814e+02 5.443059520037763832e+01 2.201322154740625194e+02 1.135292619626420105e+02 1.622975797191816980e+02 1.329478839430384483e+02 8.293036123101093438e+01 7.190451185042935833e+01 6.633832222886822194e+01 4.549494540454980296e+01 3.673068036848368223e+01 2.260059322124318015e+01 1.458970815163172929e+01 9.733235534120153076e+00 5.102547022918676234e+00 3.564608833995009718e+00 3.331816984209378774e+00 1.915463061507407749e+00 1.435647564123458952e+00 1.205629924393435637e+00 7.891987739444960015e-01 4.866389165457489230e-01 3.212953032991696656e-01
4.543746720593019717e+01 1.988808734150550777e+02 4.755052031491641173e+01 2.224942317962730556e+02 1.183807473148013685e+02 1.638602401483341566e+02 1.343182635448028748e+02 8.219001949426404963e+01 7.234994419142199717e+01 6.550579497997729561e+01 4.446518558477464467e+01 3.672375933756372746e+01 2.262806311002568549e+01 1.533291786766389997e+01 1.004476102239955537e+01 4.928548384238570002e+00 3.558331395403286468e+00 3.179799488728925372e+00 1.879559982032279919e+00 1.436736862535414661e+00 1.178411396953519263e+00 7.911723320382043623e-01 5.083902950982771562e-01 3.429474268158700379e-01
7.307126539090629080e+01 2.003419610822508332e+02 5.315090711830706027e+01 2.194137168988192457e+02 1.150151658333680587e+02 1.632301513779728452e+02 1.369462671423777067e+02 8.054770803090526954e+01 7.164885106087673705e+01 6.529169351207795557e+01 4.451673412868945690e+01 3.717299875321083391e+01 2.252898507417358331e+01 1.552559505269531037e+01 1.009442691635451972e+01 5.120952462090460955e+00 3.583335055998098539e+00 3.254327890653263555e+00 1.821504276123271815e+00 1.397391488813231053e+00 1.160936390640018967e+00 7.962276433340447213e-01 5.216509701665285048e-01 3.355167705888313923e-01
6.699820573082870112e+01 1.940626751346729861e+02 5.789169721734760543e+01 2.132737890810894896e+02 1.198013869728505654e+02 1.683198481153787611e+02 1.358130039558890871e+02 8.104088047959183427e+01 7.137287628044714438e+01 6.565763164297715093e+01 4.530846057537785043e+01 3.775450659745389004e+01 2.308754837585867392e+01 1.532170236605813862e+01 1.002890370060366010e+01 5.294918931805352003e+00 3.762681848305987398e+00 3.072816391860049734e+00 1.887466161356685879e+00 1.442195444398542303e+00 1.162080157806868685e+00 7.785920945407150962e-01 4.834836725589830575e-01 3.259718637989504897e-01
7.083637849592935254e+01 1.931763104908550304e+02 5.324157607546401749e+01 2.218478672456074889e+02 1.223829866003925417e+02 1.636586430754770163e+02 1.326459502122999368e+02 8.250285519378739707e+01 7.302868459076272245e+01 6.641556239425663932e+01 4.505145070854879918e+01 3.699018794943579280e+01 2.271993542319869519e+01 1.533207768411847383e+01 9.980182061056526166e+00 5.119389711968579171e+00 3.561428041670779088e+00 3.194016830739789814e+00 1.901955580020189940e+00 1.437032857686928011e+00 1.175802068470131578e+00 7.686509224766198134e-01 5.067624042218763503e-01 3.251191191886851906e-01
6.227904626655045206e+01 1.700636713001753435e+02 5.140331394503697027e+01 2.151459372629146571e+02 1.203177776046399288e+02 1.710439180224800850e+02 1.337791260566349081e+02 8.135407715470527990e+01 7.046359264259261579e+01 6.614572430425549499e+01 4.484569671448585382e+01 3.713351029377290757e+01 2.273365505834371803e+01 1.498865992633252020e+01 9.964728339022670411e+00 5.030485649322000263e+00 3.600674611225062716e+00 3.132143868938652709e+00 1.877130908741179605e+00 1.390793789518536050e+00 1.188223338580894239e+00 8.003213811391709509e-01 5.080520833766209998e-01 3.214560723545874521e-01
6.755552535625201926e+01 1.982181359978353612e+02 4.912069095154443232e+01 2.204640398136568251e+02 1.179144718966954741e+02 1.646780374384991319e+02 1.364685440687975699e+02 7.963979615456729277e+01 7.052852028085381164e+01 6.528695240934015942e+01 4.482860043395582039e+01 3.705741100186644843e+01 2.227099392551903279e+01 1.514304842573351451e+01 9.982700939950117203e+00 5.286618577774266470e+00 3.640966574083749130e+00 3.141833544560650893e+00 1.853183142880580503e+00 1.403662393134718078e+00 1.131927277537807752e+00 8.029172249245827286e-01 5.260961818418293801e-01 3.213933892588573538e-01
5.410089354374660786e+01 2.029229010352443936e+02 4.928276381995659960e+01 2.130319721470868899e+02 1.256184071184165845e+02 1.610442650212224578e+02 1.373304917196281281e+02 8.204084412873859833e+01 7.207368506483533110e+01 6.540958803375595210e+01 4.392344955095743586e+01 3.734676340782189641e+01 2.324437586773347064e+01 1.512436509042210631e+01 1.014462034410764524e+01 5.138852565760749336e+00 3.619912387086087424e+00 3.112034508825058943e+00 1.794979959002382053e+00 1.388676649946080532e+00 1.196370944788586632e+00 8.083856942074637564e-01 5.408166859226906098e-01 3.242045853581619341e-01
6.445605053622657010e+01 1.836868319313541633e+02 6.213852727232391970e+01 2.184696889690763726e+02 1.282878715966656955e+02 1.585083612869401009e+02 1.364910997188267459e+02 8.520522015518349690e+01 7.216858121546479765e+01 6.607976668919287988e+01 4.478823718720926195e+01 3.666949117426101878e+01 2.252799044348846991e+01 1.545886339590134639e+01 1.011682868439044114e+01 5.230072869448691542e+00 3.664312956235716179e+00 3.114476005269215531e+00 1.847204765598276843e+00 1.406549859855221962e+00 1.185484570498263057e+00 7.658726949023318964e-01 5.117305295007503751e-01 3.151714774440099731e-01
6.116507683168768494e+01 2.037469588076458535e+02 5.543166509960830268e+01 2.269287773468286673e+02 1.133451527843921127e+02 1.637515551701849574e+02 1.364894065599340252e+02 8.030512334664240370e+01 7.147683894822247908e+01 6.619676523979440219e+01 4.425852904394032095e+01 3.677980968014497165e+01 2.277143742288724226e+01 1.552043721905615392e+01 9.894073506025794273e+00 4.977013937565217816e+00 3.485772094499824725e+00 3.160980179125147060e+00 1.834553603516406062e+00 1.415202985078324538e+00 1.197527882770948793e+00 7.785213894570337523e-01 5.198048112623827599e-01 3.335893306687803817e-01
6.874688154105137983e+01 2.067793180418622683e+02 5.435190449716495209e+01 2.350359714595624325e+02 1.297808463263384908e+02 1.594722100266926930e+02 1.316922922407590022e+02 8.283763136334079036e+01 7.222064242471815021e+01 6.517784097794560694e+01 4.401400985704746915e+01 3.731622819668944402e+01 2.267197094992560835e+01 1.507392862740092632e+01 9.914719215367645333e+00 4.944307221925751783e+00 3.684032613375509246e+00 3.142078338880404331e+00 1.880166211958300471e+00 1.481348009087163797e+00 1.192794456385548374e+00 8.201797345870419642e-01 5.043176636514750122e-01 3.144331277865452523e-01
7.205395360865647092e+01 1.995729111584259670e+02 5.189347166515330656e+01 2.227335141828597216e+02 1.177900327507190781e+02 1.641216194537494175e+02 1.364912792996105395e+02 8.353584228136585921e+01 7.251895126215704579e+01 6.403940994207950155e+01 4.460321199919730617e+01 3.663113661141905908e+01 2.245635443730553504e+01 1.543753470724625565e+01 9.999977000723875520e+00 5.020034224480451890e+00 3.449988297356898048e+00 3.172374136559655167e+00 1.821964149055893767e+00 1.408915239127366936e+00 1.130123767705008664e+00 7.995347893915942805e-01 5.167057980704624631e-01 3.267218670294528282e-01
6.743230180708778221e+01 2.016146766085319939e+02 4.234643398289814797e+01 2.182678627407295266e+02 1.208317446352595965e+02 1.620119194371072808e+02 1.356720995682700561e+02 8.033397933767764698e+01 7.318595481213063181e+01 6.456267087040122021e+01 4.477699404893132140e+01 3.735321052420682264e+01 2.247118213263630793e+01 1.542991415258271459e+01 9.973692658980443326e+00 4.996726919755615448e+00 3.562326492007500178e+00 3.189971803758506752e+00 1.908382005684815752e+00 1.375548879182565409e+00 1.204109146005250430e+00 7.926745029328501335e-01 4.977011166739583325e-01 3.271228719945439845e-01
8.735215459757959877e+01 1.955871824192331587e+02 5.217373782033558172e+01 2.042215705518743221e+02 1.180712894519980551e+02 1.637306969505811196e+02 1.375534221235172367e+02 7.958144306203891460e+01 7.253351547836143709e+01 6.595485476905177791e+01 4.396899074293306597e+01 3.710857930084757328e+01 2.203171420158851745e+01 1.528802176852914307e+01 9.961748830045154435e+00 5.178337167135247832e+00 3.608091314758063994e+00 3.161533446716340290e+00 1.896373360769874283e+00 1.395046848976368992e+00 1.195262821197040193e+00 7.929132011644215439e-01 5.210279943926244828e-01 3.392186734551683180e-01
6.576315796716714601e+01 1.839214386886362718e+02 3.676331648178720712e+01 2.223005027483296772e+02 1.250141536012264254e+02 1.637448513562786445e+02 1.317149152855356817e+02 7.960470465749695279e+01 7.285511866324421248e+01 6.478265498051264615e+01 4.373675930012277036e+01 3.670328986245218061e+01 2.291725682105265349e+01 1.532348586978173444e+01 1.002482303520275764e+01 5.088851551575273469e+00 3.490049081169895207e+00 3.133428445695212616e+00 1.789147759064734888e+00 1.409133926971144479e+00 1.188839130450789705e+00 7.729690112836785643e-01 4.818223018382369327e-01 3.281646221072422320e-01
5.482490069437071867e+01 2.039356453445103057e+02 5.034832120996225768e+01 2.023682674051521531e+02 1.191311980017902812e+02 1.586278099707004117e+02 1.360148778344122036e+02 8.404978147700688851e+01 7.165101480481006035e+01 6.502803731536657494e+01 4.547808212232099123e+01 3.651779658212511492e+01 2.282273933932187049e+01 1.540284897401998165e+01 1.011181392320646921e+01 5.073030293050063477e+00 3.638945350639692489e+00 3.239888615580271747e+00 1.854957464639870990e+00 1.393159223173052075e+00 1.185806237181395106e+00 7.884424408759422853e-01 4.911270145953794408e-01 3.106917360185796895e-01
6.737246723852365449e+01 2.108434717922015977e+02 5.231494808680080411e+01 2.151667391499310895e+02 1.216797998208252665e+02 1.627922730903529214e+02 1.342835491845696652e+02 8.377332231816717467e+01 7.135614363830690365e+01 6.532785163130530748e+01 4.577476980155628894e+01 3.664357821681681315e+01 2.270589202214123148e+01 1.485396748156331270e+01 9.994698488210110199e+00 5.128854126451058981e+00 3.681669422031803585e+00 3.073586377478266130e+00 1.806948581132892917e+00 1.384702105922068105e+00 1.159131826557095346e+00 8.113922915310080031e-01 5.325517300587421232e-01 3.429411570289345734e-01
6.785718327879725109e+01 1.908223919631291778e+02 5.656638811283202983e+01 2.256624077080599591e+02 1.219199178959298422e+02 1.573664755887740512e+02 1.344213432056311603e+02 8.034139920623793785e+01 7.075195193309494357e+01 6.517220864519569545e+01 4.507918030260245956e+01 3.783381365614703640e+01 2.296883505402635706e+01 1.536368585616003557e+01 1.010706888933731307e+01 5.084720225861377507e+00 3.589275822159769813e+00 3.127598972733568683e+00 1.845008228745828038e+00 1.414607212728180574e+00 1.192439303288170827e+00 7.760307391791521070e-01 4.811920518568525984e-01 3.216967618691057851e-01
5.744859175867676981e+01 1.965706836644378370e+02 5.441449380442245598e+01 2.239063428228012356e+02 1.158512666447023634e+02 1.637521783513024616e+02 1.343954750065334736e+02 8.242692112044868225e+01 7.300240997213283833e+01 6.490996971549135708e+01 4.403008161163908341e+01 3.633195079809105721e+01 2.289020823332275612e+01 1.500866744112069640e+01 9.973009982980737931e+00 5.122385173403609215e+00 3.720469245197008945e+00 3.163918195961547664e+00 1.904185844402175531e+00 1.429108411586702987e+00 1.234635384147796167e+00 8.000307196855799274e-01 5.107212507232774534e-01 3.354208573702482932e-01
6.745602369587811609e+01 2.028077246527919328e+02 4.878872168867611947e+01 2.194654171879111857e+02 1.237806255081352731e+02 1.606798231171081000e+02 1.349874507857743140e+02 8.312475075595466478e+01 7.078376355884358873e+01 6.485938486331949093e+01 4.449174655011247381e+01 3.689844137984611194e+01 2.290926006712990670e+01 1.547064608276093978e+01 9.905422606935189833e+00 5.045508518455172897e+00 3.696636359836336094e+00 3.217779485992390498e+00 1.912456208153896053e+00 1.396248889513606262e+00 1.152865419630831889e+00 7.813223355403511317e-01 4.880173568052725841e-01 3.189828954623260548e-01
5.524269012901203268e+01 1.961526278664843232e+02 4.905560944028650283e+01 2.148600150284120502e+02 1.142968565495695685e+02 1.615378722874758068e+02 1.365700009168664621e+02 7.988364562941859504e+01 7.085810033925342566e+01 6.543543595305017391e+01 4.484571244090344067e+01 3.778387171083620899e+01 2.290487728135217083e+01 1.546546763762437848e+01 9.884159212865036181e+00 5.365940148875732341e+00 3.596916114244377738e+00 3.184023383353263181e+00 1.918305649899210152e+00 1.387809040156991358e+00 1.169162801183124989e+00 7.999416974920234846e-01 5.334536143453021406e-01 3.527667020079935933e-01
8.157188529574455060e+01 2.127349031271787680e+02 4.670453351024534783e+01 2.166874647243282084e+02 1.180811636847764419e+02 1.556373948379699073e+02 1.349698348533734702e+02 7.670472838283100714e+01 7.131468593709271886e+01 6.577644981760394671e+01 4.528820445289966301e+01 3.707308659877016765e+01 2.265371449090746125e+01 1.506295094767690657e+01 1.006510009454976107e+01 4.973648545126710729e+00 3.627161440949227877e+00 3.140120495108931209e+00 1.878800399333411919e+00 1.423345074335760296e+00 1.212891371147108321e+00 7.825583726886295999e-01 4.952309776107664541e-01 3.115071650553673521e-01
6.876066984871722809e+01 2.104748252320173947e+02 5.778675895011035379e+01 2.263298905149167695e+02 1.176188494697662179e+02 1.642288891952989047e+02 1.320298492109351400e+02 8.076301589398721603e+01 7.294309136133456661e+01 6.547521915527293856e+01 4.507380518404464453e+01 3.718526080703822601e+01 2.253921922457678662e+01 1.527244820531208447e+01 9.803056651112425968e+00 4.949181349794891993e+00 3.602522869159683783e+00 3.044573829388200981e+00 1.869116944647824852e+00 1.488144648581988250e+00 1.212759376932641464e+00 7.531830260102045926e-01 4.772011135596468390e-01 3.462794331873428333e-01
8.489973775835240133e+01 2.064632603730606206e+02 5.748881080856235570e+01 2.148164846273844546e+02 1.215084226564029422e+02 1.651602057320691017e+02 1.341864997965022326e+02 7.865718429243304399e+01 7.286112200647356474e+01 6.519224976256285231e+01 4.386926010285900190e+01 3.706905219023617093e+01 2.214434947254056496e+01 1.484873472721920606e+01 9.944382008691100339e+00 4.985342416313280012e+00 3.529804519661913442e+00 3.095998315426583769e+00 1.782984336353742760e+00 1.353324215868255909e+00 1.159150954276660705e+00 7.722412930947766263e-01 4.879814841520476176e-01 2.992397963580846754e-01
5.837860704313663973e+01 1.915372577454254781e+02 5.652706107590522322e+01 2.265718000260795293e+02 1.184693186306610073e+02 1.658535352270746159e+02 1.361418600342374816e+02 8.056883860487621973e+01 7.217263416124632158e+01 6.553112383060887680e+01 4.495922242166247429e+01 3.738380924531389127e+01 2.231205758480076895e+01 1.595497897514709607e+01 9.802824073678223726e+00 4.855849494241961217e+00 3.533583601565853716e+00 3.097910657787585009e+00 1.869139369010763163e+00 1.387975242354583472e+00 1.181807170469045154e+00 7.999570132974497261e-01 5.018164645339587837e-01 3.156647809664069326e-01
6.793986291617588336e+01 1.820202250358306628e+02 4.789269925221570645e+01 2.335855583210259283e+02 1.218604717165405162e+02 1.685400072504684488e+02 1.373702704953097111e+02 8.245225704489824636e+01 7.081513590081500809e+01 6.529208799497475013e+01 4.492517975040458822e+01 3.676526002411748095e+01 2.290922336129889558e+01 1.550988517999570604e+01 9.933765654714354909e+00 5.224463070793088804e+00 3.573940422806769490e+00 3.156622398802883644e+00 1.948002190162307690e+00 1.409405940851612415e+00 1.214688366351335036e+00 8.138107718033570359e-01 4.846484496189013003e-01 3.391139336874517962e-01
6.696347714745161284e+01 1.818733636060894980e+02 4.870289090126739495e+01 2.298571436600746836e+02 1.167943152804454314e+02 1.644229762170706977e+02 1.381138116010793340e+02 8.026745438491794005e+01 7.215031251187519956e+01 6.411984916071688190e+01 4.489645876528983592e+01 3.804557687863245263e+01 2.267473920665729992e+01 1.531290162852874204e+01 9.976046666570278276e+00 5.062863338300226168e+00 3.506196501719915926e+00 3.150053106958276672e+00 1.886428133407131558e+00 1.414906927703121431e+00 1.202632095110866217e+00 8.370625504069718614e-01 5.182684980956907550e-01 3.411967772997313575e-01
7.737241143513101349e+01 1.970790826162576366e+02 7.077127872437991130e+01 2.237342179008185497e+02 1.132254490495827213e+02 1.675840864491373168e+02 1.364825609202858914e+02 8.041443782893601622e+01 7.365482233832456416e+01 6.585149140874362672e+01 4.451533996925892467e+01 3.680529051615842917e+01 2.222118412080817507e+01 1.527632038912726742e+01 1.000205832845567500e+01 5.011436110364797081e+00 3.587298451950410527e+00 3.176967672545572441e+00 1.908578451121548891e+00 1.397574847201280557e+00 1.196461307600101609e+00 7.881991152119635080e-01 4.976683842246091838e-01 3.262749995214006549e-01
6.121489534501419882e+01 2.053316543823348468e+02 4.860914545913804119e+01 2.191088545892978345e+02 1.190940012080327080e+02 1.645638141103293890e+02 1.346515803634777342e+02 8.242448645033582011e+01 7.134606805293479681e+01 6.469221786387220163e+01 4.535165973504037140e+01 3.728898713090513439e+01 2.275031788809412348e+01 1.517961413534745141e+01 1.008613327646621549e+01 4.863676199866636018e+00 3.559725127349322449e+00 3.229516623591467628e+00 1.873929161473898874e+00 1.408916261935960978e+00 1.216376607438484525e+00 8.060048865283213626e-01 4.821827747304162082e-01 3.217067445070162512e-01
5.585865693445572333e+01 2.026385539664811404e+02 4.206126482121631938e+01 2.203373289411288170e+02 1.192969016760341674e+02 1.612608384379230415e+02 1.359872584172501320e+02 8.039464259129954371e+01 7.122764608214060900e+01 6.554864535095111933e+01 4.473279628723811641e+01 3.699747265103138716e+01 2.275759427220441466e+01 1.513225551794230839e+01 9.906695643807244878e+00 5.131046460927457531e+00 3.623432471401060617e+00 3.085644249610695500e+00 1.834652266075133875e+00 1.397530202758912043e+00 1.184131819381393891e+00 8.101360447927991038e-01 4.936727331222517945e-01 3.329746908990067755e-01
6.535884580165325985e+01 1.955951507308795954e+02 5.091741825599861215e+01 2.247845856227467323e+02 1.226508571279129143e+02 1.565089926880457085e+02 1.363894619420083529e+02 8.035159437056057641e+01 7.120782538099604153e+01 6.466499295187949770e+01 4.526707164058667843e+01 3.732147049823554852e+01 2.272204563805802380e+01 1.539092245756152266e+01 9.831403794614971048e+00 5.080944676740637433e+00 3.579576342547264645e+00 3.110334384125839513e+00 1.890364703723837803e+00 1.407724318631519145e+00 1.202346699037192934e+00 7.841334582716930068e-01 4.932620472576502713e-01 3.333076100641312323e-01
6.059439057862790889e+01 1.837869434604810408e+02 5.278574693112635430e+01 2.185352344319686893e+02 1.147191490979911350e+02 1.589857360551998795e+02 1.347868484273807042e+02 8.543421904992095506e+01 6.960583023556262106e+01 6.386914634703799720e+01 4.496422422603765057e+01 3.672125883033626792e+01 2.260392757867512969e+01 1.534220970620408764e+01 1.024410656287183308e+01 4.905027464249558378e+00 3.395729123026732577e+00 3.261490637605974019e+00 1.813325235857332185e+00 1.393917076856352022e+00 1.164180086325492747e+00 7.450429436958723173e-01 5.026620211862472543e-01 2.883870388845083954e-01
7.619237586521713013e+01 1.990973993338184016e+02 4.033316142606626187e+01 2.131236965295865957e+02 1.214499227636019327e+02 1.644618081737044690e+02 1.362594399070803775e+02 8.237822118066527821e+01 7.164822729957518277e+01 6.575165999418523199e+01 4.468859730248657058e+01 3.662453905738925641e+01 2.218380353417913042e+01 1.527524878986406520e+01 9.881459277654286666e+00 5.002872246329077122e+00 3.671665398324666540e+00 3.122713689959918604e+00 1.939925319388500435e+00 1.416524360877541300e+00 1.151010170876120231e+00 8.049283147060797283e-01 5.063314155181619647e-01 3.085538861327709603e-01
8.620822989136757997e+01 1.956083843241848683e+02 5.542546234375574699e+01 2.087924827841297031e+02 1.176660456777052843e+02 1.664480935558601118e+02 1.364452756066721122e+02 8.022655471012039641e+01 7.141921386144527162e+01 6.521553809558361081e+01 4.450316909782122821e+01 3.757569087813845243e+01 2.281278328495156416e+01 1.535856803140211113e+01 1.018809260560579055e+01 5.017933848761843230e+00 3.669920958111745790e+00 3.106359719626916149e+00 1.841855280621114366e+00 1.417405815158532256e+00 1.209538177670228976e+00 7.834593164366522311e-01 5.197386997967917699e-01 3.223618495763865277e-01
9.140351227769194509e+01 2.005777966846877689e+02 6.087508468535748563e+01 2.213702268052509226e+02 1.204107461031938300e+02 1.670276777641895762e+02 1.349752501661491522e+02 8.239725833117419995e+01 7.182862521275396261e+01 6.549188879408563935e+01 4.459336700915471852e+01 3.719771464488142243e+01 2.273954818147675638e+01 1.508599025660677562e+01 9.862544859228144389e+00 5.110581616508084402e+00 3.668285252041781241e+00 3.181504584252589751e+00 1.879672408107108561e+00 1.408546184003671264e+00 1.189520796672042025e+00 8.026758771742107390e-01 5.168987408350675938e-01 3.495103091657579819e-01
6.598046540904833535e+01 2.039407037503755191e+02 5.992928381969939267e+01 2.185759492593389552e+02 1.183485567095056581e+02 1.577922367238827235e+02 1.374818303046829442e+02 8.087352909104879473e+01 7.182525264829767764e+01 6.580660003122528678e+01 4.476320270916203725e+01 3.710309823619100200e+01 2.273886647785347037e+01 1.512234352999875853e+01 9.820538009764357312e+00 4.882183210835257192e+00 3.734260951393576278e+00 3.200146836946044182e+00 1.861926395992659966e+00 1.365349131687357165e+00 1.188932096646822645e+00 8.044329326237857902e-01 4.708745207334748550e-01 3.258035192455525642e-01
5.960325192844810260e+01 1.972059806372306525e+02 4.789532315584326483e+01 2.192970031373948245e+02 1.125958680540289834e+02 1.648880081845510688e+02 1.354793894704949935e+02 7.961919683308461515e+01 7.337295575753361732e+01 6.596831305953683966e+01 4.506019984653223531e+01 3.687534571989193211e+01 2.231829061711824735e+01 1.502658479277584469e+01 9.705899083987173270e+00 5.247903495478331237e+00 3.677583654628630683e+00 3.081682459690134213e+00 1.889158609271988754e+00 1.430917980879740981e+00 1.184808143360231769e+00 7.795461694783176743e-01 4.807599183266756393e-01 3.321327969936075375e-01
7.782733710073880218e+01 2.089213527711343374e+02 5.147136301394376545e+01 2.153209783200062191e+02 1.196692285012577486e+02 1.612713255024183070e+02 1.364710375918133138e+02 8.201213701670144474e+01 7.044415384490321230e+01 6.539760676768615610e+01 4.460586390524269262e+01 3.687313748150308612e+01 2.275106468300226226e+01 1.529019063900880226e+01 9.908212793761542514e+00 5.002535844119401887e+00 3.633447084732295274e+00 3.222292467815328632e+00 1.887623350195172911e+00 1.418101669331870651e+00 1.198281200643288358e+00 7.796035764495324871e-01 4.913586204791978718e-01 3.040171306293266151e-01
6.197194075594629936e+01 1.923630244680751673e+02 5.577897213729863779e+01 2.268721742604877534e+02 1.206273019530884483e+02 1.598215605631363871e+02 1.392920796061311535e+02 8.009107085834315853e+01 7.213527461029214294e+01 6.368027617218660907e+01 4.448951703863995277e+01 3.703755489177860483e+01 2.245713857899745491e+01 1.553848554604418375e+01 9.835744546827859480e+00 5.165153375482011811e+00 3.428130714345037688e+00 3.163546108047635919e+00 1.885077832447167978e+00 1.399273814875598099e+00 1.201284600380760903e+00 7.845858799382703364e-01 4.870359050661358657e-01 3.300164130766632953e-01
6.227797891002319375e+01 1.913042616433655496e+02 4.994991712062041245e+01 2.229463598953597625e+02 1.175538680317026774e+02 1.621133655280357857e+02 1.356220388645485855e+02 8.070633990576219219e+01 7.051127248410480775e+01 6.519854962693308664e+01 4.464229155103571145e+01 3.692975730470800499e+01 2.286734546138069391e+01 1.505344827458016077e+01 1.009639745279731926e+01 5.005012410719566596e+00 3.736350105355543683e+00 3.238708650808167278e+00 1.938629121510038411e+00 1.413615509698091577e+00 1.200397228623905965e+00 8.057415317099053675e-01 5.008942010064522110e-01 3.335006330780175832e-01
6.963532444447261582e+01 1.980498261693010988e+02 5.141809891169142333e+01 2.229175817077091892e+02 1.182495420529912735e+02 1.608236832574168602e+02 1.354855838491062627e+02 8.151237275228798751e+01 6.968059901694896041e+01 6.519280836493142317e+01 4.461613738147434560e+01 3.693210346741559391e+01 2.252316289864842602e+01 1.534208956996100959e+01 1.004485525411405789e+01 5.075153243405127412e+00 3.640853752254074038e+00 3.238512932980210479e+00 1.888591164177957360e+00 1.405789643011303269e+00 1.182408037717159077e+00 8.169597908863355240e-01 5.079745047168235939e-01 3.202960386719840291e-01
6.339458566820866281e+01 1.972270001954103122e+02 4.026610898867627242e+01 2.266987363667901718e+02 1.173053431551562511e+02 1.654450846916643059e+02 1.374399860882741962e+02 8.105880046811748230e+01 7.093001664834726228e+01 6.592510249918026943e+01 4.409977615088543956e+01 3.685587233451155953e+01 2.260718881964228899e+01 1.517095882766886916e+01 1.003949909452948219e+01 5.002169043097185686e+00 3.701326604940302190e+00 3.227633642557088400e+00 1.869342645546995918e+00 1.494027199903997793e+00 1.219722374309079482e+00 8.009739947173891705e-01 5.279470162516064491e-01 3.497297416408594040e-01
7.509253643133570222e+01 1.976501501760924668e+02 5.748408407184754054e+01 2.348264762998774700e+02 1.218034390708501462e+02 1.643163676630761643e+02 1.366513686355339416e+02 8.276526871280478304e+01 7.250478392440140851e+01 6.595727736399096841e+01 4.362249579033321112e+01 3.663722837405659760e+01 2.268554281131471129e+01 1.537070674987978336e+01 9.960678926173940795e+00 5.050661850499643890e+00 3.584188996419823692e+00 3.039650062439440692e+00 1.923536315188487666e+00 1.391928534480284751e+00 1.138947774446550820e+00 7.569598999325720667e-01 4.938175997962627184e-01 2.931933847774150226e-01
6.798146326493875335e+01 2.198278697791246543e+02 4.843399866038395629e+01 2.150322428799676970e+02 1.208903565261716011e+02 1.643167008457608347e+02 1.375510127098736746e+02 8.334650869059809963e+01 7.290582122900157458e+01 6.378089461241913938e+01 4.293330064116680944e+01 3.784350867788387518e+01 2.266791578465898738e+01 1.537954581803052001e+01 9.882508620382225217e+00 5.150706251773570443e+00 3.630513080816585525e+00 3.159355266015940078e+00 1.861892986339798384e+00 1.388342069501778298e+00 1.140844684860597757e+00 7.869821707264810229e-01 5.197237602127925404e-01 3.389747303017449087e-01
5.911611851175537424e+01 2.057515305757492570e+02 5.276934983362156828e+01 2.164087728504154029e+02 1.216865561435113818e+02 1.551459991848909965e+02 1.349832657128012272e+02 8.280961907118864929e+01 7.210852370889074336e+01 6.619991687925389101e+01 4.438054471221834518e+01 3.742589222392127368e+01 2.258044198770453903e+01 1.503605419972950585e+01 9.823754013521428519e+00 4.964759901298725353e+00 3.570182552368214690e+00 3.174848181627054178e+00 1.854170463752885745e+00 1.450679556015425975e+00 1.128031879737750431e+00 7.654548859072834999e-01 4.900630067721485350e-01 3.103885812618589757e-01
7.035979741837599022e+01 2.034799248436268044e+02 5.978195611406635379e+01 2.199264650297194805e+02 1.276597547324306987e+02 1.606235741112416235e+02 1.334883834194263841e+02 8.022671002079471236e+01 7.182319277335216157e+01 6.667758946156089905e+01 4.421057223481777498e+01 3.604335230402068646e+01 2.202574519661523667e+01 1.523347514940711456e+01 1.001966468280300582e+01 5.059944838806444523e+00 3.441085568347830304e+00 3.043752181575149596e+00 1.860441159513619880e+00 1.352317795228136887e+00 1.136140052448308291e+00 7.817156368271156452e-01 5.076771609326551360e-01 3.350009579711802910e-01
7.326307370207425151e+01 1.960971201324578033e+02 5.499657589429032356e+01 2.300122832116377367e+02 1.208646439965427248e+02 1.642286142025341178e+02 1.348481368815636756e+02 8.241512107491449513e+01 7.025163557094504085e+01 6.596291088404623792e+01 4.523745138083703665e+01 3.701324848931062661e+01 2.280024770752231689e+01 1.567680643946355090e+01 9.948294554492317587e+00 5.021675610206317586e+00 3.563120298400467956e+00 3.206230487208626023e+00 1.890912890690259474e+00 1.423979424052250087e+00 1.174449060385806209e+00 7.868497123729503162e-01 4.944745741741972123e-01 3.321523828991581606e-01
5.937696513105365170e+01 1.978733437471567811e+02 5.668903365262150373e+01 2.248609768187009195e+02 1.214102159355923050e+02 1.613563230247615081e+02 1.373969432110814921e+02 8.274755376668935014e+01 7.203376178843959110e+01 6.546120649413524006e+01 4.462662799583227269e+01 3.704450865437087970e+01 2.281893838525803275e+01 1.534212373238790761e+01 9.852573386102449149e+00 4.964645797835981256e+00 3.637769382923928152e+00 3.150811568550313080e+00 1.883995595882492324e+00 1.448188251345686517e+00 1.207887158833689911e+00 7.776491938713391283e-01 5.071902213928020098e-01 3.229216063794909664e-01
6.775634167161037169e+01 2.001389673202031361e+02 5.543657631024710497e+01 2.220879689503765064e+02 1.245292990398280324e+02 1.604861402860295527e+02 1.355112220950215089e+02 8.009157035887854192e+01 7.208836671479265590e+01 6.599808453510804895e+01 4.454486345294424865e+01 3.694036488069323099e+01 2.262660830146662150e+01 1.537300712547789772e+01 1.008224091452265192e+01 5.114377800861557688e+00 3.539133428041892238e+00 3.113891816698679538e+00 1.865662123690458474e+00 1.433644924599671633e+00 1.196184812737322689e+00 8.000027816949278892e-01 4.912718401032918347e-01 3.063085330066690481e-01
6.538770490273775238e+01 1.965205159839231328e+02 4.049748269119728405e+01 2.182716448376922926e+02 1.180003788223813217e+02 1.587821401019772054e+02 1.355753112105315665e+02 8.043311317928767323e+01 7.271609154876821890e+01 6.529674620601092272e+01 4.439243585645421319e+01 3.697737059194072629e+01 2.251267841723752028e+01 1.520118985427925296e+01 9.927003275875385668e+00 5.139551113067343024e+00 3.554269668513466929e+00 3.191622959336946508e+00 1.823794298197040975e+00 1.447458115530868117e+00 1.194637242896541052e+00 7.917385572400746918e-01 4.963184907187160877e-01 3.447086531005223442e-01
7.986082281704022989e+01 1.971564499597731412e+02 3.789867298294380049e+01 2.296306293812567105e+02 1.191171477724015801e+02 1.634914738381338566e+02 1.351508882811217518e+02 8.250898593278526505e+01 7.019743453225511587e+01 6.554698412737620572e+01 4.440523675324416075e+01 3.720909107008030503e+01 2.264066545785346918e+01 1.534136218574983879e+01 9.837139909505719260e+00 4.754808609427557009e+00 3.561440531283000421e+00 3.039792320233464462e+00 1.843076650562647911e+00 1.303226309335210109e+00 1.121024150165047528e+00 7.593499779288740426e-01 4.719946752324390982e-01 2.973248227346905748e-01
7.653527729341868735e+01 1.951186532213229725e+02 6.219923670903945379e+01 2.133352033355824631e+02 1.230305051362490190e+02 1.578505643336097251e+02 1.332522290848859825e+02 8.398177160232101812e+01 7.218279036860738529e+01 6.587586486172588707e+01 4.389875530598059328e+01 3.727899466977278564e+01 2.243800142868159142e+01 1.526686500838442839e+01 1.003597494605716811e+01 5.009301794394573903e+00 3.674605663803637512e+00 3.082165976740113056e+00 1.831146913309677382e+00 1.368297337232079025e+00 1.138136941633533628e+00 7.666841378086975967e-01 4.993619569550276083e-01 3.229945943904679595e-01
6.566825409754699194e+01 1.980371015886678663e+02 6.012563990582087570e+01 2.263539173530092796e+02 1.191848570302392574e+02 1.595877895782455482e+02 1.375378242693688264e+02 8.059191188990206456e+01 7.145618983847334960e+01 6.553730227443350032e+01 4.430770317348202525e+01 3.730488239538035344e+01 2.262711834084218054e+01 1.540863363161015442e+01 1.004002760133754357e+01 5.001730154852375598e+00 3.624598093771542739e+00 3.165042913547396974e+00 1.888626334588957345e+00 1.422165730958929952e+00 1.179793038765847069e+00 8.016372692680804324e-01 5.006760195712129935e-01 3.386326661393618820e-01
6.875529649590620807e+01 1.919216094464240996e+02 4.994799235764225642e+01 2.224219996136952489e+02 1.126918509436616773e+02 1.628569860147040913e+02 1.328857441646826487e+02 8.325824289812246093e+01 7.289508854623221623e+01 6.544705367260431217e+01 4.473609763161771724e+01 3.666110948320330465e+01 2.244947548028910589e+01 1.514024635215898407e+01 9.945194774574765972e+00 5.072078224864588591e+00 3.555329515233847548e+00 3.129595947107084886e+00 1.865730327260547661e+00 1.412991041916537238e+00 1.161196841180123007e+00 7.934670566941877112e-01 5.202241198566140978e-01 3.169328181356724783e-01
4.296277821475860748e+01 1.898178569178293458e+02 5.380862386322677082e+01 2.142876792444907608e+02 1.166343676698895422e+02 1.630331232643069654e+02 1.346436257879722689e+02 8.462995365153754790e+01 7.117835971446109511e+01 6.576958548633847101e+01 4.468794554104079708e+01 3.702484412549954840e+01 2.196572144473229926e+01 1.558192761439124752e+01 9.967082053466825187e+00 5.149178105074434519e+00 3.630977356052458749e+00 3.199809173775118865e+00 1.836017028584470800e+00 1.408701621676759830e+00 1.190822521165523451e+00 8.100436330828122422e-01 5.224484147745821483e-01 3.368634885939083556e-01
7.390637746950801557e+01 2.048983560875998648e+02 4.276774557939069865e+01 2.246222868819557732e+02 1.178407625584701748e+02 1.604154696977002459e+02 1.366755997365070812e+02 8.186441646891773871e+01 7.130163573626434470e+01 6.579817639088609837e+01 4.573329351167939905e+01 3.781340244657474869e+01 2.287514653747921400e+01 1.553299350267934642e+01 1.003780018868997992e+01 5.144935617890076252e+00 3.528341300443718520e+00 3.172903743814731392e+00 1.897878029115366294e+00 1.430731268500774034e+00 1.178931526811910047e+00 7.739188086927205612e-01 4.971394301869071497e-01 3.247573774828768634e-01
5.642116351117753226e+01 1.940208842746953053e+02 5.035603513556645794e+01 2.253326474253240406e+02 1.189145806034146347e+02 1.606133632202705144e+02 1.365022250202164287e+02 8.206324699967245806e+01 7.186737688000454227e+01 6.431963337971640726e+01 4.461148075420643266e+01 3.622638511806886186e+01 2.281843781605075705e+01 1.533168798972692493e+01 9.955728908578228342e+00 5.180535105531684614e+00 3.656251245954925899e+00 3.081063141553507023e+00 1.883591569529757148e+00 1.426885903461222016e+00 1.146728637897757030e+00 7.976207520281669572e-01 5.026695655174778787e-01 3.367000851545354223e-01
5.573402134234040517e+01 1.961894851414062373e+02 5.008509496882354028e+01 2.308010021861640269e+02 1.218707669750043863e+02 1.640329263966280280e+02 1.361122706104801807e+02 8.197981759957103520e+01 7.121720761588692028e+01 6.586898971421739191e+01 4.490989292660238874e+01 3.758852843375705532e+01 2.292064163408207023e+01 1.532556250407526655e+01 9.882136687441539280e+00 5.136136994148597701e+00 3.520643737398704065e+00 3.181602491041672920e+00 1.868486127630644811e+00 1.409190432212195310e+00 1.205802936141840087e+00 8.079090927469163574e-01 5.234219162778720458e-01 3.402188790336913016e-01
8.413760080561665688e+01 2.041659751699274352e+02 4.654378238650215138e+01 2.168226383621411344e+02 1.249201789042363941e+02 1.648918530847048487e+02 1.372013322352349007e+02 8.215544241844955309e+01 7.145623295520852025e+01 6.455376647837461235e+01 4.422902852946578633e+01 3.705396442053879724e+01 2.250202862543833859e+01 1.529652609130666541e+01 9.939849829211718557e+00 4.996706381987308987e+00 3.603747139751024342e+00 3.161911985863430807e+00 1.864237162386336744e+00 1.418247791001796543e+00 1.191202738696965246e+00 8.074374528762924275e-01 5.069816601389496302e-01 3.203630197145960756e-01
6.771777348425287357e+01 1.981336011998087372e+02 5.084057496070229121e+01 2.231664649809154071e+02 1.215358536380689571e+02 1.618974249958026519e+02 1.373733774270281742e+02 8.311621438702304943e+01 7.269131925005937944e+01 6.638849608500518684e+01 4.503148370538590228e+01 3.762836123932334687e+01 2.282641389767908535e+01 1.546475603364663876e+01 1.007958397241249315e+01 5.119049669819924375e+00 3.643622107282358247e+00 3.209600619567780200e+00 1.898184667162881922e+00 1.423383841184201248e+00 1.194923189805780606e+00 7.934114633914800541e-01 5.095810367324370427e-01 3.271936556285163222e-01
6.912876270279174662e+01 1.979836686291964725e+02 5.028094292103403262e+01 2.239195719178538866e+02 1.215128560798470971e+02 1.621288821574850942e+02 1.373169276380190240e+02 8.240108930148946342e+01 7.378333643154854826e+01 6.611988570995917769e+01 4.539470142207901660e+01 3.749217070100904436e+01 2.293134836768660278e+01 1.533530414492969207e+01 1.010930684260666190e+01 5.211952685747383462e+00 3.662811915663294116e+00 3.226475844677344718e+00 1.869533413604104188e+00 1.412942536169470742e+00 1.184453573787397573e+00 7.847655249871421379e-01 5.049277935091456282e-01 3.286500665540439958e-01
6.268248637013534363e+01 1.917650138555173100e+02 5.198488031848683733e+01 2.300755268712622126e+02 1.211388520619314733e+02 1.593186308754525271e+02 1.380733633342561006e+02 7.845669855217121835e+01 7.047179902265803264e+01 6.582107740763746051e+01 4.413280722412127943e+01 3.662358706916966611e+01 2.250098065491079424e+01 1.530101241342078566e+01 1.005451790282238456e+01 4.988803403618089938e+00 3.625488930319244130e+00 3.151376121667430752e+00 1.891326310971929603e+00 1.451851371185999939e+00 1.203793194037787062e+00 7.843804837741061853e-01 5.098801375252146606e-01 3.102533238062855081e-01
6.593140919558284452e+01 1.908873779760134255e+02 5.200237488607828595e+01 2.277273713438477216e+02 1.243550044789683540e+02 1.616150808490953921e+02 1.373653097359152468e+02 8.178120402583056148e+01 7.166824808845548489e+01 6.597226034162837038e+01 4.524933638321765983e+01 3.779045730382186008e+01 2.262747240504780066e+01 1.573346406575039858e+01 9.969277940049337872e+00 5.096280282297392716e+00 3.646380583569656331e+00 3.176386815603276403e+00 1.851116333348496790e+00 1.421136527521242421e+00 1.198900717413667216e+00 8.176248267818058135e-01 5.055519307534487305e-01 3.328424489717384804e-01
6.442068324955017999e+01 1.965729055823408942e+02 4.786142791672286023e+01 2.153155688970553854e+02 1.173233331921679508e+02 1.621454458602986790e+02 1.376698745108794242e+02 8.170075004405532582e+01 7.243165287833225818e+01 6.574753162383035487e+01 4.527931683844666821e+01 3.700351582407280659e+01 2.273236570097625631e+01 1.528184947345980405e+01 1.016962623790796094e+01 5.113891060640320063e+00 3.675774395620839741e+00 3.204888040046531383e+00 1.894726523502496596e+00 1.428439861549998247e+00 1.183143457256896625e+00 7.892091524679744063e-01 5.009151481058474742e-01 3.454323653264784744e-01
6.781001860260001024e+01 1.990512534145834707e+02 5.349861652837633130e+01 2.247560547171994187e+02 1.209843712456031994e+02 1.653699775919669435e+02 1.384294285396302371e+02 8.297160129789624250e+01 7.203501490018899744e+01 6.672628766798086986e+01 4.547806734364050385e+01 3.762242845128756130e+01 2.286879641324929935e+01 1.534448432754479086e+01 1.006535601259536783e+01 5.228932407932529003e+00 3.630739243050641551e+00 3.232165442659227228e+00 1.900625812202001663e+00 1.420110929642051767e+00 1.193414408196629140e+00 7.874695915996177131e-01 5.074450759246448284e-01 3.326187858685551446e-01
6.785403737635849097e+01 1.886318285950914344e+02 4.840780835532083870e+01 2.140670614782166865e+02 1.219680915328253548e+02 1.597500555173933208e+02 1.354852108107159552e+02 8.182960119881758487e+01 7.080957235078396650e+01 6.594358982465561780e+01 4.437657057953512663e+01 3.744083156483950603e+01 2.264949055684903811e+01 1.524541382121282140e+01 9.808784996276415313e+00 4.952360172661237847e+00 3.652321391402525652e+00 3.243556172628180523e+00 1.875239774442238216e+00 1.386967918842508807e+00 1.173795343393411850e+00 7.796443864804362134e-01 5.100247596463759470e-01 3.312189934996683793e-01
7.629531276065615941e+01 1.668067708675530127e+02 5.719642101171517368e+01 2.226457284982726890e+02 1.161657781160853631e+02 1.606781297836318743e+02 1.348017062949483034e+02 8.004411661901025354e+01 6.983921071507747058e+01 6.570185960502783473e+01 4.427551975053668087e+01 3.708958492356632064e+01 2.238644711573697421e+01 1.511598894042600527e+01 1.015414671138323577e+01 4.859619977242005007e+00 3.703052391261742127e+00 3.098141580864425926e+00 1.895865766659667662e+00 1.427378186390940273e+00 1.169154097021873007e+00 7.783929984202134778e-01 4.805174658141152522e-01 3.058722185231738111e-01
6.714258104557318063e+01 1.928896465932235458e+02 5.319833565566357692e+01 2.151009026330635550e+02 1.240264591353209198e+02 1.589882716433619692e+02 1.336290428813403821e+02 8.288146675338968805e+01 7.225004867789493801e+01 6.528824518253441056e+01 4.467262632939974054e+01 3.758849627998500154e+01 2.235411624440962086e+01 1.526387673316997962e+01 1.000103692904361630e+01 5.034309114873116719e+00 3.642248715367559342e+00 3.179152565553084564e+00 1.865425481495363469e+00 1.443665350446475371e+00 1.167337552753514363e+00 7.695635399643180330e-01 4.927403667761491857e-01 3.093172487986765029e-01
6.702600985060536232e+01 1.983754338014096561e+02 4.051355731643030111e+01 2.140508543166494064e+02 1.136140310724053393e+02 1.651507018652855550e+02 1.342243932576820100e+02 8.085679623394584326e+01 7.273581267538409634e+01 6.567094048543017948e+01 4.438574539067681002e+01 3.663424293284898425e+01 2.261824810744208847e+01 1.501996527123590219e+01 9.843770245809864150e+00 4.987192475647143297e+00 3.574148358496616495e+00 3.125685707558689685e+00 1.826981736209892349e+00 1.364098358949164425e+00 1.170472069186377695e+00 7.728322976302814951e-01 4.953141399589508498e-01 3.250798523469867751e-01
7.013068068871390892e+01 1.948360433579036908e+02 5.258937743354317718e+01 2.239045409671663265e+02 1.226976999549843441e+02 1.655645200971172244e+02 1.354447985960253220e+02 8.232505995991283498e+01 7.202418017741024414e+01 6.571209770551197948e+01 4.508521768363421245e+01 3.713547135375593200e+01 2.271303285757433343e+01 1.529829385954125698e+01 1.001457184583979121e+01 5.093558727593887170e+00 3.687146366649588725e+00 3.152529929075645221e+00 1.873276877264344220e+00 1.405975962282807190e+00 1.199650184753521920e+00 7.766616158259747049e-01 5.002750289087606328e-01 3.278733242782109203e-01
6.699890656532164712e+01 1.933957424694168310e+02 6.132908838847267674e+01 2.136578434167342664e+02 1.135916067365660780e+02 1.563064824655931488e+02 1.375629322101898993e+02 7.655745936249267913e+01 6.992035705856126526e+01 6.550766785488551136e+01 4.345293266387386666e+01 3.717608813300330439e+01 2.210316418318852882e+01 1.508954280124015490e+01 9.625352037761789603e+00 4.993955069367093103e+00 3.519402091851048464e+00 3.157004383278255499e+00 1.879580111571449663e+00 1.411952981753150649e+00 1.203245304897716750e+00 8.227755570175651068e-01 5.053864601488680108e-01 3.387365317147862931e-01
5.286790983119826848e+01 1.585752947627061928e+02 6.080252619103994505e+01 2.162068335700082571e+02 1.087497806413199584e+02 1.618202297419309730e+02 1.338794970012533270e+02 8.390516471185495107e+01 7.226229375590963855e+01 6.333180597808905077e+01 4.303360020358809379e+01 3.632730231351724370e+01 2.239000353578373748e+01 1.546652777690432146e+01 9.603556041249380115e+00 4.706268827988367320e+00 3.547847256110468361e+00 3.122171103242285639e+00 1.901261696200049478e+00 1.367688663146618078e+00 1.199386997414299660e+00 7.930976195482776214e-01 4.807349340417259032e-01 3.283591230951609652e-01
6.576449444969188107e+01 2.031508707834372842e+02 5.049894844759825219e+01 2.187578427147355455e+02 1.175815290687516494e+02 1.591824693818709591e+02 1.385582489229927035e+02 7.996681414467995808e+01 7.174407202382990079e+01 6.572832984025008329e+01 4.503896461998277090e+01 3.711390360575904168e+01 2.240418124470294359e+01 1.545474186058641308e+01 9.919719598028750696e+00 5.099219492900262551e+00 3.584388666943799429e+00 3.193013494254851370e+00 1.853193492910199636e+00 1.399600097035489377e+00 1.185890613295778495e+00 7.869471701249146633e-01 4.934395171832946514e-01 3.163617851855692886e-01
5.980762097665223820e+01 1.894979351766923230e+02 6.279062101111745875e+01 2.130337409564736504e+02 1.215165247405489879e+02 1.625705343060927532e+02 1.361673215114116715e+02 8.317340637084463140e+01 7.058483666837686599e+01 6.471591168864397048e+01 4.478231945597032393e+01 3.686036779884044279e+01 2.242332730679427755e+01 1.523622470223514647e+01 9.875633908423804286e+00 5.077399003068671313e+00 3.547446101014385178e+00 3.223065280846651781e+00 1.856986645265115587e+00 1.404821586734922745e+00 1.166643029342640192e+00 7.961800591113460390e-01 4.854616649237471493e-01 3.151303109985093553e-01
6.970004103572610177e+01 1.866283349870585653e+02 4.781931298710824052e+01 2.252709007528247582e+02 1.180799150258521024e+02 1.640647488419074023e+02 1.367707588289216858e+02 8.246355342703385816e+01 7.135250033913442280e+01 6.545388691156252037e+01 4.442029540909570784e+01 3.727969225773634321e+01 2.247529144339884155e+01 1.541693272341594856e+01 9.926552852850415221e+00 5.048704683644498203e+00 3.542255354577099169e+00 3.144182667752958071e+00 1.858712847449600192e+00 1.409861555228848040e+00 1.176340512654148185e+00 7.869944219813665987e-01 5.102658199779963599e-01 3.279095318439261830e-01
