7.336580966603534648e+01 1.738374704322359037e+02 5.936013862652767870e+01 2.329869071755690584e+02 1.621428991091101466e+02 1.750064485823249925e+02 1.520775594548277638e+02 8.309952931129282661e+01 7.518096674599418350e+01 7.002366398272971537e+01 4.774783836056914055e+01 3.904369372334971899e+01 2.415362355658331950e+01 1.664640782409245290e+01 1.064818533778451481e+01 5.223609012055232093e+00 4.116125473106775345e+00 3.065411158046320583e+00 2.172175515836308968e+00 1.594758695426456763e+00 1.248608211867854978e+00 8.664634323511801739e-01 4.925231245988553330e-01 3.262733375398625402e-01
6.929828447744344544e+01 1.794207897563057088e+02 6.158392567081780555e+01 2.417281021056815007e+02 1.558530186710776775e+02 1.825660168696795722e+02 1.533026369601229248e+02 7.978667466892051152e+01 8.052312275194960023e+01 7.090271420956554493e+01 4.818013562279994488e+01 3.941219273522946764e+01 2.437561780981339510e+01 1.676166768875956592e+01 1.069813133843667252e+01 5.217585375397251646e+00 4.104638676788766816e+00 3.148911831235327696e+00 2.043409478265418411e+00 1.627118231308008589e+00 1.228530239519471268e+00 8.371725388326400896e-01 4.898675863486584015e-01 3.448182469603127687e-01
7.457998185905152866e+01 1.788373797027652756e+02 5.554598025001921258e+01 2.305348785543623080e+02 1.594894226036720681e+02 1.758199412362932890e+02 1.539806996155670618e+02 8.068942213864207247e+01 7.600455375056742469e+01 7.193109118639875987e+01 4.930956159492917834e+01 3.934517556031693886e+01 2.483813911851978418e+01 1.671551960408100257e+01 1.075270698353611643e+01 5.322839908360609051e+00 4.149663412569058352e+00 3.090452200004996097e+00 2.074660478211225456e+00 1.628568958119473997e+00 1.242416034149603554e+00 8.469695124066751735e-01 5.097497025392616621e-01 3.369750594455349635e-01
5.567975878358025454e+01 1.709491253641977266e+02 4.328179841093427171e+01 2.315738423405730941e+02 1.615068574013263003e+02 1.788755121264110528e+02 1.534252929542199695e+02 7.831858716388414621e+01 7.561963568682597270e+01 7.160903249985409502e+01 4.771526442404265111e+01 3.909528186626270241e+01 2.440575457701367057e+01 1.653999485203621944e+01 1.065360309068790023e+01 5.221089464212051112e+00 4.031325040950578753e+00 3.039432453138722678e+00 2.030855888328555903e+00 1.612689993148900491e+00 1.276198058891008236e+00 8.618717468816406990e-01 4.919247871350184154e-01 3.218067743610004139e-01
1.089965708238909201e+02 1.853156479779925405e+02 6.195841584930613521e+01 2.397831279473900850e+02 1.644669933212553872e+02 1.843874176640577218e+02 1.540492506367829435e+02 8.146790869835123772e+01 7.760267702776302201e+01 7.196553584058528941e+01 4.757818761481333070e+01 4.054293684452814261e+01 2.436175076286451002e+01 1.691396842493333352e+01 1.072677540877594815e+01 5.312659287561541710e+00 4.051228580942533242e+00 3.086731856401403018e+00 2.093042500631325353e+00 1.610236306760813640e+00 1.317225171996841304e+00 8.627879674940578392e-01 5.005382999359517804e-01 3.582205057676697835e-01
7.392005004166293247e+01 1.693875454913290923e+02 6.549133250807264517e+01 2.254671548532628833e+02 1.615827662038059884e+02 1.759461486535227266e+02 1.532497677296001370e+02 8.272722778738085481e+01 7.526889975764470364e+01 7.040069355149393004e+01 4.805460439245590010e+01 3.937524492871870052e+01 2.452197707820243622e+01 1.685617431495458263e+01 1.041703009475051545e+01 5.140008045564624872e+00 4.036419224474681933e+00 3.122797271527487428e+00 2.058984171254521378e+00 1.578391720035738688e+00 1.251224808948688372e+00 8.426738172177550279e-01 4.642170271343126209e-01 2.930724936693604454e-01
8.772438986806675132e+01 1.596011342971996214e+02 6.822103995956656775e+01 2.215479120069477119e+02 1.659478727399257707e+02 1.785813618517805708e+02 1.529168161759358497e+02 7.817914838895704577e+01 7.484011333506370534e+01 7.059431918084152358e+01 4.818336201882401326e+01 3.942114168027078591e+01 2.407349308800974796e+01 1.644029075925375594e+01 1.054998805046156640e+01 5.248152858250499264e+00 4.134571090116074821e+00 3.154225111054467234e+00 2.133897104549639767e+00 1.640876216840484236e+00 1.295603905032126191e+00 9.023480832597979839e-01 4.797663500302187245e-01 3.261585829117874535e-01
7.021264067677333287e+01 1.836737912346973758e+02 6.736257733474997167e+01 2.374487205618181918e+02 1.646179303996782721e+02 1.775277680932652800e+02 1.546978069099313871e+02 8.159825630359999593e+01 7.827687324009011149e+01 7.167067200793078996e+01 4.729322343021953401e+01 3.988733494557413195e+01 2.465415533380351931e+01 1.678218588854107551e+01 1.092715160117403528e+01 5.260488264478830445e+00 4.048635460886755411e+00 3.146151076493830523e+00 2.032872364858250513e+00 1.589368592272601965e+00 1.298630849085922190e+00 8.461872406950280423e-01 4.850412851482134857e-01 3.113213920097351872e-01
8.042932922642658866e+01 1.717526586894757372e+02 5.942536432810315006e+01 2.287995749028515604e+02 1.555796967568315665e+02 1.795851302533458806e+02 1.495085900618025221e+02 8.236492254430687865e+01 7.667401512764863014e+01 7.227065259947573850e+01 4.869145103987374767e+01 3.923358769139316848e+01 2.448651485913088521e+01 1.602549898095110592e+01 1.038688460760768884e+01 5.323638166713522857e+00 4.042528252595117166e+00 3.272569797758430266e+00 2.112323790592204542e+00 1.601882510183927355e+00 1.296299434186573007e+00 8.611887547920711317e-01 4.902189812578709449e-01 3.238708545577665410e-01
5.509154388236653688e+01 1.811337951295280106e+02 5.605935255845041354e+01 2.307486974170801659e+02 1.606003869789769567e+02 1.789166096032293751e+02 1.520903013278851006e+02 8.069226999716175897e+01 7.692597687983823107e+01 7.117051700572893935e+01 4.759058525529178496e+01 3.914887190598510358e+01 2.447423903871134954e+01 1.675623505154066706e+01 1.078168278525250301e+01 5.100683229567273713e+00 4.047723910223283816e+00 3.107480277164086147e+00 2.056310489489106441e+00 1.621578951724647499e+00 1.265807167994178473e+00 8.741281107467904210e-01 5.188747322452781363e-01 3.486917646110840874e-01
8.494514400604661830e+01 1.770848564400663747e+02 6.016393919761040365e+01 2.266542170710583548e+02 1.591623055930085400e+02 1.801247248886140824e+02 1.529037577000082706e+02 7.884109975445805674e+01 7.630706846591294834e+01 7.128766810173867441e+01 4.756460014016570881e+01 3.964856417401195898e+01 2.446205525263776082e+01 1.688598101825911968e+01 1.082062548839025773e+01 5.303590931017286181e+00 4.004348684636183542e+00 3.166032609760073058e+00 2.005696856344322043e+00 1.602375335580979776e+00 1.251482877364681334e+00 8.741390667810564619e-01 5.304909023782696798e-01 3.436875486282811032e-01
7.863524808272057953e+01 1.795484809538386912e+02 6.295731558455891985e+01 2.212248670243727133e+02 1.598496183584633457e+02 1.853077074699778279e+02 1.538630421371224486e+02 8.028883612342045240e+01 7.618705208423084230e+01 7.196517609846797825e+01 4.837514796217388380e+01 4.048990385508198386e+01 2.484329230533085919e+01 1.675298844436892409e+01 1.069114495764729966e+01 5.509053802312683601e+00 4.231650948838111326e+00 3.036203359698181448e+00 2.069783811881104718e+00 1.629244575112382076e+00 1.264854119714403424e+00 8.597014882986625528e-01 4.873097881793772013e-01 3.277406103331838572e-01
8.448568198332282009e+01 1.667695430210784480e+02 6.138204368006626055e+01 2.300403931084385647e+02 1.636717486776600481e+02 1.780312276322345610e+02 1.505526152616961326e+02 8.110437045557875990e+01 7.738429930790036337e+01 7.195719824685559729e+01 4.797791521926291125e+01 3.945357769957706751e+01 2.451375122829153241e+01 1.670651053444447953e+01 1.081439783340929850e+01 5.270100903872283915e+00 4.041880493261341023e+00 3.120705770959570913e+00 2.085202723974131978e+00 1.620215819054901640e+00 1.267520514400413800e+00 8.508825312837889898e-01 5.168151856408305100e-01 3.291287804709637221e-01
7.656792887530291125e+01 1.511505314024714153e+02 6.136119652857637874e+01 2.243246093627153925e+02 1.580022958195154672e+02 1.870026315009222060e+02 1.507806735409015744e+02 8.005588062171345598e+01 7.492631701572715031e+01 7.175458357523021391e+01 4.827428770461168028e+01 3.935145985001145874e+01 2.456038283475633932e+01 1.650969060935036126e+01 1.082895308034436788e+01 5.170465511351260091e+00 4.045712949078676068e+00 3.109123807804018647e+00 2.055945815130043819e+00 1.584243659535406579e+00 1.272713804664409754e+00 8.779146950862842802e-01 5.124947064949441078e-01 3.252238241626000947e-01
7.196013503999512295e+01 1.776056704261316668e+02 5.770149717325730165e+01 2.276394589840253104e+02 1.599870102252018285e+02 1.791429688022931828e+02 1.547312207051839721e+02 7.862176293981768538e+01 7.564424958857328818e+01 7.114797951574612966e+01 4.821227200777733657e+01 3.949739024426020961e+01 2.410224471262221257e+01 1.652050299883724094e+01 1.071675848376108497e+01 5.499671520681632231e+00 4.118835227415492461e+00 3.030884862461713514e+00 2.024057697773737008e+00 1.581267284044406196e+00 1.222321010572930744e+00 8.869828798583295759e-01 5.352107447992240363e-01 3.261190982551230300e-01
6.753098031996580630e+01 1.819830257246964322e+02 6.282029212104729510e+01 2.209878808344432741e+02 1.679232508312358902e+02 1.773285396198877493e+02 1.545326587828463403e+02 8.014655046987232367e+01 7.683865424811291689e+01 7.118600057390521840e+01 4.727821540605794581e+01 3.984453464972479964e+01 2.513380948304666518e+01 1.670208045777301109e+01 1.100194695604537287e+01 5.389837846051921844e+00 4.055401820518317990e+00 3.036055291389589073e+00 1.994591217411274542e+00 1.577951076861497048e+00 1.308537156996657735e+00 8.923730259376434493e-01 5.550829304893584171e-01 3.277420718733461968e-01
7.562236291411727507e+01 1.682310267634445040e+02 6.842418243389785459e+01 2.243335827029663676e+02 1.688284791647468239e+02 1.755329135765632316e+02 1.543010153031167988e+02 8.405088775581998561e+01 7.627608974599748137e+01 7.175007138056598421e+01 4.812787079110879773e+01 3.930870063292825733e+01 2.451817742881162943e+01 1.688806866374748594e+01 1.084574256471769615e+01 5.457909516755167445e+00 4.148654840213212402e+00 3.040183442217251564e+00 2.037939461186367485e+00 1.596923339508829365e+00 1.274364172993180055e+00 8.344741741917052202e-01 5.205876022654719604e-01 3.228895332359586479e-01
7.209861020384455799e+01 1.850448105094239395e+02 5.995873629461640775e+01 2.346114232913662363e+02 1.555997469044191348e+02 1.811712935234596955e+02 1.548621905013462765e+02 7.955823420304848526e+01 7.555790881066441500e+01 7.187718684701441418e+01 4.755154883471904270e+01 3.917373159830575702e+01 2.471216044478471829e+01 1.703038308537424683e+01 1.062640871833822054e+01 5.102748353073748078e+00 3.947908253994322880e+00 3.083161315438424310e+00 2.017038025058653261e+00 1.607159500219755621e+00 1.295075025467964158e+00 8.596913987023092618e-01 5.300013984504750031e-01 3.378270499645948943e-01
8.099071795114683425e+01 1.950299509947023751e+02 6.245022260839780159e+01 2.394972195265933408e+02 1.704861372390522547e+02 1.750674244415064322e+02 1.490067690534185658e+02 8.240518927153641471e+01 7.738906964346109874e+01 7.056003190625959576e+01 4.693178044824694695e+01 3.995577199163678017e+01 2.465120775620639648e+01 1.654501525155174235e+01 1.065621225864868293e+01 5.145465446886353433e+00 4.188776700679054166e+00 3.125173876277432150e+00 2.070073287805044071e+00 1.681933668277913130e+00 1.282780573066022223e+00 9.080341101682140037e-01 5.104484510783403595e-01 3.182160707892693341e-01
8.394098336955715922e+01 1.842794556708081473e+02 6.057486128106523182e+01 2.312342260337114794e+02 1.600392609647609277e+02 1.784290372670483009e+02 1.542154911616690924e+02 8.189198820506965149e+01 7.619278018289968202e+01 6.956490064889729297e+01 4.768740891489329670e+01 3.908739962866791728e+01 2.433029694115642272e+01 1.688227572958627576e+01 1.082034792304769155e+01 5.195777245515178500e+00 3.921497900245441759e+00 3.095144881684873894e+00 1.997258726899780346e+00 1.591716984012411684e+00 1.197396956927773148e+00 8.897047821862619221e-01 5.266451092520665345e-01 3.333969321580272926e-01
7.881603673036653390e+01 1.828435693895632710e+02 5.324208192553748376e+01 2.264177216992940203e+02 1.628302043234868393e+02 1.772400526822084430e+02 1.545534620070413609e+02 7.884083787162300894e+01 7.734344738968985666e+01 7.008623759503188921e+01 4.814408194474797398e+01 3.979056134863247252e+01 2.441684936568546860e+01 1.687462148813999363e+01 1.070760665292931968e+01 5.178390450965017600e+00 4.041283043095106109e+00 3.115282607264592496e+00 2.077460464579692356e+00 1.547355302234641128e+00 1.301416881288656402e+00 8.774025030485012033e-01 5.034594030666311726e-01 3.311057281992987877e-01
1.003654050190354639e+02 1.739639055534721876e+02 6.082397369072687354e+01 2.129781515096773319e+02 1.609898306163329949e+02 1.803238940064105407e+02 1.552249302637216886e+02 7.779337269514998354e+01 7.701453916062476424e+01 7.186815613687954851e+01 4.685629030933164074e+01 3.972583772740880192e+01 2.386862520312070757e+01 1.663629207384724040e+01 1.067628902090772414e+01 5.335567412861344394e+00 4.066510843774723938e+00 3.104635070456317703e+00 2.077950857622695935e+00 1.575437740996860514e+00 1.283149763403538479e+00 8.732369612869644859e-01 5.318389194990591484e-01 3.447069471590207823e-01
7.704187494416797222e+01 1.668269810274108238e+02 4.796036711980629264e+01 2.273691172354662910e+02 1.659084197071346978e+02 1.776537483079283675e+02 1.496409862748686805e+02 7.894903798768032743e+01 7.695841083220682322e+01 7.080152815038674419e+01 4.659550067261393735e+01 3.902341473199022204e+01 2.482286161768501387e+01 1.674121400929868031e+01 1.078072040085599426e+01 5.252957035254083529e+00 3.969615112993091888e+00 3.083370771299730695e+00 1.996275184124830515e+00 1.581814990851897029e+00 1.291141792574745040e+00 8.633714617184767848e-01 4.874473358825600067e-01 3.407118061939022891e-01
7.810231590591871509e+01 1.807441873870298252e+02 5.917429524896198956e+01 2.078112062430583649e+02 1.596714052899256444e+02 1.728420837003274926e+02 1.539692365352399577e+02 8.236197840409094795e+01 7.711844599441391779e+01 7.070225055028231509e+01 4.829325128369941211e+01 3.910842387177487467e+01 2.474848595679965513e+01 1.692485048608941867e+01 1.091156910955194270e+01 5.205429735068917374e+00 4.076474296853487722e+00 3.176801698391150008e+00 2.040426017806573178e+00 1.582677496943303508e+00 1.274004763870233869e+00 8.676757542171507076e-01 4.874986675681883264e-01 3.237115536250170234e-01
7.973759217065813232e+01 1.927520071118343878e+02 6.170008544555135899e+01 2.218490832128019861e+02 1.610604109044893733e+02 1.781984604782575161e+02 1.496763372172970321e+02 8.191984090035110455e+01 7.649757355922153579e+01 7.128245715969063667e+01 4.909123454347707138e+01 3.929204013782314320e+01 2.472879426559983784e+01 1.636574350349670226e+01 1.073058139720536097e+01 5.363034486393795319e+00 4.139561288686715912e+00 2.964223991965820204e+00 2.003732895524916735e+00 1.566100210403702730e+00 1.238581172046339551e+00 9.031837459432375814e-01 5.381618054090882008e-01 3.502828087890863529e-01
7.858148863819963026e+01 1.733497363793429429e+02 6.122212782845804213e+01 2.341144295893768685e+02 1.644481901497467220e+02 1.744583100975488037e+02 1.519282425578845732e+02 7.846027054478840057e+01 7.496424659320626915e+01 7.126442558489017642e+01 4.823388429977919856e+01 4.067723795474999093e+01 2.466705317952061449e+01 1.692534036091269556e+01 1.081019727547321274e+01 5.311990733797360420e+00 4.046320892067389430e+00 3.057351758312121692e+00 2.037487577690535456e+00 1.580326257440850979e+00 1.290105111611325794e+00 8.629239421462204795e-01 4.865636545708355576e-01 3.327337637110346358e-01
7.887434487930816829e+01 1.808019121010522099e+02 5.695198544677036523e+01 2.325777894847273899e+02 1.578562149711827942e+02 1.793703473749329760e+02 1.521068634790099168e+02 8.147593574889999957e+01 7.671228773381518806e+01 7.033825070457457684e+01 4.722811555826335450e+01 3.893670413526695029e+01 2.505183372418317589e+01 1.648117572015300425e+01 1.077794793901278503e+01 5.254596932366841777e+00 4.179091696249132681e+00 3.118248410267049575e+00 2.075837267582016477e+00 1.618021230057202553e+00 1.325720176205703593e+00 8.853756215326695767e-01 5.146181248776374728e-01 3.439198789725093630e-01
7.888886902543792701e+01 1.828539301720131220e+02 5.736718892119728253e+01 2.264606599122564887e+02 1.666535490326692468e+02 1.764152551999802085e+02 1.525506616457406324e+02 8.197836634775211451e+01 7.503387131240812380e+01 7.051680058760415193e+01 4.763059693520865068e+01 3.938600605680215239e+01 2.485752587932044477e+01 1.696429021563742978e+01 1.067985833453999156e+01 5.219366291948436931e+00 4.180584570852190041e+00 3.124983447207676068e+00 2.101731515181098242e+00 1.583722027514606667e+00 1.244311290736571207e+00 8.588027845337982136e-01 4.944516955411459858e-01 3.240523246476575969e-01
6.566458406419181415e+01 1.747713712840934477e+02 5.765229285485135335e+01 2.247957085610807724e+02 1.565635759724820275e+02 1.774876595875056466e+02 1.539811556763578153e+02 7.751014203702392535e+01 7.575579786879366395e+01 7.094145662071532854e+01 4.824170370499661686e+01 4.006886575252620020e+01 2.487349251661279226e+01 1.707868462189962244e+01 1.065024286974800560e+01 5.481230462838908579e+00 4.128710786959264745e+00 3.103400633895333716e+00 2.091123605479900061e+00 1.567097932732669952e+00 1.270204622744323109e+00 8.688398232900818030e-01 5.398438718066164155e-01 3.592848207507023384e-01
7.018524657697837199e+01 2.031572559338726194e+02 6.091757090595763202e+01 2.149171424033807227e+02 1.603619752742592084e+02 1.717162550097406495e+02 1.528606621528647054e+02 7.479580378771571247e+01 7.614516781335660767e+01 7.171606393517335221e+01 4.869981264155929779e+01 3.974247935662584297e+01 2.463155662089221565e+01 1.649686164946282219e+01 1.092961132951489667e+01 5.129264501371538110e+00 4.104799489604233464e+00 3.066518240848874477e+00 2.067979072844718491e+00 1.617742773602879325e+00 1.314516893276916898e+00 8.718727832503911923e-01 5.064598540732911935e-01 3.217971641316397791e-01
8.036846393522131393e+01 1.930078789274289477e+02 6.534757322904175680e+01 2.382710577881938718e+02 1.597271837892923259e+02 1.799872564054246027e+02 1.497140446614895097e+02 7.972721344590397052e+01 7.717430880255173520e+01 7.110045380938026938e+01 4.808835112513935428e+01 3.961859491234057629e+01 2.422733133348327428e+01 1.684885915171181736e+01 1.047075906628656483e+01 5.093302040339303005e+00 4.114626083496924380e+00 2.958997226195995811e+00 2.063910705296302162e+00 1.663122650688336535e+00 1.321612406066254408e+00 8.258672257673211892e-01 4.710457440868506263e-01 3.595565184105335432e-01
9.776754167484418190e+01 1.936266803304629889e+02 6.310487709684329616e+01 2.190640300492336223e+02 1.634911648353861437e+02 1.816554839711848217e+02 1.521142235444357595e+02 7.788301714207776172e+01 7.744915031311251141e+01 7.116169499534844078e+01 4.697424777525730377e+01 3.921660895096002264e+01 2.414824821590238813e+01 1.634265998359220973e+01 1.073025627340806665e+01 5.225843386973585858e+00 4.065712321232918036e+00 3.052228332898142771e+00 1.936851666722565479e+00 1.523017426057849288e+00 1.258036771113814956e+00 8.628669004650428853e-01 4.917355904501226616e-01 2.957761906990952760e-01
6.222922345402596989e+01 1.697812893612785956e+02 6.576237471849752581e+01 2.278779250122006204e+02 1.634986707736836422e+02 1.819398070201815187e+02 1.551105497262246047e+02 7.932464105254068443e+01 7.740463505889881901e+01 7.185937785203367412e+01 4.802926918970625536e+01 3.968497148201353752e+01 2.412324796407047245e+01 1.737080453292963611e+01 1.059819880691682314e+01 5.039302556846878112e+00 4.033765362651331898e+00 2.996625692274357267e+00 2.039738164397326248e+00 1.570851964235481679e+00 1.277397893180267197e+00 8.830478503486370867e-01 5.111545656474311139e-01 3.215387120802979948e-01
7.945093239484342007e+01 1.551899673099902657e+02 5.239813098268440683e+01 2.398435400132231905e+02 1.647779922691222225e+02 1.844717089090998741e+02 1.548411762409595838e+02 8.054696844586200655e+01 7.550965314822754237e+01 7.120789559102006194e+01 4.814041721114458738e+01 3.929790133624275938e+01 2.481636879088875958e+01 1.710272652981861796e+01 1.072414911827538830e+01 5.335967368273128564e+00 4.032004840506702159e+00 3.078460584842359626e+00 2.148565099408226597e+00 1.594560994058562775e+00 1.316599900604678242e+00 8.993738926877407058e-01 4.871113888074161125e-01 3.492750933368511945e-01
7.982053022739339099e+01 1.615866892222040860e+02 5.732399017855856016e+01 2.400479389803367383e+02 1.599140086818860880e+02 1.805396401767711723e+02 1.567017262513997480e+02 7.880137897649242973e+01 7.652396143687650465e+01 7.016875647018216000e+01 4.805301063979677423e+01 4.068916988387379519e+01 2.472242659046662538e+01 1.678876126435368832e+01 1.079993084614948806e+01 5.236466798205168693e+00 3.940469618347691494e+00 3.058324917744024596e+00 2.068941346841526308e+00 1.591176970971377447e+00 1.301498914196968615e+00 9.275440935868501935e-01 5.342927212026212791e-01 3.506365128699832634e-01
8.964642391410868072e+01 1.779467928996419630e+02 8.630728953640968371e+01 2.331234812111347594e+02 1.537295397406610107e+02 1.823623327193818113e+02 1.539532513791242536e+02 7.850362949074627750e+01 7.865511951466602625e+01 7.165508901791135088e+01 4.777896377671964956e+01 3.907896299071225599e+01 2.404389752317583984e+01 1.681227297368781493e+01 1.073579026785589541e+01 5.194650006185185021e+00 4.093176920512962447e+00 3.116850685007184207e+00 2.095223246410936824e+00 1.582661379680920355e+00 1.290903064509564047e+00 8.640708119596866021e-01 5.043840505830697873e-01 3.318175326544538506e-01
7.587121161464237673e+01 1.867698112901909440e+02 5.786553746293891720e+01 2.272791121655347979e+02 1.624549032352899758e+02 1.816828298056433653e+02 1.526956442441157265e+02 8.077264249254207584e+01 7.610812999868716133e+01 7.049316145131768963e+01 4.866987588610442828e+01 3.956481336104181423e+01 2.487978284588884392e+01 1.668997796562804581e+01 1.086555525201685413e+01 5.019223525482562565e+00 4.054562485523145909e+00 3.162759754820123170e+00 2.050905818734445329e+00 1.590773202059125202e+00 1.314643984443401248e+00 8.890734558661925746e-01 4.828295891351478408e-01 3.241170311183463881e-01
6.625121731543345049e+01 1.837480506171364709e+02 5.370271065984105263e+01 2.302790337908067784e+02 1.612322004565452573e+02 1.765752243666752861e+02 1.537171840939893457e+02 7.940254473974491134e+01 7.519190124778184270e+01 7.122600788960075135e+01 4.745103678481071796e+01 3.949572517980918462e+01 2.462392363783315830e+01 1.661400170266121989e+01 1.066850433354364291e+01 5.273327572271088393e+00 4.079217023953621180e+00 2.995514545625205916e+00 2.000151860920631464e+00 1.591051280585312755e+00 1.281902981568779465e+00 8.939206631221588983e-01 4.974019639688772587e-01 3.358610579715802791e-01
7.665153211758403984e+01 1.792655718125743647e+02 5.905803818089606949e+01 2.356957795013521491e+02 1.637342724384108124e+02 1.730137317948511964e+02 1.527986780824848267e+02 7.880847673094113759e+01 7.547992533132064352e+01 7.045643998710262679e+01 4.813194893370184957e+01 3.999620900584933736e+01 2.447123882109891468e+01 1.684959296933607931e+01 1.061066701352154240e+01 5.218660660321115863e+00 4.099410983480423099e+00 3.026688183580309222e+00 2.081827402870836785e+00 1.596789666098048732e+00 1.302732632210551023e+00 8.792216302007074269e-01 4.995105118697719671e-01 3.316392120585953673e-01
7.143219581159746667e+01 1.856158938697371070e+02 5.418515842417807704e+01 2.240976314528831779e+02 1.584334477932352456e+02 1.748962499198682963e+02 1.512231197799711708e+02 8.376218684529059999e+01 7.467297141385307668e+01 6.980832604015132858e+01 4.807538229467060376e+01 3.921673880238527232e+01 2.459735722371153344e+01 1.681679791095674403e+01 1.113600030052870871e+01 5.077637735549302533e+00 3.868092886599979963e+00 3.160822957550897261e+00 2.000711312681576981e+00 1.583875671169131527e+00 1.250671029733936512e+00 8.219672497612682260e-01 5.080518277056442766e-01 2.957449867356032325e-01
8.835237389313478218e+01 1.790813361480724382e+02 5.666260813595713586e+01 2.262644933434201278e+02 1.637623293793968742e+02 1.808256451562372149e+02 1.554667081975199210e+02 8.151178998447700508e+01 7.657912256647388460e+01 7.124707669656095277e+01 4.787071669682463693e+01 3.909407276835142397e+01 2.423638931837297505e+01 1.673149365864567883e+01 1.055220814799210771e+01 5.179532335626386264e+00 4.077408508420846012e+00 3.027257621472044136e+00 2.128675644385804588e+00 1.607067320292297596e+00 1.242521661205143957e+00 8.846115517130554995e-01 5.155247509677122197e-01 3.167942867923850825e-01
9.916798241253890467e+01 1.634409109757239094e+02 6.030369753442469971e+01 2.217759195107437336e+02 1.595783479039196493e+02 1.814652615583002273e+02 1.521535745876583974e+02 7.882487962658309755e+01 7.607165108439787105e+01 7.115303955886604115e+01 4.795903766371291255e+01 3.994787756318957861e+01 2.473609899487848907e+01 1.667619658324576548e+01 1.097097554130794528e+01 5.091382718289372278e+00 4.093123473924818789e+00 3.021151992120933993e+00 1.992700399567130187e+00 1.612224548781910016e+00 1.296459847247852792e+00 8.575773700917519449e-01 5.175156526948305746e-01 3.315315146255607970e-01
1.047968027445724175e+02 1.774760601541006793e+02 7.014044138667816242e+01 2.268589609430364078e+02 1.631909775890256356e+02 1.818380067031241936e+02 1.524271382737224485e+02 8.096101106740619002e+01 7.698054772898977660e+01 7.135327795352935709e+01 4.787334772487116652e+01 3.997792583475681027e+01 2.452673833848779950e+01 1.645751711608662404e+01 1.059665228176087126e+01 5.284697104860574868e+00 4.137681047812656665e+00 3.062845440111902739e+00 2.088594046432118656e+00 1.611818749789740268e+00 1.286023283727940614e+00 8.777844812515127604e-01 5.329727209166019719e-01 3.644694945188752810e-01
7.736176290818458767e+01 1.898677027191085642e+02 6.573958257783793613e+01 2.266991646058513368e+02 1.601096890952458125e+02 1.755699517319736458e+02 1.539249849091901865e+02 7.900108431260528619e+01 7.616830261704330951e+01 7.132974226089743297e+01 4.799054328280483617e+01 3.969079403793949012e+01 2.468831747658290965e+01 1.666315425144279061e+01 1.055978866383705750e+01 5.040066994623875196e+00 4.231746778169546808e+00 3.108423904152471273e+00 2.056101558021667497e+00 1.522002408981667498e+00 1.291989140894163723e+00 8.867218818125400803e-01 4.793365514863539567e-01 3.345060075612211192e-01
7.042864559413074232e+01 1.776822191583593451e+02 5.932232237902896799e+01 2.293304032555166714e+02 1.531196632125826795e+02 1.809849530062834049e+02 1.549875609659881093e+02 7.810421400359335564e+01 7.835951710093705458e+01 7.192425081765864547e+01 4.816112614022482319e+01 3.919477186200669649e+01 2.422814239521199298e+01 1.644098467847232925e+01 1.043900172466652165e+01 5.451220076819966565e+00 4.123008180774814235e+00 2.949552342075793199e+00 2.078011344388205117e+00 1.597636620760363169e+00 1.282112540646333843e+00 8.707215488174834261e-01 4.840241343837424215e-01 3.349549890604585078e-01
9.000246754502221336e+01 1.886767678899859675e+02 6.237947363908772047e+01 2.253143611932299279e+02 1.611747237174687655e+02 1.757385459029903245e+02 1.548467370284489277e+02 8.000661476363740121e+01 7.530213035294238466e+01 7.169109044453149693e+01 4.725733244321105531e+01 3.903971921056405137e+01 2.463164376617150708e+01 1.672989223419082094e+01 1.075705710683557292e+01 5.158164242179208436e+00 4.174861029392411105e+00 3.144060706695564367e+00 2.058402780103405494e+00 1.592080859968708184e+00 1.298455227710961113e+00 8.614704527417135216e-01 5.017531205885468193e-01 3.088794024874874644e-01
7.297600624652943679e+01 1.734646564104782271e+02 6.516521849697726054e+01 2.349073658271129830e+02 1.582903579900151954e+02 1.744881990977779651e+02 1.572038143929058833e+02 7.869685605520612626e+01 7.615145171935414226e+01 6.970609983060039383e+01 4.755809948584023061e+01 3.926547271744864531e+01 2.436786953394231858e+01 1.701255695651875044e+01 1.057979022307491412e+01 5.433741743674013414e+00 3.841343786612461120e+00 3.080771225159546045e+00 2.063724886628413024e+00 1.582316390466687483e+00 1.278913922599992148e+00 8.739713038287402203e-01 5.026873740381563316e-01 3.353646984432542277e-01
7.883302125766644508e+01 1.716364064102575924e+02 6.601709609621553909e+01 2.325406346480069146e+02 1.619601091519062379e+02 1.819630280007798433e+02 1.530270565393285267e+02 7.908193056832311640e+01 7.445124675297050487e+01 7.099506053197443123e+01 4.781165218504000336e+01 3.907465841493542058e+01 2.475638223588278919e+01 1.652106080521380349e+01 1.080170857079926705e+01 5.247436484800529932e+00 4.205944792314141090e+00 3.183235564531046613e+00 2.087595705734044405e+00 1.588799034132630572e+00 1.290325301211188602e+00 8.949467272162434650e-01 5.145257485227329175e-01 3.394818874434360478e-01
8.130506847700758044e+01 1.790694172160157791e+02 6.336707753198330551e+01 2.312862637851858096e+02 1.601716319135883850e+02 1.762324989545045355e+02 1.536343518810933517e+02 8.008495873888432470e+01 7.456637560170591428e+01 7.114716583377862946e+01 4.801572637365475771e+01 3.949129019748509251e+01 2.444494608539761060e+01 1.676852454995417219e+01 1.087675328569220312e+01 5.242065244804452462e+00 4.115069759087964130e+00 3.180121984647013456e+00 2.074769219951937860e+00 1.587415235146968806e+00 1.276431706388490239e+00 9.132772420059640517e-01 5.167235565002075148e-01 3.285347430636198496e-01
7.442312504222573466e+01 1.777258708583206896e+02 5.034286065397701293e+01 2.323047532366031476e+02 1.598678393969060778e+02 1.812724578848563226e+02 1.534042304771739680e+02 7.960108407676983688e+01 7.521626481879653170e+01 7.146389886953065229e+01 4.735842074348991559e+01 3.944936654910937790e+01 2.435179820332006884e+01 1.661374398177892786e+01 1.080334831078724278e+01 5.178114984429597278e+00 4.161140758462583911e+00 3.140403437538221709e+00 2.063105875865046013e+00 1.683292347842912706e+00 1.309134747952003908e+00 8.893332766320619642e-01 5.314479194568983988e-01 3.543779079039474089e-01
7.515013200116025871e+01 1.767811347847116963e+02 5.674291579080558279e+01 2.433073870055382883e+02 1.628735553863764380e+02 1.796291073655691548e+02 1.540657230675374763e+02 8.169621726024801944e+01 7.704980517332417378e+01 7.170383452673803504e+01 4.707955388734144009e+01 3.916832716470842257e+01 2.468614072157708250e+01 1.685555912180567262e+01 1.071189971322914047e+01 5.199852077290304742e+00 4.050688954760132354e+00 2.981005510189265628e+00 2.078362481576216503e+00 1.574332105899928891e+00 1.237605359876241096e+00 8.438157995148094503e-01 5.096494954302333014e-01 2.952086383458055741e-01
7.979997622849349170e+01 2.030691523434786632e+02 5.383037440193461265e+01 2.234047592814473262e+02 1.588065587063830151e+02 1.768932264494116851e+02 1.543348826679922183e+02 8.206809461831090857e+01 7.677543767159727395e+01 6.989225439961242614e+01 4.653926477896301606e+01 4.005546988676017151e+01 2.461220744100214119e+01 1.689046550061799934e+01 1.051253667184109730e+01 5.352688156671955966e+00 4.124650995243445806e+00 3.037998139404951115e+00 2.032965930621679629e+00 1.593991922005903339e+00 1.248262220783257881e+00 8.691727883093650631e-01 5.300416072922815580e-01 3.476007822250212209e-01
6.999709365469377076e+01 1.872617403560117850e+02 6.391608667011530542e+01 2.219919509796166892e+02 1.632990249069476079e+02 1.717529519978805581e+02 1.534260048967296086e+02 8.109718130560918326e+01 7.644247841364490625e+01 7.207256124330795899e+01 4.758245755459385151e+01 3.959810944224473417e+01 2.454537299705945941e+01 1.646115202305957581e+01 1.057448509215339527e+01 5.099518405200391236e+00 4.064190896761787464e+00 3.148237392865640860e+00 2.047839220869141386e+00 1.656865137053769921e+00 1.216336334226670646e+00 8.561052213019014756e-01 4.952172792849319216e-01 3.210618287132744331e-01
7.405298174282830814e+01 1.831104242540531004e+02 7.159111452733402814e+01 2.265918008327873281e+02 1.719068030072593558e+02 1.760320040598490436e+02 1.531373007590853206e+02 7.987475247137227541e+01 7.501027408226654813e+01 7.259619398117102662e+01 4.760816218246873177e+01 3.850153044310113160e+01 2.414036612554147609e+01 1.669596915873233911e+01 1.079901296026990565e+01 5.257999058624891475e+00 3.882928324140369369e+00 2.914863087251422513e+00 2.059314651327733170e+00 1.523726442447248308e+00 1.233006847104875847e+00 8.654824452165279514e-01 5.192083515763036283e-01 3.418541357371004397e-01
8.396209045160810547e+01 1.747385130830453761e+02 6.756943806313422840e+01 2.384606583483648024e+02 1.611059481102850555e+02 1.793486761394840130e+02 1.524387738424303507e+02 8.145904230597585638e+01 7.448993550552032161e+01 7.149942327377171125e+01 4.819644196768039990e+01 3.943279573308259955e+01 2.467222300435459204e+01 1.710043362642946718e+01 1.085560831620010802e+01 5.247576334678566212e+00 4.064030243144771681e+00 3.152538912902939749e+00 2.067680347091657822e+00 1.611284323313525890e+00 1.277768057986914174e+00 8.704263187535269397e-01 5.046664869698623823e-01 3.376061314491813348e-01
7.010044088478674951e+01 1.737609083101031615e+02 6.700401218430407368e+01 2.324586345462558370e+02 1.633261358785125879e+02 1.765945124721014849e+02 1.554064855095313078e+02 8.191158754423170762e+01 7.637708469822001689e+01 7.098960193452478507e+01 4.766227316425825933e+01 3.958535496899454387e+01 2.479420572704718495e+01 1.679923826272437992e+01 1.062367716465380063e+01 5.135854169928788515e+00 4.094431378303525548e+00 3.057675174916843375e+00 2.060221148547957792e+00 1.623091495135510431e+00 1.298191981803979100e+00 8.519260797783566597e-01 5.139389560157392456e-01 3.290142621657482502e-01
7.921907718125699205e+01 1.811077325588479709e+02 6.479296720888544314e+01 2.301307141829159093e+02 1.673078056797756403e+02 1.761793242887738700e+02 1.532136809194489047e+02 7.845935443418166244e+01 7.688058189178174473e+01 7.182384477532033884e+01 4.769299426426140798e+01 3.939954320248505582e+01 2.442799980118007142e+01 1.684866491992942628e+01 1.081314554935635464e+01 5.312500742685648980e+00 4.016993096691460430e+00 3.039002438584556653e+00 2.053237938063488865e+00 1.611415591999021624e+00 1.290903092152308362e+00 8.828182753279510964e-01 4.980068976254193869e-01 3.092620216308339387e-01
7.661245759073645445e+01 1.772916632732507196e+02 4.899671775439796306e+01 2.259889559146200781e+02 1.595470274242325104e+02 1.756523703732001138e+02 1.532879217439759998e+02 7.896819820414108904e+01 7.676432741099272050e+01 7.115204861975080064e+01 4.752501786805849093e+01 3.940148712238938344e+01 2.435358785805194159e+01 1.665174373423039356e+01 1.067932533972909859e+01 5.302962814483001885e+00 4.028235405829841298e+00 3.116915752608462764e+00 1.993686353731760841e+00 1.623289634463974673e+00 1.282002726093672162e+00 8.762599830098104503e-01 5.080572683103448117e-01 3.494976081469849949e-01
9.231690556599019715e+01 1.801156679262806506e+02 4.110135607377686995e+01 2.356460474596372023e+02 1.623196700709763434e+02 1.795992591399275682e+02 1.522872757977478955e+02 8.153070372373520058e+01 7.505121137795224229e+01 7.125691733184785903e+01 4.737078271113487915e+01 3.952068853000700699e+01 2.428179961711084189e+01 1.669908379054437830e+01 1.067707426960888739e+01 5.022313282573509063e+00 4.064505013907019126e+00 2.934633913909973302e+00 2.013711674312610889e+00 1.472128460732979427e+00 1.202127664100203663e+00 8.408935130731839402e-01 4.759779546278621876e-01 3.058678717672008163e-01
8.785858874489194648e+01 1.684974185471979524e+02 7.543440892358943017e+01 2.214948866061907040e+02 1.664913721886517521e+02 1.734073693753936425e+02 1.502038738562948197e+02 8.255200244436076673e+01 7.668904725564742364e+01 7.117909282724056652e+01 4.610194185081539331e+01 3.971349256838993114e+01 2.449903266122107937e+01 1.679718832016380858e+01 1.064958944656282469e+01 5.133646494839348762e+00 4.138672196308897711e+00 2.959880808936796726e+00 1.976355176673855407e+00 1.539752722842933519e+00 1.217761635397196729e+00 8.385689112472013429e-01 5.005729885738251506e-01 3.266003306549267182e-01
7.694668515195617431e+01 1.818656358560463104e+02 6.934068130975059319e+01 2.339193170680736671e+02 1.615936032719216371e+02 1.762137823431454819e+02 1.549119113941059709e+02 7.967358596838295171e+01 7.644779764488758644e+01 7.094130800592341757e+01 4.777989513807840893e+01 3.979404507858367879e+01 2.447917244455288710e+01 1.692001418894863463e+01 1.096515846773327674e+01 5.131196079868291626e+00 4.066952193309607999e+00 3.078127946847927898e+00 2.063525860715726079e+00 1.592769749431512283e+00 1.266518630664627443e+00 8.785302013763308659e-01 5.042019741778220876e-01 3.438548215174136446e-01
8.026522851103791822e+01 1.722334628926051892e+02 5.860600778656344545e+01 2.314347046277063100e+02 1.545952040041834437e+02 1.784737874842987821e+02 1.508207992207131554e+02 8.118642451388673464e+01 7.730303293067615300e+01 7.112728062278864627e+01 4.789214665160559292e+01 3.894662243440834004e+01 2.426980135062402866e+01 1.652760107502907161e+01 1.069226252537263200e+01 5.251402629016319601e+00 4.056393202803727505e+00 3.019025419697133117e+00 2.040381056957330852e+00 1.606694743222542687e+00 1.253869286056703114e+00 8.803488955155012174e-01 5.321264923900583810e-01 3.234455898911882676e-01
5.247960471509725977e+01 1.723473158973209820e+02 6.248309324881299176e+01 2.237085492784031260e+02 1.577235459180118085e+02 1.812815124305665790e+02 1.533314208006538877e+02 8.306574142978162456e+01 7.668136383675805234e+01 7.162429794860138088e+01 4.785968534240406314e+01 3.946766464803597074e+01 2.385214878193686872e+01 1.714631592717622510e+01 1.077894159798088225e+01 5.349691207206483945e+00 4.138264360008117038e+00 3.105465535892728113e+00 1.993667221610081031e+00 1.601261083045937283e+00 1.293702526367287220e+00 8.871872816590344879e-01 5.351592662748423379e-01 3.446535355574142923e-01
8.593153826709077237e+01 1.837376124295067541e+02 5.090611515465901959e+01 2.293050437900746772e+02 1.602212651635206839e+02 1.768969716849370002e+02 1.533201748027306905e+02 7.965945623289155719e+01 7.559653371794924226e+01 7.108838252767429822e+01 4.904404438659596366e+01 4.036996141443670183e+01 2.481014630945916721e+01 1.703189802974989320e+01 1.065936098561857648e+01 5.278059827908677448e+00 3.973178128829103706e+00 3.152258988509749393e+00 2.090887174358578626e+00 1.608681062124047267e+00 1.269223071879993059e+00 8.569991813752373400e-01 5.064058847462084012e-01 3.334355673907096751e-01
6.693533778035835269e+01 1.747678740522143528e+02 5.761217184228348742e+01 2.316591661919997023e+02 1.605405040700418056e+02 1.772671779046686993e+02 1.550960795043934581e+02 8.071747462190519684e+01 7.630978799293562531e+01 7.018968463721667206e+01 4.794896187046322211e+01 3.866117013978296768e+01 2.475734401778755611e+01 1.669010485749493355e+01 1.073556749712948033e+01 5.253130718970652424e+00 4.152750886051319590e+00 3.009240836509868178e+00 2.052925445339743860e+00 1.623689289976127270e+00 1.255527961103458878e+00 8.726748961985441033e-01 5.087265041902528928e-01 3.440545018902856356e-01
6.619739309449900588e+01 1.766534754050868798e+02 5.874720910132901963e+01 2.393656412767668655e+02 1.643533124284932114e+02 1.799469639080703587e+02 1.538610679595158217e+02 8.046039083810283898e+01 7.567785750976325687e+01 7.166311827046403948e+01 4.806550099596353220e+01 4.005323012874035982e+01 2.483290559078810844e+01 1.678730295958309071e+01 1.062679176883980503e+01 5.307940049604148669e+00 3.988984815313264765e+00 3.096451797522189686e+00 2.048286783958800150e+00 1.591701932735582803e+00 1.302443647056811260e+00 8.918800802913449122e-01 5.319351051855860657e-01 3.462223830336428887e-01
9.697791037736529063e+01 1.860000583723369516e+02 5.495884225204157758e+01 2.263555954193287221e+02 1.668000919343202781e+02 1.794096100020774429e+02 1.550078867033318772e+02 8.080406946539859803e+01 7.600093298176109613e+01 7.048502598242684769e+01 4.750616060515973516e+01 3.955634109210127036e+01 2.436356056639226964e+01 1.681475853516270291e+01 1.068481105022258504e+01 5.212824340157871994e+00 4.082551439157033002e+00 3.064057519232674220e+00 2.040417835944023928e+00 1.602808429374561472e+00 1.286690558676518048e+00 8.855216048163712106e-01 5.164000136147660625e-01 3.293586988123595738e-01
7.910301975698548915e+01 1.788649496771103600e+02 5.953142068176157409e+01 2.311078822185793911e+02 1.637980441949865167e+02 1.775809799428891154e+02 1.551495291290475222e+02 8.170520503024916081e+01 7.725798771243734109e+01 7.220375235770674749e+01 4.818694566988375527e+01 4.008890000091555095e+01 2.472441533006943359e+01 1.693223961992315196e+01 1.083767153414892803e+01 5.289379055242472205e+00 4.119880613051471130e+00 3.127276952867227955e+00 2.081157650405859538e+00 1.609492105588984812e+00 1.289429238962688462e+00 8.778397436223233097e-01 5.197643010442508649e-01 3.341993059017533962e-01
7.983315930258018511e+01 1.772869500065688726e+02 5.878342675882142743e+01 2.364540853501218010e+02 1.650782469558414221e+02 1.764899325316278293e+02 1.542720481664316594e+02 8.104197100375631635e+01 7.828291439963567200e+01 7.219420317202774129e+01 4.815102581154564376e+01 3.973624562682214645e+01 2.490221366262854374e+01 1.689284880082893636e+01 1.088891932152116304e+01 5.371031588834554782e+00 4.170946558225814726e+00 3.175399125753200380e+00 2.062494367759258651e+00 1.588661065311407716e+00 1.274017151915455948e+00 8.675581594894258286e-01 5.108397420955010926e-01 3.391499068753583424e-01
7.391399529053954609e+01 1.670744965277761196e+02 5.724121456405293173e+01 2.438571732599575910e+02 1.608586501137403388e+02 1.740733725767449585e+02 1.534096812838263304e+02 7.733027075189743016e+01 7.510691621891663772e+01 7.193682558414319317e+01 4.743360198291644281e+01 3.928450529815754066e+01 2.434558684627777581e+01 1.679760183154450814e+01 1.082847646760414762e+01 5.158213650693646457e+00 4.145625849343997693e+00 3.097872477836725036e+00 2.057530778516130088e+00 1.644255357911551529e+00 1.293143005027351800e+00 8.725922106925243504e-01 5.250866262257176675e-01 3.129994605569122457e-01
7.721853284595198375e+01 1.712810548510777551e+02 6.082750557562874150e+01 2.360258489521527565e+02 1.670931124462193793e+02 1.776179233215527233e+02 1.557322916459962983e+02 8.066386316780975108e+01 7.653485906410682560e+01 7.192892035143526641e+01 4.829341365106721184e+01 4.024474610250530304e+01 2.450315207909388349e+01 1.715398093013030234e+01 1.068945193978342800e+01 5.268261760104314462e+00 4.142502697522071564e+00 3.093925550290682391e+00 2.015672773314694410e+00 1.607757878072359370e+00 1.289616938152291281e+00 9.040473714687957685e-01 5.169512874583843676e-01 3.400113511304625469e-01
7.558345500174156939e+01 1.773652840725229964e+02 5.635377492829435653e+01 2.248392337149045659e+02 1.629640842599644088e+02 1.782713978458008057e+02 1.554733111323829462e+02 8.027599358947618668e+01 7.700696203596953637e+01 7.171491380680680550e+01 4.833386496322984272e+01 3.952536634274537874e+01 2.464910837607431304e+01 1.672498435832120123e+01 1.090589263915841833e+01 5.302841038695508935e+00 4.141476542034245867e+00 3.133046457664470985e+00 2.061984494197748319e+00 1.605444916732018612e+00 1.271209664809357598e+00 8.715595179268306181e-01 5.106687109133086766e-01 3.525143519473342146e-01
8.016734195297637200e+01 1.797612081943323972e+02 6.614685936888859885e+01 2.322457874054217939e+02 1.632553589536198615e+02 1.809539132753839112e+02 1.562201477903086015e+02 8.152000148794196832e+01 7.672661699812346114e+01 7.262472460807927632e+01 4.888405864656269273e+01 3.988271883189314337e+01 2.479057587352463798e+01 1.682004929187247910e+01 1.080908315935058361e+01 5.396166545642843815e+00 4.128770898019812563e+00 3.124579398759756543e+00 2.093592312993316273e+00 1.607659132660432588e+00 1.283286566069958834e+00 8.687784304117780465e-01 5.128626839818635208e-01 3.352510731519375287e-01
7.919830622449636337e+01 1.687520789789620324e+02 6.129041615986125180e+01 2.210971505151096039e+02 1.637392615152425037e+02 1.751475509973896578e+02 1.542961804433095381e+02 8.001302275912381390e+01 7.609084973089210280e+01 7.193027633855588476e+01 4.759413272251633487e+01 3.979380760754239077e+01 2.460301659591672774e+01 1.673477584397132389e+01 1.065063291209558649e+01 5.085838388468320481e+00 4.117424550729940513e+00 3.150951190548598291e+00 2.077057341089694642e+00 1.581899602298607599e+00 1.265649386902183648e+00 8.592608656271294443e-01 5.208808489036592659e-01 3.413091058236082942e-01
8.839591919003657949e+01 1.451088403592445957e+02 7.105191194224310891e+01 2.348249012709368344e+02 1.569086583417027896e+02 1.769958236374255307e+02 1.525989748609407570e+02 7.918705465188426729e+01 7.422901958565950054e+01 7.181903664903927620e+01 4.756189664592063338e+01 3.947559040174298417e+01 2.414292376713869359e+01 1.660556830333743861e+01 1.076313155960157708e+01 5.006227392555593347e+00 4.212427536572675102e+00 3.024095691925407170e+00 2.039749932554822731e+00 1.616200454738553782e+00 1.264522506838978044e+00 8.501951154617092277e-01 4.786427537186576653e-01 3.056098686722731328e-01
7.396563910844692202e+01 1.735589310905816660e+02 6.284836874428236086e+01 2.245724730905449178e+02 1.652185598816160450e+02 1.754885862689744442e+02 1.515168064374656183e+02 8.094744372310228187e+01 7.655262784469211113e+01 7.115443111149475897e+01 4.777225513705707272e+01 3.996901104063261556e+01 2.424295719247573899e+01 1.672194171186171729e+01 1.081313098579437515e+01 5.183204648926822422e+00 4.117911110306921252e+00 3.091900470794811007e+00 2.034422657256823808e+00 1.632566724181655271e+00 1.261997782671693713e+00 8.435024559192499938e-01 4.946289394550453800e-01 3.136176226159165803e-01
7.835385361723240294e+01 1.795354834790834957e+02 4.836916898085087979e+01 2.213442232570537840e+02 1.551133560884070164e+02 1.817594924220522330e+02 1.514935664689148496e+02 7.994039444269496641e+01 7.731353028851209785e+01 7.146390031751084848e+01 4.757592088710448763e+01 3.908505680958403872e+01 2.449393457031424504e+01 1.644383109331909054e+01 1.056384262290276510e+01 5.148166348298778061e+00 4.053747532438853440e+00 3.044495378379189265e+00 1.998767142808400177e+00 1.553717151374113037e+00 1.267430157200342133e+00 8.545720888173750085e-01 5.030983353239002476e-01 3.328285378511256498e-01
7.898353140967186903e+01 1.755947263142852250e+02 6.109012911116792566e+01 2.318956359334284798e+02 1.661258213952480958e+02 1.813809517254512400e+02 1.535312691609468345e+02 8.072636451320397555e+01 7.668553839748288681e+01 7.149007823582908827e+01 4.833358016980247385e+01 3.969285202072263985e+01 2.460391465414019052e+01 1.673324919750901074e+01 1.083442138141784739e+01 5.237064568523282837e+00 4.218903169421572841e+00 3.045981530862326814e+00 2.066647626556628037e+00 1.597549748899477651e+00 1.293875574920745342e+00 8.584047367650867733e-01 5.083754433483168578e-01 3.381748122482962637e-01
9.026756242664906438e+01 1.789857809445057342e+02 7.212654423120541480e+01 2.231067684597601612e+02 1.563839604461742567e+02 1.709411132022897277e+02 1.555867155872061574e+02 7.376176497956298306e+01 7.413719635465085389e+01 7.189971927014435948e+01 4.680403592915374134e+01 3.987979922737621763e+01 2.404158256928875304e+01 1.670970506058674943e+01 1.040718803831514272e+01 5.148837311532838967e+00 4.014155618409626314e+00 3.088708857664742791e+00 2.070909238613396042e+00 1.605389502071087771e+00 1.302127815525825794e+00 8.982511142875684307e-01 5.237291055056151334e-01 3.459565733463152437e-01
6.306631707104654083e+01 1.498815793911876995e+02 6.942060647185078892e+01 2.229528144420357307e+02 1.502769549797241098e+02 1.768211373396145518e+02 1.514008875072453293e+02 8.273482966233204650e+01 7.683314679461972219e+01 6.919331358473942828e+01 4.628363256671457293e+01 3.868955828924625706e+01 2.441896912634379646e+01 1.701622223447269633e+01 1.038407092574249546e+01 4.887109232590201913e+00 3.952428347389787433e+00 3.003162919091108218e+00 2.115700469184820243e+00 1.543564777452520742e+00 1.311026010657842855e+00 8.785416846117068967e-01 4.863284000857922562e-01 3.375093244426807804e-01
7.703860048236968794e+01 1.847076484084621484e+02 5.919172464914027643e+01 2.266276519612287927e+02 1.591748420816039413e+02 1.746607108993178485e+02 1.566103723194525799e+02 7.870477045924970128e+01 7.653518112438857202e+01 7.179236110947228156e+01 4.826348648513133099e+01 3.961749539865510172e+01 2.424929064104363263e+01 1.691181525901071581e+01 1.071951911581024852e+01 5.288677345126621354e+00 4.060307333158935883e+00 3.121965907455879652e+00 2.036746206788972113e+00 1.586346081822102461e+00 1.283034096213336639e+00 8.687307858780064507e-01 4.984626240462903812e-01 3.215794197422462419e-01
6.836520388099567924e+01 1.699144502547594584e+02 6.849730610638003725e+01 2.203581321138047713e+02 1.635023375701136672e+02 1.799881655004335812e+02 1.542746258324877999e+02 8.184059256790413883e+01 7.525610680536097163e+01 7.020954588407512631e+01 4.761709069423569218e+01 3.940714838455080127e+01 2.441758754111735996e+01 1.663478248842553597e+01 1.064616006439148954e+01 5.253913461713044519e+00 4.020966960167585924e+00 3.159573688068609609e+00 2.018990369232076088e+00 1.578383587191270587e+00 1.269685202359088771e+00 8.788623076546214774e-01 4.928725778248536082e-01 3.221954236640441338e-01
7.802870515101169246e+01 1.669239254960398853e+02 5.630130941951716750e+01 2.337434241818754970e+02 1.603065826803573088e+02 1.799334946101593289e+02 1.551217466933123319e+02 8.129482931592862371e+01 7.570913566852101440e+01 7.146618374641822413e+01 4.758023032829481735e+01 3.976480972457957819e+01 2.435764248872461479e+01 1.692597474259071788e+01 1.063487819681837365e+01 5.211357887792687826e+00 4.029799125723888764e+00 3.056509556558871576e+00 2.021275943104948070e+00 1.592959386861934279e+00 1.271742858496415440e+00 8.688359841677213424e-01 5.169999155978109995e-01 3.358409497064148708e-01
