6.784110635825000202e+01 1.607468979668627185e+02 5.489011157014534348e+01 2.154421742461177871e+02 1.499329689642689516e+02 1.618278479539434045e+02 1.406255847600133109e+02 7.684184270561981123e+01 6.951957573082241026e+01 6.475063599067671305e+01 4.415225832497717562e+01 3.610356636915780371e+01 2.233477081624704397e+01 1.539287481209213126e+01 9.846339559412303544e+00 4.830252895373007505e+00 3.806166759094788077e+00 2.834574924633621151e+00 2.008603065507489127e+00 1.474667760972817820e+00 1.154583625352212595e+00 8.012156907590672894e-01 4.554344023722705637e-01 3.017038085541674519e-01
6.407743328335276090e+01 1.659034386197302240e+02 5.694426519004593956e+01 2.235165913873388206e+02 1.441112356707151321e+02 1.688117080240587882e+02 1.417529967162720368e+02 7.377564050178544619e+01 7.445660545297856459e+01 6.556098716773998092e+01 4.455030090907593632e+01 3.644292451949995382e+01 2.253918745214002683e+01 1.549886337220688048e+01 9.892146714228605475e+00 4.824498633888095078e+00 3.795400029705104039e+00 2.911676519882960168e+00 1.889461413099523091e+00 1.504533058746973184e+00 1.135974217154163135e+00 7.741009450409208625e-01 4.529615389274240789e-01 3.188400460573310724e-01
6.896253127749903911e+01 1.653671412074914144e+02 5.136219270702849826e+01 2.131707245907587094e+02 1.474764946379657715e+02 1.625769796998730214e+02 1.423826950432671197e+02 7.461180144178429430e+01 7.027980276479141253e+01 6.651315811716860082e+01 4.559550832550061727e+01 3.638165138367807572e+01 2.296730172277326432e+01 1.545648731444655866e+01 9.942800644163662938e+00 4.921917443734102449e+00 3.837105959897138874e+00 2.857675762207146697e+00 1.918394648971992966e+00 1.505903258653682908e+00 1.148835820001069541e+00 7.831747881196959860e-01 4.713547647610909497e-01 3.115937078218718459e-01
5.148846302846235545e+01 1.580809240800468274e+02 4.002375954875598296e+01 2.141421134034748377e+02 1.493494231624367217e+02 1.654106518064511704e+02 1.418761987567002905e+02 7.242315282476089067e+01 6.992736501285132533e+01 6.621866011854903888e+01 4.412349625543136256e+01 3.615238318079773450e+01 2.256861056285439560e+01 1.529494617137536139e+01 9.851652752068995156e+00 4.828071775441172164e+00 3.727866910010913859e+00 2.810639070819604957e+00 1.877983141571653691e+00 1.491294698516277384e+00 1.180132206168654774e+00 7.969943215285275606e-01 4.548951318850696923e-01 2.975827583664268361e-01
1.007789317672650924e+02 1.713440423107977324e+02 5.728715055975335702e+01 2.217050252837374842e+02 1.520672418646129813e+02 1.704857945809357602e+02 1.424349298456990027e+02 7.532575336886947071e+01 7.175193525835052810e+01 6.653979819045204636e+01 4.399109886668491498e+01 3.748626066870406959e+01 2.252503174461060098e+01 1.563876420079454554e+01 9.918045667239075769e+00 4.912119012523435302e+00 3.745792052413004392e+00 2.854012165600493756e+00 1.935240583833813366e+00 1.488834865735531476e+00 1.217914882343221317e+00 7.977393146266053003e-01 4.628009376336398861e-01 3.312129880372548518e-01
6.835352598523664369e+01 1.566318743803781786e+02 6.055953013932253981e+01 2.084884279622868064e+02 1.494148313245622717e+02 1.626965841772625652e+02 1.417093464470421225e+02 7.649748222659776786e+01 6.960080103523422679e+01 6.509919343044950324e+01 4.443586886370710687e+01 3.641010559237012245e+01 2.267535799122924800e+01 1.558682588011687820e+01 9.632579210501074130e+00 4.752941499752847854e+00 3.732458056940353153e+00 2.887636092314234126e+00 1.903933073282734645e+00 1.459531472036840638e+00 1.157001753159566881e+00 7.792165539634771099e-01 4.292593228647753612e-01 2.710027698884938663e-01
8.112137573590828765e+01 1.475879581798408253e+02 6.308604282090259829e+01 2.048720024208886628e+02 1.534569776701358421e+02 1.651395441563730060e+02 1.414067686307441249e+02 7.229460450750327993e+01 6.920689859573094793e+01 6.528068533394618100e+01 4.455660074041907848e+01 3.645391265750841114e+01 2.226148145350750696e+01 1.520283020371829963e+01 9.755890533270868303e+00 4.853124434081653504e+00 3.823361956835021669e+00 2.916806611870544241e+00 1.973278686352554212e+00 1.517367476965344020e+00 1.198083809338408967e+00 8.344283501633190658e-01 4.436543406546277768e-01 3.016086289533698728e-01
6.491976666774226601e+01 1.698278195350754629e+02 6.228455105173640050e+01 2.195490069286991854e+02 1.522084560253414054e+02 1.641451050775303884e+02 1.430361460814056329e+02 7.544709483454488463e+01 7.237608922332050554e+01 6.626788650628741095e+01 4.372809511878837441e+01 3.688048836655371332e+01 2.279563902216634474e+01 1.551708611949662497e+01 1.010342476017902591e+01 4.863934291554642186e+00 3.743435183608795569e+00 2.908983223230509285e+00 1.879627348007671950e+00 1.469556438339574056e+00 1.200735521375699832e+00 7.823986919397322159e-01 4.484771795011050499e-01 2.878528984686741232e-01
7.436740519232830593e+01 1.588077344977180587e+02 5.494650011625026309e+01 2.115550491131306501e+02 1.438537217666275865e+02 1.660498760404867085e+02 1.382401917782817975e+02 7.615711367234221996e+01 7.089512750588798440e+01 6.682364452211899675e+01 4.502159726696985587e+01 3.627656902099233349e+01 2.264097674059216914e+01 1.481766399879479401e+01 9.604029571418049471e+00 4.922397842294153669e+00 3.737844632718850146e+00 3.025917616258229081e+00 1.953118852827023577e+00 1.481149312708806898e+00 1.198597902033278872e+00 7.962813278524224492e-01 4.532713869780237714e-01 2.994608472125529497e-01
5.094668104948137000e+01 1.675060279205549136e+02 5.184167575216473267e+01 2.133881075286772102e+02 1.485174695650541992e+02 1.654556543808869264e+02 1.406476480132077143e+02 7.462131305454062158e+01 7.113838045426990675e+01 6.581593788258537359e+01 4.401006392444833182e+01 3.620347062155245510e+01 2.263289721733663384e+01 1.549556433894427343e+01 9.970512992153736320e+00 4.716928648543071034e+00 3.743189689343787485e+00 2.873686148391018325e+00 1.901602083804303511e+00 1.499577972010886384e+00 1.170573004736357614e+00 8.083622806014097995e-01 4.798367158629659457e-01 3.224576198872470267e-01
7.855276592041060724e+01 1.637586873123184432e+02 5.563642145692629271e+01 2.095978041686458369e+02 1.471848624296933110e+02 1.665697964988613933e+02 1.413972891270271361e+02 7.290806939451228175e+01 7.056473159724029642e+01 6.592305623743705212e+01 4.398522063418251093e+01 3.666489023103946465e+01 2.262121187358070529e+01 1.561526005735402300e+01 1.000634081026979061e+01 4.904479730026213957e+00 3.703009378211655100e+00 2.927779114403132432e+00 1.854762123335783830e+00 1.481791762499952370e+00 1.157305019249033951e+00 8.083574676128710834e-01 4.905698632338691967e-01 3.178240248228355602e-01
7.271090544574418857e+01 1.660213827751669555e+02 5.821414101436079847e+01 2.045578895044032777e+02 1.478066232305120025e+02 1.713467118720510882e+02 1.422710728483760647e+02 7.423991294053915624e+01 7.044715538328392768e+01 6.654335355027468779e+01 4.473058704795297302e+01 3.743941352632510444e+01 2.297161033781786088e+01 1.549082616781145916e+01 9.885679120697735911e+00 5.094004277752084420e+00 3.912840354960019695e+00 2.807457225401397860e+00 1.913847272161008695e+00 1.506498054464960656e+00 1.169560604736278764e+00 7.949319821753773052e-01 4.505960977426147762e-01 3.030487867679675928e-01
7.812127031932888599e+01 1.542065856076340538e+02 5.675805786866789759e+01 2.127111637441292373e+02 1.513421519708949177e+02 1.646199134888342996e+02 1.392112992170973484e+02 7.499467720092451373e+01 7.155484364673380071e+01 6.653657286892455147e+01 4.436367910176475249e+01 3.648149054583845441e+01 2.266709981253588779e+01 1.544798828530119295e+01 9.999735773587053345e+00 4.873097638044937341e+00 3.737400600906800818e+00 2.885619117903862829e+00 1.928121805329567451e+00 1.498162943172145489e+00 1.172036615154693262e+00 7.867844902943086360e-01 4.778828539319975865e-01 3.043350994564814060e-01
7.080002548264199902e+01 1.397642803220922190e+02 5.673882448804090473e+01 2.074261155101817451e+02 1.460998976288867084e+02 1.729156223769416272e+02 1.394222840527828282e+02 7.402522794215040847e+01 6.928207713014241165e+01 6.634927208095474782e+01 4.463775956652943933e+01 3.638709314832505726e+01 2.271023594481825825e+01 1.526600670831997242e+01 1.001320220228671687e+01 4.780971554774114729e+00 3.740947209852184763e+00 2.874911833905114289e+00 1.901070307637499290e+00 1.464901729919974471e+00 1.176839587095256601e+00 8.117809074465305308e-01 4.738882037498187705e-01 3.007245380213149355e-01
6.653499672384225505e+01 1.642158216263858321e+02 5.335133019483182437e+01 2.104775185496980043e+02 1.479254478229483993e+02 1.656372217163749099e+02 1.430658969299263958e+02 7.269439859605670051e+01 6.994136261356257478e+01 6.578407032389701214e+01 4.457750611923634665e+01 3.651964701068951769e+01 2.228515513624683564e+01 1.527500764545447254e+01 9.908812569778367774e+00 5.085046413648110608e+00 3.808312591545609749e+00 2.802383768209321779e+00 1.871462195219532720e+00 1.462054142963162384e+00 1.130169146969391303e+00 8.201124549401919150e-01 4.948607327097083175e-01 3.015326905921891787e-01
6.244507696675485420e+01 1.682774927030313279e+02 5.808916082642776502e+01 2.043448082945562021e+02 1.552765896923309583e+02 1.639735459562440951e+02 1.428944719275621367e+02 7.411054139889930070e+01 7.105176995522853645e+01 6.582482978525221995e+01 4.371759133206669645e+01 3.684375705961698344e+01 2.324092824064303286e+01 1.544421086068865634e+01 1.017336667110825488e+01 4.983917567024160888e+00 3.749980788277002652e+00 2.807403438360780878e+00 1.844374263461356689e+00 1.459112187880642120e+00 1.209988409695223810e+00 8.251664943068649505e-01 5.132784412888465875e-01 3.030591116315245470e-01
6.992729398528121010e+01 1.555616620878820697e+02 6.327120360139490884e+01 2.074391725402334714e+02 1.561141207535220872e+02 1.623136487509817130e+02 1.426807103552454805e+02 7.772107233015179872e+01 7.053178909224936888e+01 6.634662210425477724e+01 4.450339344087365134e+01 3.634838901370858366e+01 2.267173009384680427e+01 1.561623965168413086e+01 1.002895703844914799e+01 5.046878047921384614e+00 3.836222454256215553e+00 2.811229286428750918e+00 1.884463620747047985e+00 1.476660124474165725e+00 1.178392670305838497e+00 7.716304893579940538e-01 4.813825025548692516e-01 2.985729411947014578e-01
6.667083738435758278e+01 1.711141509581443643e+02 5.544488508124928927e+01 2.169492588906697961e+02 1.438857891099618769e+02 1.675322425087773581e+02 1.432037578908852140e+02 7.356888128830034645e+01 6.986971090254535000e+01 6.646608335963250624e+01 4.397174329394825776e+01 3.622463015230001560e+01 2.285176407384535935e+01 1.574829109837342145e+01 9.826424748507411877e+00 4.718600049282744457e+00 3.650699347272345019e+00 2.851052830424408935e+00 1.865190102646117287e+00 1.486168310137038651e+00 1.197578374664886702e+00 7.949715713182535781e-01 4.901015005652563650e-01 3.123945419828041414e-01
7.489162984483671437e+01 1.803430228555600934e+02 5.774734529624644352e+01 2.214616386592884680e+02 1.576475058720273807e+02 1.618837945981755126e+02 1.377856632787841136e+02 7.619958296875705628e+01 7.156120731353894371e+01 6.524643718494948530e+01 4.339753515223019065e+01 3.694686208322448806e+01 2.279482357002411774e+01 1.529907610824982811e+01 9.853735393531326991e+00 4.757980956040574583e+00 3.873336625552040058e+00 2.889829489894141901e+00 1.914184320671085793e+00 1.555273948605047751e+00 1.186179481803787406e+00 8.396536811319947891e-01 4.720086130868530461e-01 2.942524870393602443e-01
7.761934827775252188e+01 1.704012828533840320e+02 5.601293987647922989e+01 2.138198672897187294e+02 1.479866286560926198e+02 1.649914622219914691e+02 1.426014497066691717e+02 7.572466390657244517e+01 7.045466593153554413e+01 6.432593513471127267e+01 4.409604763304586328e+01 3.614370910681499538e+01 2.249797079053113791e+01 1.561086357312135853e+01 1.000546241194131092e+01 4.804480807875862070e+00 3.626168041772274364e+00 2.862048059216926177e+00 1.846844229135369275e+00 1.471844026388667848e+00 1.107220426729058183e+00 8.227006949497180921e-01 4.869832174093439159e-01 3.082886517778553048e-01
7.288855251046767592e+01 1.690925306767901475e+02 4.923792726945093534e+01 2.093896202093731063e+02 1.505843022623076024e+02 1.639104352719605231e+02 1.429300253920851560e+02 7.291148844282083985e+01 7.152671157127575441e+01 6.481529167322847229e+01 4.452333040930491848e+01 3.679804949090207344e+01 2.258054173948652732e+01 1.560553899253186039e+01 9.902324224364004834e+00 4.788941438353807811e+00 3.737351984647685921e+00 2.880992870541867035e+00 1.921221777224896066e+00 1.430984008814366160e+00 1.203541774300735945e+00 8.114160654265245576e-01 4.655959454400264708e-01 3.062044002407046106e-01
9.280130221148604619e+01 1.608530047788505897e+02 5.623993609258157989e+01 1.969269171876966311e+02 1.488567292800613018e+02 1.667336686427661903e+02 1.435263043219761983e+02 7.193042551030558229e+01 7.121028926220090227e+01 6.645176667972279461e+01 4.332493608410886310e+01 3.673187461203897897e+01 2.206975103052081977e+01 1.538248730357671334e+01 9.871663684698093633e+00 4.933448969361423408e+00 3.760035658580257234e+00 2.870652266835876265e+00 1.921344764984376008e+00 1.456703870122394218e+00 1.186444362513398687e+00 8.074249003554723192e-01 4.917565398844509494e-01 3.187278880769315315e-01
7.124328803414944389e+01 1.542706829216793949e+02 4.435061129309345773e+01 2.102560915218592754e+02 1.534212574791536952e+02 1.642825693198699923e+02 1.383781987992972518e+02 7.300690770378368200e+01 7.116610588128423842e+01 6.547262338736450715e+01 4.308847205393372803e+01 3.608630212909565671e+01 2.295455921006810840e+01 1.548117997608637353e+01 9.969305254972328001e+00 4.857591165386714316e+00 3.670840475840314365e+00 2.851299661839461930e+00 1.846024750060889952e+00 1.462759065659629654e+00 1.193963499564256514e+00 7.983894703010508964e-01 4.507594211190579792e-01 3.150679985773758851e-01
7.220715283259714568e+01 1.671016155011328124e+02 5.470781923995707530e+01 1.921256156807732225e+02 1.476194070692275488e+02 1.597959626278931751e+02 1.423476380317661665e+02 7.614529599075022759e+01 7.129754542539812689e+01 6.536564443546711800e+01 4.464807651063318161e+01 3.615651990336484545e+01 2.288047015162317166e+01 1.564736271316254879e+01 1.008796383561726451e+01 4.812523880754514316e+00 3.768782002900216366e+00 2.937016695265505906e+00 1.886414654961616089e+00 1.463216994028176510e+00 1.177842879909576368e+00 8.021835853032482921e-01 4.507022664627037267e-01 2.992778044435392970e-01
7.373277949290437050e+01 1.782363982947231307e+02 5.705362641391943868e+01 2.051422558411762509e+02 1.489314066173572257e+02 1.647788381206388522e+02 1.384046353409904953e+02 7.575068923917248753e+01 7.073675752476336243e+01 6.591437680008003497e+01 4.539431243273231331e+01 3.633306765907764202e+01 2.286653866859322903e+01 1.513328562013932377e+01 9.922491643558169372e+00 4.959159518534175248e+00 3.827822629041162994e+00 2.740996661893416508e+00 1.852837434973151787e+00 1.448161630343023143e+00 1.145307124989425773e+00 8.351675310019390785e-01 4.976343610276852125e-01 3.239040005788491605e-01
7.265806932797359252e+01 1.602827508374981846e+02 5.660724536088503100e+01 2.164670426912092864e+02 1.520521971246004682e+02 1.613077610207923556e+02 1.404759946896938061e+02 7.254598857221915864e+01 6.931349253468761162e+01 6.589256152431927660e+01 4.459804681922486935e+01 3.761101534986671879e+01 2.280766744298065873e+01 1.564951968528804827e+01 9.995331937610888673e+00 4.911576475508272921e+00 3.741311967919930925e+00 2.826890656630522525e+00 1.883903146150879948e+00 1.461202336120379863e+00 1.192857863400949681e+00 7.978773207249950650e-01 4.498868163346864124e-01 3.076525183021504573e-01
7.293254710045754052e+01 1.671816607838738378e+02 5.266165275181661798e+01 2.150571343834401148e+02 1.459645192755954497e+02 1.658579393383923275e+02 1.406482805272215444e+02 7.533815375142832238e+01 7.093336302052847486e+01 6.503949782815834624e+01 4.367030582237536152e+01 3.600350675022741598e+01 2.316461766925101173e+01 1.523960834565754396e+01 9.966018696081041739e+00 4.858755262565749078e+00 3.864270472739986140e+00 2.883343112398897290e+00 1.919459356809537498e+00 1.496131723835653293e+00 1.225850425015884149e+00 8.186781052550871074e-01 4.758506798226815326e-01 3.180115512886679818e-01
7.294819339969923533e+01 1.690842323748101990e+02 5.304718959617956386e+01 2.094071853327738495e+02 1.541038105345550662e+02 1.631304176871359743e+02 1.410629320265349520e+02 7.580503810998854419e+01 6.938349381407306282e+01 6.520657819969319746e+01 4.404380541762284906e+01 3.642006816128746749e+01 2.298564585452466602e+01 1.568680523408067806e+01 9.875618460421810241e+00 4.826325264799447901e+00 3.865768334186500788e+00 2.889658575334087320e+00 1.943461972996925802e+00 1.464460857174241903e+00 1.150609227986418182e+00 7.941311923000277107e-01 4.572173281063778849e-01 2.996497724209606917e-01
6.071429718264393216e+01 1.615957997204021694e+02 5.330603233896149362e+01 2.078489287561507126e+02 1.447606440372526606e+02 1.641073139199878881e+02 1.423729058745300620e+02 7.166684850549556529e+01 7.004475990616101910e+01 6.559335966598366952e+01 4.460488369923962182e+01 3.704817532525828483e+01 2.299834283801438062e+01 1.579116579203487980e+01 9.847348001612191482e+00 5.068014364060197785e+00 3.817457725089417497e+00 2.869443110747980974e+00 1.933479086757558418e+00 1.448958383856159271e+00 1.174447109459751726e+00 8.033401869077858581e-01 4.991464079488409089e-01 3.321992469935791670e-01
6.488716520726835313e+01 1.878215019787427593e+02 5.631907958127646907e+01 1.986936686146292743e+02 1.482567133417730361e+02 1.587538913234400013e+02 1.413216526628093277e+02 6.914968478255480022e+01 7.039718921869686596e+01 6.630242558844273049e+01 4.502360456866145455e+01 3.674243447918161110e+01 2.277219161749401977e+01 1.525156125334835622e+01 1.010456656601800063e+01 4.742071152050951532e+00 3.794940042456535600e+00 2.835035643663749383e+00 1.911873310834293127e+00 1.495624048260681738e+00 1.215287813062729150e+00 8.060576272883789306e-01 4.682286637841926447e-01 2.975056264757673929e-01
7.431177029942831780e+01 1.784625021127134801e+02 6.042287750249571587e+01 2.203145767428100044e+02 1.476898924171503324e+02 1.664231341487986242e+02 1.384313591765342437e+02 7.371884545387004550e+01 7.135833171298224897e+01 6.574221196919320676e+01 4.446433747657479785e+01 3.663287539108601010e+01 2.240152160271586723e+01 1.557910267015458849e+01 9.681666221986143128e+00 4.709462801135240184e+00 3.804541401106197984e+00 2.736002549046564258e+00 1.908371153816398547e+00 1.537787116316467806e+00 1.222013619964551268e+00 7.636285748663074191e-01 4.355469971818735075e-01 3.324597746116193520e-01
9.039477061022340365e+01 1.790250532298571500e+02 5.834606037786090127e+01 2.025441409901658858e+02 1.511620941768607338e+02 1.679566195729502738e+02 1.406431020796496796e+02 7.200976263067562400e+01 7.160861423512595536e+01 6.579530368813946950e+01 4.343186173540399864e+01 3.625923603584885768e+01 2.232719899386497531e+01 1.511023981037466868e+01 9.921074395524108525e+00 4.831756083031153892e+00 3.759111933767401936e+00 2.822056024687213061e+00 1.790791290443830341e+00 1.408164800969887720e+00 1.163166664477151668e+00 7.977970418249890061e-01 4.546532022606719070e-01 2.734713428627592036e-01
5.754231871086476247e+01 1.569939093131362711e+02 6.080936439823568662e+01 2.107148934280049559e+02 1.511844773286077270e+02 1.682366865703062047e+02 1.434281225501362940e+02 7.335016450016358647e+01 7.157476717587377379e+01 6.644716088705528989e+01 4.441185928032328434e+01 3.669602720877059454e+01 2.230636260012590455e+01 1.606249146651217430e+01 9.799976597157105118e+00 4.659758513952638737e+00 3.729955143567089237e+00 2.770929493751558947e+00 1.886111653460971871e+00 1.452540452162401907e+00 1.181188396867431711e+00 8.165395295225706951e-01 4.726560495926488970e-01 2.973214515857578455e-01
7.347153551995957343e+01 1.435105272131121978e+02 4.845470060114300281e+01 2.217931575899047232e+02 1.523769671039654270e+02 1.705885545330897628e+02 1.431879858074307776e+02 7.448508500548825850e+01 6.982687296618679795e+01 6.584886133515983886e+01 4.451741806498724685e+01 3.634038099813437839e+01 2.294871395637059308e+01 1.581559261606951061e+01 9.917060494004365623e+00 4.934387856936830019e+00 3.728560231159272487e+00 2.846778752475919383e+00 1.986866261475899842e+00 1.474555945190133555e+00 1.217513922707974094e+00 8.316879224770471479e-01 4.504518779853073362e-01 3.229890028074884900e-01
7.381278160887843853e+01 1.494247528609752464e+02 5.300945954562610041e+01 2.219805612057456869e+02 1.478779678036449354e+02 1.669511965674733744e+02 1.449074600804808313e+02 7.287033749713346253e+01 7.076433139813853757e+01 6.488745542462763183e+01 4.443626683385737408e+01 3.762667075661955352e+01 2.286167568124451321e+01 1.552514328279982081e+01 9.987066418461878925e+00 4.842340423910299840e+00 3.643887387704927594e+00 2.828137931423543527e+00 1.913221014204472992e+00 1.471415911730938442e+00 1.203540678621603410e+00 8.577318318669234776e-01 4.940788019447152069e-01 3.242456079261746282e-01
8.289795074792507990e+01 1.645511759362454995e+02 7.981018232284648661e+01 2.155742306256570942e+02 1.421569679804802604e+02 1.686343193179937998e+02 1.423638388803706221e+02 7.259397226254597513e+01 7.273405830271789796e+01 6.626098154162005471e+01 4.418222181114855118e+01 3.613714644532746689e+01 2.223390232023184510e+01 1.554666562348062087e+01 9.927613104985283599e+00 4.803603106109798127e+00 3.785047567366768728e+00 2.882217976948189264e+00 1.937497402610234065e+00 1.463520566410276391e+00 1.193725460422047080e+00 7.990246178830625601e-01 4.664146360521334023e-01 3.068387145664808746e-01
7.015965305826281906e+01 1.727098445248518033e+02 5.350943982613556926e+01 2.101696192478695195e+02 1.502253543345543108e+02 1.680058092461956392e+02 1.412007689832064159e+02 7.469210591573285285e+01 7.037873630833838945e+01 6.518646065024842073e+01 4.500602447079945279e+01 3.658638790196812351e+01 2.300684140248533183e+01 1.543356219966481824e+01 1.004760001248968138e+01 4.641378115303045782e+00 3.749336424626867448e+00 2.924668294897667664e+00 1.896514338381959597e+00 1.471020345868719659e+00 1.215678040205184773e+00 8.221443137576660565e-01 4.464823447402017642e-01 2.997176131710644897e-01
6.126635593310538752e+01 1.699225150463953469e+02 4.966202160774393093e+01 2.129524229115195340e+02 1.491007981637094986e+02 1.632893852124971090e+02 1.421512252204783806e+02 7.342815370256278129e+01 6.953432664037040922e+01 6.586683426935159957e+01 4.388073497897613606e+01 3.652399540345670204e+01 2.277117509980689292e+01 1.536393417410222817e+01 9.865786777332148816e+00 4.876552870815809015e+00 3.772289359273493847e+00 2.770126614900941586e+00 1.849656818349206810e+00 1.471337705389680117e+00 1.185450283374737124e+00 8.266604560946166913e-01 4.599765408271807021e-01 3.105902646857886529e-01
7.088333324600520768e+01 1.657754374280978595e+02 5.461378899524207498e+01 2.179591460408487649e+02 1.514129029963854975e+02 1.599940623252860235e+02 1.413002365230637736e+02 7.287796296308941635e+01 6.979989248533529178e+01 6.515443562526370158e+01 4.450991235000545032e+01 3.698640501000661374e+01 2.262972348207782503e+01 1.558162349152846105e+01 9.812190638643535578e+00 4.825944798023152238e+00 3.790921157435247935e+00 2.798923142454094126e+00 1.925165244342283533e+00 1.476627679824814576e+00 1.204699094047756880e+00 8.130582401798575054e-01 4.619212309863959809e-01 3.066826211605401808e-01
6.605091531527733650e+01 1.716326867438814929e+02 5.010316804287854353e+01 2.072154370906997087e+02 1.464980058977745898e+02 1.617205975703921013e+02 1.398308614877723528e+02 7.745203751726863572e+01 6.904754998999706572e+01 6.454937831871460219e+01 4.445366642613164032e+01 3.626238090747797571e+01 2.274433734681888453e+01 1.554991950157014635e+01 1.029707969136383028e+01 4.695118444307603056e+00 3.576693573277518468e+00 2.922705190897726624e+00 1.849989517790981974e+00 1.464555816011121836e+00 1.156452847818168594e+00 7.600450831598032364e-01 4.697781982800134370e-01 2.734653030310408295e-01
8.169498651894775776e+01 1.655874844982373872e+02 5.239305752434488284e+01 2.092153715729822636e+02 1.514227711316861473e+02 1.672003591118755139e+02 1.437522283861177073e+02 7.536984339517084663e+01 7.080885447705044555e+01 6.587858043610818015e+01 4.426363868762258136e+01 3.614831845541841204e+01 2.241016750752296716e+01 1.547076879380972514e+01 9.757094964285169425e+00 4.789252463609592780e+00 3.770174115871344434e+00 2.799152526163841692e+00 1.968279067200291665e+00 1.485974142869321168e+00 1.148897147737444557e+00 8.179557108348275429e-01 4.766797509191053051e-01 2.929237081969854328e-01
9.170117821541522574e+01 1.511347084054380048e+02 5.576316044878579703e+01 2.050774113195111852e+02 1.475629751100854321e+02 1.678019244239517036e+02 1.406972464291170866e+02 7.288979929405108749e+01 7.034387373347648520e+01 6.579560663050314417e+01 4.434798563859733633e+01 3.694002187631929957e+01 2.287360665307531349e+01 1.542057060789976575e+01 1.014492136307933201e+01 4.708029574207666990e+00 3.784933766007730682e+00 2.793675846835710797e+00 1.842661008373299047e+00 1.490832898627409309e+00 1.198843544149519325e+00 7.930065060832316437e-01 4.785495675369825230e-01 3.065690131743675217e-01
9.690103637731726849e+01 1.641043782892140541e+02 6.485580937900894583e+01 2.097665945061486354e+02 1.508955849955368649e+02 1.681376801663052447e+02 1.409427318765917789e+02 7.486111859451196437e+01 7.118055761695444517e+01 6.597726649607996308e+01 4.426639828601029336e+01 3.696584575242775372e+01 2.267880604857326432e+01 1.521754884672591679e+01 9.798262555160567544e+00 4.886529101935982666e+00 3.825933341774551799e+00 2.832079697448166122e+00 1.931231892294051011e+00 1.490378553701694919e+00 1.189129684636798467e+00 8.116490553296263899e-01 4.928166476942658081e-01 3.370090577369748153e-01
7.153807915721468191e+01 1.755747314424382921e+02 6.079080007260375140e+01 2.096335731347723765e+02 1.480568588635528897e+02 1.623532948639863207e+02 1.423377304337741123e+02 7.305399477217744675e+01 7.043446086351076474e+01 6.596014046603306724e+01 4.437788327338925143e+01 3.670292737600504296e+01 2.282981596469516461e+01 1.540877564105352526e+01 9.764862755436411135e+00 4.660657902108411577e+00 3.913186884705201596e+00 2.874426162875248991e+00 1.901321149927737153e+00 1.407428227048362013e+00 1.194730031439990681e+00 8.199707166294258887e-01 4.432527759724728122e-01 3.093248699086560416e-01
6.511963179612162378e+01 1.642882749015181787e+02 5.485051938774077485e+01 2.120431437190646875e+02 1.415772801682343811e+02 1.673420438655961391e+02 1.433043730706811800e+02 7.221660468880780570e+01 7.245266266713724690e+01 6.650249612138148336e+01 4.453067036403963641e+01 3.624021291983453352e+01 2.240178976282473045e+01 1.520163932723728983e+01 9.652094583031610497e+00 5.040299174399072157e+00 3.812209823992810165e+00 2.727210794117138626e+00 1.921367825168010857e+00 1.477204447285082267e+00 1.185465031504696176e+00 8.050852913273759404e-01 4.475376907451492081e-01 3.097055945330964288e-01
8.322627105535630676e+01 1.744714812225056733e+02 5.768298495571971074e+01 2.083506664742474754e+02 1.490400386708520841e+02 1.625073651328504525e+02 1.431884798216282775e+02 7.398299611295745137e+01 6.963270766620634333e+01 6.629353936997294738e+01 4.369937476774538254e+01 3.610045748265825694e+01 2.277715174416622901e+01 1.547031524566987848e+01 9.947168949380200687e+00 4.769811173820382777e+00 3.860539884385354004e+00 2.907347495323335362e+00 1.903427676938840074e+00 1.472214671531290042e+00 1.200695821819094622e+00 7.966111970229834416e-01 4.639766259306615237e-01 2.856241787146635014e-01
6.748195808462332934e+01 1.604052520154482409e+02 6.025921079227974531e+01 2.172222053501098458e+02 1.463733609509526161e+02 1.613517365968166359e+02 1.453686185260308150e+02 7.277210983249190690e+01 7.041833798972884040e+01 6.445822879262938443e+01 4.397765568652839363e+01 3.630934495292148512e+01 2.253331793666454175e+01 1.573175505896725390e+01 9.783283535218160409e+00 5.024658808410966238e+00 3.552145612368836858e+00 2.848833272434899921e+00 1.908355957808744563e+00 1.463190627031108360e+00 1.182630019888739392e+00 8.081737810218885265e-01 4.648422138903429146e-01 3.101165394959703447e-01
7.289885975488894587e+01 1.587164632297750302e+02 6.104765430736329535e+01 2.150361211846788478e+02 1.497685499628510684e+02 1.682657476166915274e+02 1.415079335460469565e+02 7.312903239878571071e+01 6.884692364994975833e+01 6.565090210223226563e+01 4.421262653241019791e+01 3.613331061421871482e+01 2.289284373300023390e+01 1.527743673180799355e+01 9.988609159633096368e+00 4.852435315498710544e+00 3.889341987154864455e+00 2.943617272095307769e+00 1.930451784662696957e+00 1.469202069388836129e+00 1.193195968777255311e+00 8.275795461675166109e-01 4.757947847671804564e-01 3.139273632704687178e-01
7.518771511635532079e+01 1.655963223436313285e+02 5.859936978686761222e+01 2.138843990608590104e+02 1.481203971120970948e+02 1.629728524167200305e+02 1.420749788137523240e+02 7.405940583479257100e+01 6.895603817842768990e+01 6.579408807163112272e+01 4.440304673881623643e+01 3.651998494762361958e+01 2.260572036567807430e+01 1.550686901075675372e+01 1.005839171842987589e+01 4.847654834202173468e+00 3.805453934495256263e+00 2.940851170730093056e+00 1.918664604360351467e+00 1.467978893657101658e+00 1.180393612638813483e+00 8.445627115314915390e-01 4.778455302701621887e-01 3.038159505920335346e-01
6.881287603252143015e+01 1.643283362826628036e+02 4.654785763617294236e+01 2.147928910156092854e+02 1.478164993443191690e+02 1.676075704354490199e+02 1.418401375741856327e+02 7.360050424543773318e+01 6.954622644061920766e+01 6.607672562687366735e+01 4.378839418351171986e+01 3.647554934524927006e+01 2.251608313925656546e+01 1.536134775858388402e+01 9.988957970047096069e+00 4.787772406809419401e+00 3.847460893418492400e+00 2.903669958992076694e+00 1.907582472481757385e+00 1.556400481609528486e+00 1.210448057234567498e+00 8.222925398759627358e-01 4.913857054320127093e-01 3.276637877195130444e-01
6.948619326685678743e+01 1.634574387360368632e+02 5.246629790489286194e+01 2.249697195004225705e+02 1.505980501466467558e+02 1.660907644255927380e+02 1.424540492983254012e+02 7.553891111766870381e+01 7.124269127517440836e+01 6.629963742209677946e+01 4.353124729418570382e+01 3.621627639009849986e+01 2.282558792000318704e+01 1.558518405184753419e+01 9.904561893745389867e+00 4.807947993971352751e+00 3.745395358321380819e+00 2.756332151317821832e+00 1.921719805777046153e+00 1.455677349643127005e+00 1.144329130694416108e+00 7.802188255079588464e-01 4.712380723067056687e-01 2.729592610406269548e-01
7.378305863230299622e+01 1.877577398127229173e+02 4.977156458448415322e+01 2.065600421433828444e+02 1.468325453967184728e+02 1.635554785305052121e+02 1.426980336973597616e+02 7.588016091290680265e+01 7.098657025942233645e+01 6.462237895340528837e+01 4.303020457121917275e+01 3.703528776420873214e+01 2.275644718853255100e+01 1.561692453128837066e+01 9.719891487332716906e+00 4.949095510671891240e+00 3.813652341805708001e+00 2.808933102971359119e+00 1.879680315029657489e+00 1.473804943300033976e+00 1.154143258900549585e+00 8.036371667305551858e-01 4.900764741636920441e-01 3.213916859086175526e-01
6.471926466481286866e+01 1.731420763765026152e+02 5.909676978802567504e+01 2.052536052394307262e+02 1.509861661484843296e+02 1.588026613240441236e+02 1.418575786354876982e+02 7.498239807469613538e+01 7.067866298124765478e+01 6.663824057020399039e+01 4.399470753842481940e+01 3.661238476359243066e+01 2.269463499627343239e+01 1.521996984222892024e+01 9.777161645443573690e+00 4.715011211142155823e+00 3.757748108706099988e+00 2.910858128791308452e+00 1.893430735570645007e+00 1.531936366499322855e+00 1.124623738302389597e+00 7.915542989783916905e-01 4.578775559273651208e-01 2.968535460739070708e-01
6.847321249730281068e+01 1.693133577519086259e+02 6.619684288976829123e+01 2.095184847850176482e+02 1.589539107679213998e+02 1.627682847690793722e+02 1.415986593565588976e+02 7.385632246565697301e+01 6.935837444808061036e+01 6.712619127520206064e+01 4.402096619211341277e+01 3.560050403719432666e+01 2.232142961126578129e+01 1.543795559812160789e+01 9.985325260198587571e+00 4.861817557896077169e+00 3.590356120621818636e+00 2.695232992333088884e+00 1.904148710836061298e+00 1.408916184412168926e+00 1.140101827980991134e+00 8.002697796802198393e-01 4.800868641768308298e-01 3.160959940910849086e-01
7.764956396968668173e+01 1.616011378067111082e+02 6.248936127076424185e+01 2.205324575064854571e+02 1.489935107189438099e+02 1.658646947195531141e+02 1.409779610925788802e+02 7.533470263097933639e+01 6.888955457186277442e+01 6.612387818633816039e+01 4.457288621032675735e+01 3.646811767442053309e+01 2.281728990007912117e+01 1.581477078098862599e+01 1.003945051683141543e+01 4.853047513392790613e+00 3.758484033001672220e+00 2.915521405764318619e+00 1.912225821400836301e+00 1.490143045075774886e+00 1.181701551538452799e+00 8.049850087749498284e-01 4.667241186176639967e-01 3.122238710293994135e-01
6.482316523414137066e+01 1.606799034136284376e+02 6.195984074211686021e+01 2.149587689763738183e+02 1.510306776887092894e+02 1.633001892275687510e+02 1.437072315308047905e+02 7.574514948768172928e+01 7.062729305272026181e+01 6.564538878822231993e+01 4.407417941692299479e+01 3.660530481148740023e+01 2.292765743563929703e+01 1.553456417630924769e+01 9.823909401231475158e+00 4.749218682132410052e+00 3.786195898708291097e+00 2.827488395140492550e+00 1.905124336531525353e+00 1.500902517178495543e+00 1.200461969710374666e+00 7.877916934575455166e-01 4.752487922411977039e-01 3.042455312914867926e-01
7.325589924200845360e+01 1.674749350831691572e+02 5.991570776045180935e+01 2.128077353400904315e+02 1.547137910636880918e+02 1.629175103756083161e+02 1.416805947669875536e+02 7.255336425937703382e+01 7.109343306089215275e+01 6.641733939914391271e+01 4.410292705604808816e+01 3.643376153471884749e+01 2.258919386329887047e+01 1.558038977041676532e+01 9.999191218049636731e+00 4.912604804002336678e+00 3.714615873065183926e+00 2.810242991442478910e+00 1.898681439654981595e+00 1.490117058223079383e+00 1.193730982671441287e+00 8.163645541901010105e-01 4.605196678926281040e-01 2.859824716732295435e-01
7.084683489296384096e+01 1.639492269379658467e+02 4.530937242068981163e+01 2.089817080773595137e+02 1.475399989120635951e+02 1.624333022818021277e+02 1.417519346643979077e+02 7.302528956648559699e+01 7.098727544818524393e+01 6.579735984698574214e+01 4.394842823304254154e+01 3.643624993221325070e+01 2.252081022185244663e+01 1.539858367840181685e+01 9.875631495255881021e+00 4.903877812772727829e+00 3.725082547689024803e+00 2.882346065439762572e+00 1.843647526433976003e+00 1.501125748121602932e+00 1.185523064056753118e+00 8.103152971705965824e-01 4.698224092540460028e-01 3.231954713180895666e-01
8.536340947416407232e+01 1.665489914294522862e+02 3.800551878291938834e+01 2.178967104338897514e+02 1.500934241353581058e+02 1.660714795976242044e+02 1.408166900951374316e+02 7.538964617602985641e+01 6.939820230227039133e+01 6.588970215988352663e+01 4.380271952239245081e+01 3.654391031636505716e+01 2.245284534589783831e+01 1.544127501583816553e+01 9.872855435033761395e+00 4.644022485582508963e+00 3.758358273435876917e+00 2.713591350511585176e+00 1.862034837101162355e+00 1.361244766835164155e+00 1.111580976438303781e+00 7.775557124726574232e-01 4.401263321432418163e-01 2.828292848701553508e-01
8.124170667477358165e+01 1.558073951405676780e+02 6.975322743630432853e+01 2.048134720200428944e+02 1.539524298814485519e+02 1.603475635028215720e+02 1.388915897190217663e+02 7.633477459413290944e+01 7.091337536050950519e+01 6.581839138843852766e+01 4.262987250861309008e+01 3.672255564723621291e+01 2.265394031149104137e+01 1.553214393677613003e+01 9.847538349797623880e+00 4.747016867260640538e+00 3.826976934171582023e+00 2.736963703914665480e+00 1.827510205231275275e+00 1.423789533247679762e+00 1.126048517237121516e+00 7.754138836892053854e-01 4.628734024525733015e-01 3.020031239062472284e-01
7.115737798021385174e+01 1.681824469327594898e+02 6.412363391118788059e+01 2.163197183688328096e+02 1.494356395535062063e+02 1.629558270216864173e+02 1.432566641556950913e+02 7.367911249971707832e+01 7.069602572260872364e+01 6.560383281254230781e+01 4.418503606076127710e+01 3.680002460699193279e+01 2.263741086233917699e+01 1.564698781625151369e+01 1.014016294737816182e+01 4.745135651064460447e+00 3.760963241954997649e+00 2.846536057437288214e+00 1.908270503829002651e+00 1.472933094803595022e+00 1.171228425801714268e+00 8.124314320092541619e-01 4.662668753577776659e-01 3.179839060865839451e-01
7.422036406716358670e+01 1.592623674980199269e+02 5.419232356441360565e+01 2.140050972742532167e+02 1.429524656825716704e+02 1.650327262409602724e+02 1.394623155595020592e+02 7.507218376514467195e+01 7.148125476054323713e+01 6.577060529024362268e+01 4.428533533610184492e+01 3.601350858760258689e+01 2.244201537199063523e+01 1.528288888851553651e+01 9.887016234255343150e+00 4.855913603176897908e+00 3.750901678056747457e+00 2.791659226973090213e+00 1.886717669560882271e+00 1.485692758856047790e+00 1.159438982858750578e+00 8.140488321452975518e-01 4.920514490224327520e-01 2.990865395012385353e-01
4.852948139358050383e+01 1.593747877004580005e+02 5.778001049537832756e+01 2.068700772181689160e+02 1.458517442825885553e+02 1.676365100739499496e+02 1.417902130397706912e+02 7.681340922906922231e+01 7.090958172708542406e+01 6.623315959590254920e+01 4.425730189729595310e+01 3.649694595801581443e+01 2.205680505396264479e+01 1.585571812656915469e+01 9.967614058099421470e+00 4.947021634613070873e+00 3.826778504735143027e+00 2.871718122891207425e+00 1.843604517628624428e+00 1.480734665548792517e+00 1.196325944583727319e+00 8.204089743364140208e-01 4.948779968195121115e-01 3.187115724645235848e-01
7.945524791534836595e+01 1.698900990412224985e+02 4.706954025946637898e+01 2.120233091365212772e+02 1.481460776986192514e+02 1.635650079603407505e+02 1.417650928290305501e+02 7.365586572084208683e+01 6.989914819668689461e+01 6.573075696703347148e+01 4.534780575434773198e+01 3.732745109888872292e+01 2.294031231824336103e+01 1.574827714844917104e+01 9.856010805940265129e+00 4.880275165504991186e+00 3.673736786332570503e+00 2.914686789929693322e+00 1.933306003266401119e+00 1.487441691204341554e+00 1.173567189297320512e+00 7.924108399849011386e-01 4.682402518297608673e-01 3.083059631549711632e-01
6.188975927395335219e+01 1.615938906501808390e+02 5.326937257370287426e+01 2.141967233552198877e+02 1.484389782750839117e+02 1.639047972491500502e+02 1.434049538430438986e+02 7.463300013430375657e+01 7.055756444565322738e+01 6.489879381749771881e+01 4.433457432211152849e+01 3.574689532533664504e+01 2.289113810930734871e+01 1.543200656246648528e+01 9.926321582881303840e+00 4.857150294789512657e+00 3.839716974399598026e+00 2.782404588441425464e+00 1.898176147797576929e+00 1.501295767298072681e+00 1.160886399488855192e+00 8.068927571169862700e-01 4.703787554479718636e-01 3.181197108316991540e-01
6.121053093281637558e+01 1.633456019217643416e+02 5.432159322014683056e+01 2.213334589884706531e+02 1.519720497143129307e+02 1.663909813614193354e+02 1.422702197086177023e+02 7.439905126220835996e+01 6.997680152476542048e+01 6.626450548248006100e+01 4.444457248210324707e+01 3.703589170429444977e+01 2.296216308166006925e+01 1.552266152866842575e+01 9.826241425468179358e+00 4.908075883472047707e+00 3.688481781747954269e+00 2.863186141841546739e+00 1.893982764091776572e+00 1.471793915667523933e+00 1.204326385370092733e+00 8.246918902849174060e-01 4.918627258286849546e-01 3.201403393040154199e-01
8.967010067950931784e+01 1.719839486718294097e+02 5.081739644412957091e+01 2.092984778867631235e+02 1.542308034778286867e+02 1.658901262066444815e+02 1.433272046460789966e+02 7.471504609742045488e+01 7.027385190805046022e+01 6.517359831375817691e+01 4.392631463995611085e+01 3.657555699477733668e+01 2.252763459635880494e+01 1.554767559831434909e+01 9.879652787802447378e+00 4.820009851600727480e+00 3.774909122644189097e+00 2.833164224391550690e+00 1.886661323856192229e+00 1.482028151284319861e+00 1.189731470712599437e+00 8.187927657832665407e-01 4.774864815250114969e-01 3.045397407229516462e-01
7.314585798766221103e+01 1.653948262436200878e+02 5.504817460027966547e+01 2.137034007617231453e+02 1.514625929092329386e+02 1.642075508636367829e+02 1.434653880394218106e+02 7.555207553840143930e+01 7.143977328536124105e+01 6.676616685884174274e+01 4.455803957493357359e+01 3.706984885478546232e+01 2.286244669441373745e+01 1.565709120153524836e+01 1.002149836237802738e+01 4.891041712519634821e+00 3.809616916954344568e+00 2.891765151131476141e+00 1.924427947430928487e+00 1.488283018136977498e+00 1.192323735402973872e+00 8.117305941060983798e-01 4.806214208766905194e-01 3.090311222525256585e-01
7.382271610091656555e+01 1.639394493850292633e+02 5.435776640891679534e+01 2.186520358983184451e+02 1.526499097106909915e+02 1.632024374053700910e+02 1.426572831839479534e+02 7.494051932723216680e+01 7.238918534306183972e+01 6.675887828390432333e+01 4.452585291007962098e+01 3.674460093339148159e+01 2.302738693495721378e+01 1.562102755363457618e+01 1.006911923241977647e+01 4.966659764131034827e+00 3.856926198711113862e+00 2.936331096194021217e+00 1.907214214005310104e+00 1.469054661366424153e+00 1.178099518235066201e+00 8.022418286902451845e-01 4.723798680050833587e-01 3.136161403310852580e-01
6.834192835517728781e+01 1.544794490785703545e+02 5.292603882827236106e+01 2.254738009807076651e+02 1.487321893258670684e+02 1.609507091373080527e+02 1.418447670982785951e+02 7.150066509919894031e+01 6.944491996454810590e+01 6.651380920278367626e+01 4.385778113606295392e+01 3.632301076409135021e+01 2.251027488735979531e+01 1.553130089095782829e+01 1.001216292037518230e+01 4.769357499492697272e+00 3.833104457005335419e+00 2.864336829602971424e+00 1.902422139422888181e+00 1.520301824117338718e+00 1.195658362874201464e+00 8.068111338322834225e-01 4.855025418220468847e-01 2.894037404486985987e-01
7.140206910909725480e+01 1.583793587473846287e+02 5.624569124499657846e+01 2.182472698883766782e+02 1.545068718974574722e+02 1.642389044262278617e+02 1.440018016505015623e+02 7.458788091719939928e+01 7.076989285787566075e+01 6.651089515157980259e+01 4.465572618307638919e+01 3.721332219846490119e+01 2.265745920908026534e+01 1.586186225932042504e+01 9.884272052480492121e+00 4.871431461022666554e+00 3.830469875452944262e+00 2.860876499699488207e+00 1.863842802461202153e+00 1.486653979166300266e+00 1.192476913876504341e+00 8.359502637053355389e-01 4.780120806850497450e-01 3.144000940775128483e-01
6.989604422613179224e+01 1.640191195206390944e+02 5.211333544631931147e+01 2.079208078427275552e+02 1.507015634631029286e+02 1.648570511601688509e+02 1.437744468103739734e+02 7.423548444692576709e+01 7.121243695544424668e+01 6.631859825669916120e+01 4.469689779346488478e+01 3.655121023354827514e+01 2.279434261306403542e+01 1.546648332447418817e+01 1.008525945545222591e+01 4.903819384232536827e+00 3.829843813528279739e+00 2.897294834727991653e+00 1.906826823366607915e+00 1.484640374006904739e+00 1.175555244863492055e+00 8.059774802477102096e-01 4.722425404088222423e-01 3.259887859517579534e-01
7.413531447746910885e+01 1.662354442056170853e+02 6.116977439374134917e+01 2.147709287338937543e+02 1.509715437897135359e+02 1.673384066353118840e+02 1.444656826834115293e+02 7.538619591575407242e+01 7.095347982579613699e+01 6.716022592862894669e+01 4.520587776034426497e+01 3.688182532674208858e+01 2.292525975900930391e+01 1.555445912764483118e+01 9.995775832278541273e+00 4.990143044391880167e+00 3.818109986853034599e+00 2.889476820533099399e+00 1.936064246740426986e+00 1.486694113449166688e+00 1.186728296369263580e+00 8.034089765330922894e-01 4.742733815854386914e-01 3.100257926925708563e-01
7.323368882575084626e+01 1.560429487672723781e+02 5.667448559226549065e+01 2.044457854336732794e+02 1.514076587998617072e+02 1.619567622062074861e+02 1.426757591703671437e+02 7.398704707319838292e+01 7.036026245161728809e+01 6.651303197818569402e+01 4.400970262990509951e+01 3.679683900387717443e+01 2.275010347383988218e+01 1.547443910292895097e+01 9.848507798522287970e+00 4.702811508410079000e+00 3.807331276213552052e+00 2.913645379481505593e+00 1.920629092236264102e+00 1.462762889144753720e+00 1.170330247974773252e+00 7.945478363528306609e-01 4.816520431102956912e-01 3.156042855061745867e-01
8.173644166513895470e+01 1.341767852384775779e+02 6.569907874568865225e+01 2.171339131955917310e+02 1.450876411130456063e+02 1.636615009637716582e+02 1.411026359719912762e+02 7.322134474639236146e+01 6.863683284044148536e+01 6.640841062912245718e+01 4.397872918007779219e+01 3.650162045526492705e+01 2.232406991409002472e+01 1.535455570097408895e+01 9.952270228270322150e+00 4.629073570176329255e+00 3.895076161507981638e+00 2.796269594543901338e+00 1.886081426624615087e+00 1.494440867840408194e+00 1.169257258271139799e+00 7.861440222090564367e-01 4.425832761992046227e-01 2.825861581836184300e-01
6.838784810759703703e+01 1.604707531795546345e+02 5.810893743772693654e+01 2.076373349028455948e+02 1.527593341169350651e+02 1.622548919611648159e+02 1.400908377091308523e+02 7.484315085707930848e+01 7.077975054882391248e+01 6.578863490790372737e+01 4.416972215004268065e+01 3.695492513827947079e+01 2.241478197365663050e+01 1.546093055693333262e+01 9.997706615362792704e+00 4.792336232256226403e+00 3.807377086532810928e+00 2.858738494106728201e+00 1.881005685182336018e+00 1.509453937052536832e+00 1.166829810622428854e+00 7.798934549759475310e-01 4.573286892238916934e-01 2.899675389524709601e-01
7.244931527523668535e+01 1.660061661958574462e+02 4.472419684951091057e+01 2.046643103661695307e+02 1.434244254730249395e+02 1.680625797306813638e+02 1.400774135870015016e+02 7.391629859710985784e+01 7.148738795001749224e+01 6.607857056009224550e+01 4.399072582565977996e+01 3.613971071775488042e+01 2.264813670409484558e+01 1.520466764828784179e+01 9.767779494847250277e+00 4.760214203111411635e+00 3.748267883014289925e+00 2.815070291241993150e+00 1.848145358599973642e+00 1.436633152701619398e+00 1.171919986181195084e+00 7.901738054978189041e-01 4.651861807382977054e-01 3.077474630560994018e-01
7.302726540680325229e+01 1.623528658914588618e+02 5.648323128523523451e+01 2.144080398754641692e+02 1.535980252266663797e+02 1.677027434072300309e+02 1.419532469763292681e+02 7.463866886445893556e+01 7.090256747789355529e+01 6.609890472232949321e+01 4.468867274132724532e+01 3.669955480004437476e+01 2.274849672363739117e+01 1.547136989768769588e+01 1.001738149242916975e+01 4.842129712008329534e+00 3.900749383829463568e+00 2.816279516862236765e+00 1.910798644138743896e+00 1.477076137661375244e+00 1.196302486438925339e+00 7.936711542189260893e-01 4.700380923098693153e-01 3.126725448607640123e-01
8.346454055517635595e+01 1.654965036258947748e+02 6.669072160868410037e+01 2.062923094813347404e+02 1.445980710894371271e+02 1.580581228945139003e+02 1.438609106513470977e+02 6.820270381800608561e+01 6.854984077827539579e+01 6.648099132847639225e+01 4.327664611669519701e+01 3.687425505314153185e+01 2.222968682682209618e+01 1.545037683750104307e+01 9.622849501393654137e+00 4.760794786606169282e+00 3.711628467643520057e+00 2.855928074087259461e+00 1.914835002582374157e+00 1.484399197234873125e+00 1.203992851311261214e+00 8.305543491119419253e-01 4.842582206860902017e-01 3.198835292562278720e-01
5.831594887368248692e+01 1.385919921570305746e+02 6.419161171615412798e+01 2.061592547666684254e+02 1.389575867196719230e+02 1.635023715316541200e+02 1.399968608497683533e+02 7.650296260722049624e+01 7.104581444373270926e+01 6.398143929766319360e+01 4.279739290005196040e+01 3.577532996891716266e+01 2.257964982346582872e+01 1.573450285246317826e+01 9.601907600282252986e+00 4.518995644327429062e+00 3.654718083087381331e+00 2.776954535838252802e+00 1.956338757724142008e+00 1.427298260396808738e+00 1.212275099613993934e+00 8.123669550181489285e-01 4.496965009590377926e-01 3.120869811759863222e-01
7.124212333434508082e+01 1.708100223306099963e+02 5.473806794805020814e+01 2.095759142936375383e+02 1.471983351241911748e+02 1.615190285083284039e+02 1.448268191576700019e+02 7.278292867407907352e+01 7.077658185558476589e+01 6.639061733468732029e+01 4.463208359432880457e+01 3.663662729743838753e+01 2.242474478771152491e+01 1.563934989662522668e+01 9.912969578259566816e+00 4.890750887709764960e+00 3.754804915886978733e+00 2.887065429952770046e+00 1.883498967482231556e+00 1.466987490744834366e+00 1.186497064488065467e+00 8.033664345450701738e-01 4.609576954606532939e-01 2.973833966299426201e-01
6.321524155373778342e+01 1.571147660880601791e+02 6.333739249622593803e+01 2.037585168933712794e+02 1.511856789323302621e+02 1.664296266669501279e+02 1.426530922746835586e+02 7.567552694038346317e+01 6.958705159975743015e+01 6.492064896297073062e+01 4.403008722920097284e+01 3.643860125700374653e+01 2.257820655750805727e+01 1.538168152076594453e+01 9.844183032961693058e+00 4.858135275406533005e+00 3.718066841562539082e+00 2.921562469787552185e+00 1.866899484536680864e+00 1.459483685625163396e+00 1.174039602135203308e+00 8.126574619388549081e-01 4.557444034928513354e-01 2.979243881124924442e-01
7.215040258496136971e+01 1.543486900403244988e+02 5.205984301311929130e+01 2.161343331748348362e+02 1.482298655991116618e+02 1.663781815873648213e+02 1.434356298998480952e+02 7.517047286467652611e+01 7.000557816859306115e+01 6.608226957676284030e+01 4.399576754000703005e+01 3.676912265544117275e+01 2.252265635038870428e+01 1.565085425238502026e+01 9.833698276262181182e+00 4.818759569197865744e+00 3.726213688857223261e+00 2.826247014912114608e+00 1.869002859243636072e+00 1.472953586005926407e+00 1.175935946232682605e+00 8.033821132451464120e-01 4.780516602778647206e-01 3.105403284462862068e-01
