8.034304447410522698e+01 2.301424102120573991e+02 1.326366254370130093e+02 2.462048106275516091e+02 1.663580949138771530e+02 1.260138599995866997e+02 1.421451007644108131e+02 1.012946304753341593e+02 9.276051787607838151e+01 7.200085740391334355e+01 5.766761140449826684e+01 3.782481791909242475e+01 3.039977342154425699e+01 2.004548762406795248e+01 1.066166633170901612e+01 8.975258160276744945e+00 5.001646162306318644e+00 3.801116557127002693e+00 1.632432291634950072e+00 1.651369017602611011e+00 1.250791537784794016e+00 8.489467297086465969e-01 5.847750522536121487e-01 6.266558888578492859e-01
8.664902550185540520e+01 2.444699677626012146e+02 1.258388191227224269e+02 2.452647871902531449e+02 1.584996747084495610e+02 1.297502095448760144e+02 1.441677149003918714e+02 1.005161616391806092e+02 9.428605138874334557e+01 7.131402137654711737e+01 5.724497796246931358e+01 3.702168040755137213e+01 3.081627579759699742e+01 2.004761232858388809e+01 1.073840923164414640e+01 8.878404058686738765e+00 4.908270219836797565e+00 3.847591616576986784e+00 1.696503041556666203e+00 1.677833151459415806e+00 1.235623817336812591e+00 8.397161679532592071e-01 5.660830451497236293e-01 6.210453479221734741e-01
7.036971642861439591e+01 2.410835284786845421e+02 1.208246314826493375e+02 2.359288964166125311e+02 1.589151853382008426e+02 1.321619034231357546e+02 1.387130923596974128e+02 1.020327311304516797e+02 9.493324755769923229e+01 7.270821151127690030e+01 5.832426211019046036e+01 3.737486026754401536e+01 3.112530218260383919e+01 1.977033549059156314e+01 1.083009985915372830e+01 8.954955613869909570e+00 4.901365405815842458e+00 3.848307783015736394e+00 1.719853455217396743e+00 1.688606697875350671e+00 1.220655479694834566e+00 8.290480680205682962e-01 5.794591538631366223e-01 6.121241269539813290e-01
8.964880456656212004e+01 2.513311295229455027e+02 1.269466209845496252e+02 2.533209108909168776e+02 1.685073171263919107e+02 1.328339192316010156e+02 1.396574516825170065e+02 1.020634287330117047e+02 9.265836964643094120e+01 7.125592155536645578e+01 5.792506347788525289e+01 3.766290378529440375e+01 3.088610142509633150e+01 1.992903083314565649e+01 1.109638310809437911e+01 8.923569991030282367e+00 4.852324190861132536e+00 3.851751499672524393e+00 1.714094318283544638e+00 1.686673279285844984e+00 1.221662339370498618e+00 8.624308743121102960e-01 6.029225770409141205e-01 6.293820686185174207e-01
8.782717526899298832e+01 2.139153938394828742e+02 1.411882473594365877e+02 2.318708840498063921e+02 1.684148584079984232e+02 1.322490549499589463e+02 1.458047502520280148e+02 1.029098611546181559e+02 9.341334502866823186e+01 7.177328395836454433e+01 5.776836240437487646e+01 3.768299763395522461e+01 3.149437392944822989e+01 1.975653926873834010e+01 1.058265318542215461e+01 9.039488903451591284e+00 4.779234847607746417e+00 3.804341256258620074e+00 1.694619585911117499e+00 1.709489904202099231e+00 1.227863106014988492e+00 8.769558451248886666e-01 5.694860957584941819e-01 6.125106725208152580e-01
8.117912079292086958e+01 2.239218821207709027e+02 1.196035494832237873e+02 2.374568830244066646e+02 1.734595220784374305e+02 1.319408559624624502e+02 1.426532266328445644e+02 1.015988783904313522e+02 9.312971918388997494e+01 7.069809521603879432e+01 5.738406492391518299e+01 3.705421345342269746e+01 3.084656297992325946e+01 1.988840818349591899e+01 1.076699232951200713e+01 9.052348981929354110e+00 4.846688162362347896e+00 3.887742372851942019e+00 1.677696016735819917e+00 1.644858102083547324e+00 1.231892823170617657e+00 8.347994988152452889e-01 5.611975499134840284e-01 6.008903881781405554e-01
8.282751974404149564e+01 2.412082386396184290e+02 1.325212635679500579e+02 2.488513615600691651e+02 1.686149391861991091e+02 1.315823367402845463e+02 1.440573974675637885e+02 1.018076740480163664e+02 9.391301301022070902e+01 7.153011459375487391e+01 5.776309035259875202e+01 3.780363965963459805e+01 3.092920790890481086e+01 1.968745559715470250e+01 1.075998936404466555e+01 9.197515150085379787e+00 4.915588012864281708e+00 3.810655493600691557e+00 1.715991418955848724e+00 1.698746182731714294e+00 1.204767940810173021e+00 8.679481272332649766e-01 5.838278435015138434e-01 6.087601265754204460e-01
8.433312923095417091e+01 2.126767421858096156e+02 1.181210121394991575e+02 2.536202749562722829e+02 1.666403335050453052e+02 1.273293603069291464e+02 1.400107206059961413e+02 1.031835287881127385e+02 9.278065305991103173e+01 7.173447205523781633e+01 5.776618525941616156e+01 3.734780846753276506e+01 3.141990408554809378e+01 1.933305041470192265e+01 1.086298926432635703e+01 9.026850462749955284e+00 4.957401285287271975e+00 3.988686471361690078e+00 1.653154566366203726e+00 1.657831372972125905e+00 1.186891545426099315e+00 8.410696210219006375e-01 5.708845151154875452e-01 5.864460220447322847e-01
1.021168897319435303e+02 2.430855134888346356e+02 1.293219668686568866e+02 2.436929596149811061e+02 1.661825095469829137e+02 1.334271953375017858e+02 1.416534746522820001e+02 9.981844006552313431e+01 9.281857740891811659e+01 7.216398160689016095e+01 5.611057108970905460e+01 3.729398680692705881e+01 3.075479542650382569e+01 1.986898034363833432e+01 1.090974733743980885e+01 8.985725622400707380e+00 4.734055906922350232e+00 3.778551304341516204e+00 1.673084663487566237e+00 1.659616429039128649e+00 1.239764067648129631e+00 8.812115321807066914e-01 5.684356824877002667e-01 6.009982945327801973e-01
9.929061039622312990e+01 2.367248265201962170e+02 1.362021686083971872e+02 2.416623348891911860e+02 1.699668930581824497e+02 1.275205535896804321e+02 1.443834611257098004e+02 1.050648802836502824e+02 9.456211881798623153e+01 7.280936142174699910e+01 5.768490138019807034e+01 3.784556750286799343e+01 3.087729228275203752e+01 1.959168169071168464e+01 1.088541608422607787e+01 8.848124563596767800e+00 4.959424459397224538e+00 3.821201166053459275e+00 1.728038126854063883e+00 1.668848829476576201e+00 1.199389526207347512e+00 8.782177020386396915e-01 5.662941636717605531e-01 6.212701477348051560e-01
1.014987771486458428e+02 2.327362289880376522e+02 1.261053594103311326e+02 2.432123104654488941e+02 1.654361225997980114e+02 1.339683373113738298e+02 1.387072679926452849e+02 9.882163737687854166e+01 9.174674819444619800e+01 7.191380869054333402e+01 5.721196193722727230e+01 3.692468069890617244e+01 3.050261435290777356e+01 1.958580648326829987e+01 1.081557497487935748e+01 8.986888833151805756e+00 4.957247783584217693e+00 3.838734369439163796e+00 1.653856254382380264e+00 1.706495146931500173e+00 1.258895552081173097e+00 8.465230799991466659e-01 5.896951335672014904e-01 6.101919891068875446e-01
8.465094175480822969e+01 2.361550347585755105e+02 1.279632177031220692e+02 2.229479237070822535e+02 1.628286942851908066e+02 1.295650901855748032e+02 1.459382516806270189e+02 1.040511012271404354e+02 9.376220190357643958e+01 7.262736324376848529e+01 5.761234840381767697e+01 3.730083156204823069e+01 3.105503837238523346e+01 1.972224935469968798e+01 1.112100188017447522e+01 8.779290919942715377e+00 5.039389986848061831e+00 3.901215974566822009e+00 1.676792652742544076e+00 1.689857706854841046e+00 1.194913250462778187e+00 8.184705747158034228e-01 5.642506644555737028e-01 6.262131717033253553e-01
9.429440869464285413e+01 2.618771732759192901e+02 1.265537342819070830e+02 2.389770900629814605e+02 1.645369211549447073e+02 1.301282518645878667e+02 1.428401503952895553e+02 1.020225831213160745e+02 9.322715100434467672e+01 7.212866364791152307e+01 5.740747511681836812e+01 3.709787189187895962e+01 3.080475749000064312e+01 1.951909288765481421e+01 1.110529565894059445e+01 8.918100332673102315e+00 4.828856462174028863e+00 3.830302999433660371e+00 1.696619444814597033e+00 1.671091184373898475e+00 1.236333502212441759e+00 8.530979965771795515e-01 5.812531175413354623e-01 6.111105410700367058e-01
5.559327266448805460e+01 2.318712715182763020e+02 1.389405251966455523e+02 2.537702599641938264e+02 1.620922875229806550e+02 1.369500988907910539e+02 1.399035170934073165e+02 1.057145972732359951e+02 9.391637411553080028e+01 7.215915839853931857e+01 5.706690301542356991e+01 3.694211611803024908e+01 3.074906416071334903e+01 1.976654290340777465e+01 1.016245509684734749e+01 8.849623121030187889e+00 4.948331305776524580e+00 3.789572475036429910e+00 1.617955652293195268e+00 1.648994292137867523e+00 1.243043221371596063e+00 8.947378088063311363e-01 5.862679107025364766e-01 6.099553473115120195e-01
9.209972270047482823e+01 2.456228686780677322e+02 1.208582696252759803e+02 2.474650401007245364e+02 1.661129418183018629e+02 1.277832003683328708e+02 1.421603045369442953e+02 1.025371030785304640e+02 9.436740927983171900e+01 7.173730028503213418e+01 5.729977358022399869e+01 3.717271516191622283e+01 3.089975702300887761e+01 1.959671709482184099e+01 1.083044007895431093e+01 8.867142677107274551e+00 4.952154806955506139e+00 3.791999383068899832e+00 1.704902693520474077e+00 1.629738595948319269e+00 1.190802064249774084e+00 8.579505189495317818e-01 5.893796686238137461e-01 6.197244297191292217e-01
8.404159882818267135e+01 2.383929627552145121e+02 1.386059319301075448e+02 2.466069364677483122e+02 1.570106002699230885e+02 1.370152820495504784e+02 1.366114490407833841e+02 1.008657271130189201e+02 9.418233894167821063e+01 7.163335933101019748e+01 5.712832276046928115e+01 3.736221256800569535e+01 3.081278558252124000e+01 1.982716350778356684e+01 1.083634768850878771e+01 9.156065590634346663e+00 4.872763763328792130e+00 3.768818035823132018e+00 1.628751485328664428e+00 1.677930762054096192e+00 1.204557185646968120e+00 8.506655824910159813e-01 5.966868230566492182e-01 6.402238954385421899e-01
1.044429113438746839e+02 2.306288560364326941e+02 1.315563465300985513e+02 2.407426359432138270e+02 1.651132742072360315e+02 1.285495816685528325e+02 1.436130813580709855e+02 1.040185203839821924e+02 9.392087757284966187e+01 7.125620933172842797e+01 5.733412958611672394e+01 3.756937846760067856e+01 3.040581922414651217e+01 2.002034152547269485e+01 1.107241635269186197e+01 9.044603407427493025e+00 4.874229195314315533e+00 3.819450710899209511e+00 1.671176142854468916e+00 1.684305566096372830e+00 1.266402094325453920e+00 8.506624875620382165e-01 5.906077395489924831e-01 6.037166023290251315e-01
8.310774473434493359e+01 2.224905516411416784e+02 1.179715180878249470e+02 2.415100217460735337e+02 1.661626798842779635e+02 1.331155903111616681e+02 1.439745964685934894e+02 1.006250468279134509e+02 9.300059988000563749e+01 7.199893229140539574e+01 5.782341678438687893e+01 3.688316395453937702e+01 3.076127882134698766e+01 1.946758977166090787e+01 1.083271440760397830e+01 8.905240036855431640e+00 4.853380724893255227e+00 3.884812644145358540e+00 1.715715749914263233e+00 1.677655510219320689e+00 1.226030689519267414e+00 8.657069642200851955e-01 5.940776186265936953e-01 6.168013068900237705e-01
7.086447002214954693e+01 2.366028428626683251e+02 1.189974198265065155e+02 2.577058429586775219e+02 1.718812651494307033e+02 1.240752959809398988e+02 1.424592615069684598e+02 1.036995971700013257e+02 9.164116052921509947e+01 7.077185790817468103e+01 5.786072713697183900e+01 3.769419948716043933e+01 3.020637242806587963e+01 1.994906741882424228e+01 1.071500662076031318e+01 8.961772062688691420e+00 4.947998117559633258e+00 3.809934150174188350e+00 1.652012016717194776e+00 1.693893644324458547e+00 1.205435252516526168e+00 8.939730730066596243e-01 5.999858755689138068e-01 6.065011611918303958e-01
8.268693153229926907e+01 2.444807598808114051e+02 1.191697281395155841e+02 2.413802192121736709e+02 1.583092442530208075e+02 1.343798011145360078e+02 1.394709970822376874e+02 1.021200273996034014e+02 9.221411721995359301e+01 7.049586114773400425e+01 5.652453251381606236e+01 3.685550085279751897e+01 3.124249799450867116e+01 1.964196781827550708e+01 1.118871728468729820e+01 8.904187498003373946e+00 4.947138740979577065e+00 3.884061641987457403e+00 1.672372946171393204e+00 1.704171139804356194e+00 1.210807402281513179e+00 8.703332087906585635e-01 5.990632730925770089e-01 6.271861126811060227e-01
9.594421999375646237e+01 2.583682180820058534e+02 1.288163290304010218e+02 2.413725437047305888e+02 1.634816173086846618e+02 1.268809089535398016e+02 1.418928886081501730e+02 1.023520813013079902e+02 9.380861874975857972e+01 7.197975976400753950e+01 5.899839258367991590e+01 3.733189334619403610e+01 3.030865625759542681e+01 1.980396091281849991e+01 1.059529245683037324e+01 9.019670331539987984e+00 4.773485945002781783e+00 3.814880285795451798e+00 1.692451058854519408e+00 1.673277192349592157e+00 1.271763053630581286e+00 8.506528454727477762e-01 5.800134809749539766e-01 6.241381052290897458e-01
7.296023769092833788e+01 2.324560593737500369e+02 1.257974617646866875e+02 2.389930958190786896e+02 1.679878989617573097e+02 1.324298974655529264e+02 1.419781115135054392e+02 1.008872042436560719e+02 9.190152300215628145e+01 7.200117083016300512e+01 5.770103462862357446e+01 3.746764354861542756e+01 3.084107149152499971e+01 2.000475475486094368e+01 1.113221538072642858e+01 9.043418121300840440e+00 5.020872223313370242e+00 3.802491756792690136e+00 1.719109624509649326e+00 1.656096261954666637e+00 1.198830057397589632e+00 8.626120066688243160e-01 5.832699634977114300e-01 6.097112630412221401e-01
9.170356100826541024e+01 2.628999401480732558e+02 1.215494739088154574e+02 2.334191362390503173e+02 1.604538238139965927e+02 1.359111560111171855e+02 1.422270590828900936e+02 1.002004776742823111e+02 9.315072771692045706e+01 7.087424535124679892e+01 5.769615794273097009e+01 3.704720526189314711e+01 3.065228415795630568e+01 1.979079649564279464e+01 1.065907684541963896e+01 9.012526140292536070e+00 4.923953952535112144e+00 3.837719806611732398e+00 1.580665717228482814e+00 1.613625243309957602e+00 1.201652097629961169e+00 8.771247746933954481e-01 5.712879900603295980e-01 6.167674767017196080e-01
1.223613539282323188e+02 2.224682293892042821e+02 1.323699441445143918e+02 2.448644503400146277e+02 1.650440693931836620e+02 1.297942159723691020e+02 1.425205184302464829e+02 1.020888634093513758e+02 9.685844303113715625e+01 7.143097355942100535e+01 5.713084645245697146e+01 3.704586893742703779e+01 3.091948197392122566e+01 1.964768243555532123e+01 1.061613985485750256e+01 8.774939756115923473e+00 5.011201554593307073e+00 3.964626879904994183e+00 1.612788847623919608e+00 1.668459005659898464e+00 1.219399976218663584e+00 8.600270145884070239e-01 5.475836689838555760e-01 5.956874175937355576e-01
6.958371440714815037e+01 2.418025576321875576e+02 1.325886732952381237e+02 2.415409986430040590e+02 1.568132252105803843e+02 1.293856512565814114e+02 1.420673389617546718e+02 1.037017758742537410e+02 9.282469360982909734e+01 7.132171871609331504e+01 5.719870788750786517e+01 3.684752911586873836e+01 3.065842884357124021e+01 1.965828263057571945e+01 1.110620232000237628e+01 9.046800787689972978e+00 4.824935246731360650e+00 3.812181099751773328e+00 1.634954966764845308e+00 1.641935006361330496e+00 1.190910626797428318e+00 8.949593917610063620e-01 5.921369680030896809e-01 6.256409729361430694e-01
8.329944125542034783e+01 2.198568959409058721e+02 1.312138460476711543e+02 2.421397427261119901e+02 1.687018856853028410e+02 1.310732160802702424e+02 1.411297933078461426e+02 1.011005995254667624e+02 9.309912229819879315e+01 7.239083036930398407e+01 5.737335112277746418e+01 3.772175287353171313e+01 3.112702667188969485e+01 1.992049685190767150e+01 1.097510119463916212e+01 9.143313010840776300e+00 4.898115142462181382e+00 3.707547193479644676e+00 1.596859329657949189e+00 1.659423849616482149e+00 1.248627477664072449e+00 8.414833622540666136e-01 5.766304421647993061e-01 6.035417169885228805e-01
5.318376226593068168e+01 2.369311781862989221e+02 1.188491895723187781e+02 2.381279079612234000e+02 1.699214471377373172e+02 1.339341419356918834e+02 1.325204965188798383e+02 1.014641507020472773e+02 9.373029210835989034e+01 7.221649955405665366e+01 5.632128161019592483e+01 3.676273044030959625e+01 3.091903747987831608e+01 1.996085588253112064e+01 1.074587666107635009e+01 9.114347054303129525e+00 4.836230943972168461e+00 3.980348917240783990e+00 1.675290700076182304e+00 1.685560862800300042e+00 1.252661566055914610e+00 8.774352789112603856e-01 5.810733427594070299e-01 6.230057116169420706e-01
8.793211424736495019e+01 2.401143510143004960e+02 1.194226819389763961e+02 2.613920604676382027e+02 1.707848841075516759e+02 1.343910194085228511e+02 1.390371944606535521e+02 1.027631228499169964e+02 9.264882238426589822e+01 7.140822989958986966e+01 5.796489093683784688e+01 3.710798835143152985e+01 3.093632127401421883e+01 1.963543467727498282e+01 1.063961966910578028e+01 8.902858125059040617e+00 4.877989824869092494e+00 3.784616897745295194e+00 1.687689746500047994e+00 1.638258840826720020e+00 1.216796002203573090e+00 8.643203222737575464e-01 5.839930227847416333e-01 6.008174801887926630e-01
7.584234248297502745e+01 2.430608187367911057e+02 1.097987071782192601e+02 2.434332486144705001e+02 1.660761565106507192e+02 1.322733828935637916e+02 1.417907493829185341e+02 1.003785254658513395e+02 9.320841678814619513e+01 7.117867532983424894e+01 5.784387879335969984e+01 3.735629386343847358e+01 3.102345220301228679e+01 2.000779541309909959e+01 1.093985875633688387e+01 9.027837856783497372e+00 4.843530713862438830e+00 3.819948446595257785e+00 1.624460567593710714e+00 1.702353926603491718e+00 1.227762262012587646e+00 8.605132405622967218e-01 5.912411874538093803e-01 6.202655940279202529e-01
1.147911343606720607e+02 2.355852971102429478e+02 1.265557031597274573e+02 2.453562055021736796e+02 1.688342728321566426e+02 1.308031550323510999e+02 1.408524819080744237e+02 9.822726812403828944e+01 9.395054739769851437e+01 7.147113905098980524e+01 5.694267576352505955e+01 3.753224734385381112e+01 3.042573096684701284e+01 1.985955471939017869e+01 1.099272768871235151e+01 8.954429176984215033e+00 4.985136666310065579e+00 3.804719700146629524e+00 1.744586446322029971e+00 1.693755162651106483e+00 1.225508724251178849e+00 8.471296509513827067e-01 5.646692394338037602e-01 5.971636642360858005e-01
9.406582588492925368e+01 2.573387310018777612e+02 1.325572854105982401e+02 2.357725369015944636e+02 1.658866148062688524e+02 1.321226358775945755e+02 1.442009063148484813e+02 1.040313712444816758e+02 9.523518016690505306e+01 7.249027560105973578e+01 5.762859757787109061e+01 3.677213141938369745e+01 3.058670134918178363e+01 1.979267459274249319e+01 1.114708164788911482e+01 8.920805221866906720e+00 4.867028509579420792e+00 3.909848056374102487e+00 1.790570215556844591e+00 1.739269811187832415e+00 1.172714965814214638e+00 8.682866816921599451e-01 5.917458054293603942e-01 6.154816326152453554e-01
9.844926231074344969e+01 2.442701794547683392e+02 1.303539950299227428e+02 2.394556063384840456e+02 1.617912502792511305e+02 1.372297953954076490e+02 1.475915556128519199e+02 1.011231701113293298e+02 9.361942441119880698e+01 7.264074375377172998e+01 5.703802859756468280e+01 3.765138093656698715e+01 3.053953210603961210e+01 1.973490512904348648e+01 1.078842308304976783e+01 8.674999851603928391e+00 4.755941047762255458e+00 3.824971445763196698e+00 1.688711271861762508e+00 1.677142469642355582e+00 1.249020188498862538e+00 8.057637767804227691e-01 5.739897300926020129e-01 5.984117291141628492e-01
5.959561409505484875e+01 2.354697915459238970e+02 1.309370797737651912e+02 2.471822997316993167e+02 1.671118157549241516e+02 1.356732207865758539e+02 1.436490313874006119e+02 1.035886165426391017e+02 9.561342338576500310e+01 7.101583755006208776e+01 5.807642054801955567e+01 3.772685055777584040e+01 3.100785919260216517e+01 1.967911540605952325e+01 1.085062826329890306e+01 8.981282751488702587e+00 4.809189345249620828e+00 3.848415552475905166e+00 1.711246389021663594e+00 1.645946075850843293e+00 1.226647758400648325e+00 8.500093595665780821e-01 5.811886671978314656e-01 6.185976844133432850e-01
6.409908452951691515e+01 2.350596618250204131e+02 1.162281487980411185e+02 2.556156324909798627e+02 1.668671107054567244e+02 1.321430961234223105e+02 1.406685766841647194e+02 9.929950609360474800e+01 9.383038821347983571e+01 7.060187279660415527e+01 5.890529945950332547e+01 3.730616393689496135e+01 3.040711577778546015e+01 1.950326136411732847e+01 1.043704613082699950e+01 8.732396679513133364e+00 4.954633263165580281e+00 3.869514601804586729e+00 1.781170743200321649e+00 1.651362393752697333e+00 1.198864363303001168e+00 8.798827747941159183e-01 5.652260774525342812e-01 6.338474219150151967e-01
9.261270155542123916e+01 2.199982792169137724e+02 1.228967675134160231e+02 2.474260247617251878e+02 1.645446135205943108e+02 1.323111652355606225e+02 1.409875851969319456e+02 1.010154719325877863e+02 9.241686706841609578e+01 7.222933630300768471e+01 5.842490124523691719e+01 3.849894680025309412e+01 3.089171367153055670e+01 1.991591386866881308e+01 1.090215165160116229e+01 9.027544772378254478e+00 4.840217233235705407e+00 3.875367576461298924e+00 1.675762041079243314e+00 1.645005589040890559e+00 1.237449305032290559e+00 8.240128452045052398e-01 5.519399733099514815e-01 6.014464462060877814e-01
1.016251042439892558e+02 2.373267748893719897e+02 1.392045739710934527e+02 2.405133336914394420e+02 1.698434854066382513e+02 1.305578305174947502e+02 1.404531209659523938e+02 1.010241149652513997e+02 9.231303368868765347e+01 7.121795496386829427e+01 5.905832597237875348e+01 3.737198685170227463e+01 3.078781738452649464e+01 1.961663702065539994e+01 1.081630341664611095e+01 8.964364544217747977e+00 4.959779557900200864e+00 3.946239545601889720e+00 1.675579832289740612e+00 1.689378597993338893e+00 1.232555315719933819e+00 8.237066941770661010e-01 5.799392402678720249e-01 6.143894189789509408e-01
8.402034505121662278e+01 2.341912949084126865e+02 1.196477223984877583e+02 2.475596318747679447e+02 1.666751917500363618e+02 1.338144930400036685e+02 1.419393582964247003e+02 1.025512693730811549e+02 9.259226177566628735e+01 7.200050048705664096e+01 5.826184710174801040e+01 3.751290789325177144e+01 3.095371125476550844e+01 1.970384348714038225e+01 1.111467456769615048e+01 8.807596260149885836e+00 4.884591005486746518e+00 3.790542408431896604e+00 1.661470102631258161e+00 1.680031259197724669e+00 1.251542949569321328e+00 8.648331874624026749e-01 5.920860889884300704e-01 6.151763452302854152e-01
6.671125775078940023e+01 2.268627753539143441e+02 1.201616004512216449e+02 2.435800490710929580e+02 1.721646074442415966e+02 1.313321272181158861e+02 1.447165841038069232e+02 1.011438435443348993e+02 9.518812727777429927e+01 7.298678168539615285e+01 5.650792629356175212e+01 3.697479454633870688e+01 3.035849373777440974e+01 1.951741673356232099e+01 1.105073482031191112e+01 8.882481433702777096e+00 4.926200048762517270e+00 3.722967662039766701e+00 1.739683281459221575e+00 1.602096969264065196e+00 1.235325957703764743e+00 8.556725558491556916e-01 5.693626481478581969e-01 6.049268933341730436e-01
7.546831256616468409e+01 2.340509094653122304e+02 1.298286531333232290e+02 2.455221360217639699e+02 1.671586654921958086e+02 1.300011717664862658e+02 1.457320385636741094e+02 1.030514313743030215e+02 9.174984331440282403e+01 7.081865345247967980e+01 5.801823038280795686e+01 3.705678686702488278e+01 3.087348008811606093e+01 1.987539634725803239e+01 1.074910798020522407e+01 9.015434321946527163e+00 4.867176470960450807e+00 3.787267429784580752e+00 1.662103542453115423e+00 1.670289099144516731e+00 1.225750754145394028e+00 8.583678042290112664e-01 5.572079536642737807e-01 6.200558625294422255e-01
8.480183623556395389e+01 2.347045266717763639e+02 1.151195256714259472e+02 2.316821824525670479e+02 1.646847147682539969e+02 1.265778859725242000e+02 1.431643527630685355e+02 1.054860519143768300e+02 9.175082884487838442e+01 7.140451861028563485e+01 5.738029979711715356e+01 3.742190787449523981e+01 3.012253675557048638e+01 1.979009673965514082e+01 1.079034311182290651e+01 8.882333324351913362e+00 4.881839413310064657e+00 3.869753914552130247e+00 1.661887927259821707e+00 1.686037937695474387e+00 1.202758413731881415e+00 8.255677659358815479e-01 5.742247267105183850e-01 6.042467784818277288e-01
9.015795663494262158e+01 2.422681905082044125e+02 1.376728016495531790e+02 2.487539249736148577e+02 1.628161831594183866e+02 1.266874411104674181e+02 1.426604971968083930e+02 1.038972183839618140e+02 9.442221644249757162e+01 7.303248796335265070e+01 5.771432451065658853e+01 3.784682440981602269e+01 3.087989570784456816e+01 1.954065414530261080e+01 1.084420868451245745e+01 8.975270094914824526e+00 4.867187387457766690e+00 3.817414772827257607e+00 1.537258599958049921e+00 1.715410625498017705e+00 1.219735718912031253e+00 8.822634865487671840e-01 5.727792585342238452e-01 6.308239349217475977e-01
9.056467676499056552e+01 2.332026785231731196e+02 1.251651286636988516e+02 2.321514509846265071e+02 1.701794082027221009e+02 1.343245164232284594e+02 1.407777375951466752e+02 1.016854905182397459e+02 9.325423670165613999e+01 7.265412612967215011e+01 5.671732923499607892e+01 3.705555712025307713e+01 3.077793644446596844e+01 1.972055825299589316e+01 1.109751300573372035e+01 8.818013133193140618e+00 4.963530150676974451e+00 3.758017483850651264e+00 1.675748574826572579e+00 1.662446640478788318e+00 1.240087078196010495e+00 8.632812087739494267e-01 5.973673273065546185e-01 6.112195796618040688e-01
1.054186388701393895e+02 2.475143442162518852e+02 1.347821800866301487e+02 2.409859510272677596e+02 1.646080998481367033e+02 1.330769283689342899e+02 1.409781312650159180e+02 9.952720627813312149e+01 9.374685477980079895e+01 7.246092242581867993e+01 5.867999932966390020e+01 3.731751585956688899e+01 3.042869155319943175e+01 1.988018762094451120e+01 1.080616567345407297e+01 8.925322590545388124e+00 5.019791168070027787e+00 3.842746492128431335e+00 1.652213721880589459e+00 1.610262664625895956e+00 1.221874698118734726e+00 8.445036163022670017e-01 5.777552010100117652e-01 6.211940125714650041e-01
8.789920834922661186e+01 2.497418561662788079e+02 1.347984545799785394e+02 2.388603550161629698e+02 1.638670357054000135e+02 1.264522698074986806e+02 1.409160966243238420e+02 1.037729204426315732e+02 9.422901825958551569e+01 7.173993298793193674e+01 5.762756692423810989e+01 3.694563516552972260e+01 3.028496971969665807e+01 1.980599286015139882e+01 1.043095483776176025e+01 9.060370924767818579e+00 4.892621154827629049e+00 3.895086832955300782e+00 1.557583596709406937e+00 1.621307572416358589e+00 1.228275648343775561e+00 8.265040125996530040e-01 5.869648611621439693e-01 6.188949940284443896e-01
8.839889395706532582e+01 2.322610938222554466e+02 1.281232815863816654e+02 2.404020985502744736e+02 1.662657363761179283e+02 1.312700264003920836e+02 1.384500231401510746e+02 1.001705294776166113e+02 9.233997372777113810e+01 7.251294613896320129e+01 5.774509072640690732e+01 3.754201348045427977e+01 3.109383153584424875e+01 2.021969299899237171e+01 1.078718424195750103e+01 8.794406452444032851e+00 4.900505480352580712e+00 3.823063625487489681e+00 1.697335078634938155e+00 1.710813977051953927e+00 1.244659404747997078e+00 8.352966955659222315e-01 5.984529950427355249e-01 6.158726657143790417e-01
8.232934838463590665e+01 2.385625087794072954e+02 1.245206391185693491e+02 2.507709441132502661e+02 1.627766324227483210e+02 1.294174162265468340e+02 1.406761519991005400e+02 1.017397102440706647e+02 9.198724430932254847e+01 7.134725180114564580e+01 5.710722745799291999e+01 3.738970703503609627e+01 3.116628268775257382e+01 1.966717277063407465e+01 1.090010235867228694e+01 8.904629122508568528e+00 4.801497716182012709e+00 3.798994857654706347e+00 1.687174641670367237e+00 1.636063368912669125e+00 1.230388337885102157e+00 8.451013610989610569e-01 5.848300844157133804e-01 6.041940047034451977e-01
9.129854299847033872e+01 2.337527946526257949e+02 1.375773712695235531e+02 2.426463465710742469e+02 1.682523312925450512e+02 1.303628629061403785e+02 1.431764112341638224e+02 1.009027565233199937e+02 9.329337367499576317e+01 7.198743829436892838e+01 5.733402775331923351e+01 3.715442898846764308e+01 3.093406780929385391e+01 1.941105723403229533e+01 1.079834230676950568e+01 8.973223631425078395e+00 4.813957083281804827e+00 3.734449947387473934e+00 1.649848435817141690e+00 1.673727438813881419e+00 1.240403860769408562e+00 8.564910307305395598e-01 5.697858051124207179e-01 5.996149393892016288e-01
8.699105823829027884e+01 2.376458535162122132e+02 1.216888842341408861e+02 2.388643106046862385e+02 1.674175328746345883e+02 1.320957941840115097e+02 1.394542826895103076e+02 1.021738567616151840e+02 9.231694406632350081e+01 7.240046872084099050e+01 5.731534465491329655e+01 3.727954131300256080e+01 3.110660624533104723e+01 1.986586800024264576e+01 1.085233595147287922e+01 8.897207463995895793e+00 4.872710322196890154e+00 3.874484046844977492e+00 1.704070546778034823e+00 1.672843064209783792e+00 1.211192585212346184e+00 8.662880010573341671e-01 5.986966860781697264e-01 6.146271290688757327e-01
8.438861094534202323e+01 2.273144774593159525e+02 1.215583419553702953e+02 2.414679327371216573e+02 1.684758135807181816e+02 1.259832764889456200e+02 1.401990919038464654e+02 1.006252448086890894e+02 9.365644357774588968e+01 7.300028853667220119e+01 5.791228121244083837e+01 3.742753206570527880e+01 3.067604472830545959e+01 1.987328542323319169e+01 1.082708338098663603e+01 9.071022377716223772e+00 5.014473837285446045e+00 3.881961975778838614e+00 1.638916082930105489e+00 1.658936447978915263e+00 1.223690677989979658e+00 8.487315247580371480e-01 5.886054605869147638e-01 6.069935715843060020e-01
7.737477413131799153e+01 2.356884657517530286e+02 1.322805577484756157e+02 2.377248326935842329e+02 1.680508501726427255e+02 1.344142068222243154e+02 1.396459178132864167e+02 1.013618372921241217e+02 9.284852820604456269e+01 7.134946601520398701e+01 5.777394748056147478e+01 3.760694013325807816e+01 3.061830793064698142e+01 1.997336972742980876e+01 1.076725940371290235e+01 8.937253383107016447e+00 4.884526118034766107e+00 3.751580522581766441e+00 1.718995075338797474e+00 1.665831711579395691e+00 1.225250591923837007e+00 8.555132065844462952e-01 5.795160740793451337e-01 6.107394289957915889e-01
6.730654542997007184e+01 2.325140848916380207e+02 9.883713473415323847e+01 2.455245947636424830e+02 1.651517213394222949e+02 1.281917462179599738e+02 1.431749528661147508e+02 1.027035766128601182e+02 9.533874626037633959e+01 7.204671016725096422e+01 5.735895190298000301e+01 3.716775711311191088e+01 3.035231129367957692e+01 1.994444926802135853e+01 1.068879137653815192e+01 8.994960376273565927e+00 4.878358140467415893e+00 3.862663648022719887e+00 1.735321424977013249e+00 1.652928501605281486e+00 1.225217331244291108e+00 8.242487580068652564e-01 5.628556265355162402e-01 5.989989458355542418e-01
7.777356420255998160e+01 2.330335044698535114e+02 1.182792755702580223e+02 2.272346091572204330e+02 1.604461566760919595e+02 1.285200770115273485e+02 1.427369876996880294e+02 1.020054631802159975e+02 9.441335582438233587e+01 7.111333244100102036e+01 5.696090024295492782e+01 3.716404568242050743e+01 3.059896953701812095e+01 2.007144150654810133e+01 1.061793765910510068e+01 8.950903117748911342e+00 4.867917331189891783e+00 3.814507574610985330e+00 1.727214132967866078e+00 1.724194105853780634e+00 1.190051954742004092e+00 8.251562097067087764e-01 5.793177124438647629e-01 6.314209826161540917e-01
7.626833328786965183e+01 2.332912818134761039e+02 1.173065537401769944e+02 2.429918906278843451e+02 1.696373695354581628e+02 1.336820261520155952e+02 1.387249794053533378e+02 1.036795317570738746e+02 9.330660008584368370e+01 7.175228208592120893e+01 5.804579162341546095e+01 3.728719997331805303e+01 3.112143798066496103e+01 1.994096749448523909e+01 1.070383800111245698e+01 8.982761664656308653e+00 4.982991925501252695e+00 3.768227184413416975e+00 1.738178522600401177e+00 1.703147800465998118e+00 1.204183504834037466e+00 8.275554793506294526e-01 5.639991598140836615e-01 6.057349100528962582e-01
5.988724170393687984e+01 2.462915942590860823e+02 1.238943838821789143e+02 2.435248445470809031e+02 1.684506008116915723e+02 1.278748371416565988e+02 1.434112313103970280e+02 1.018364995261096198e+02 9.509175641478231000e+01 7.300556825158015783e+01 5.776988824618919693e+01 3.766794114003134553e+01 3.077950409481172400e+01 1.969571824397356252e+01 1.103490507709632418e+01 8.906060966072683271e+00 4.931608111004817552e+00 3.839793868299971713e+00 1.652137283337752338e+00 1.579964001306042309e+00 1.199267221417407825e+00 8.435700897660775022e-01 5.518520402467433916e-01 6.064934731218627473e-01
8.459935745384657935e+01 2.288243151419702599e+02 1.364966842848631359e+02 2.427479812074060987e+02 1.669591295348343749e+02 1.327538129793938424e+02 1.431996322594485207e+02 1.036651550457858519e+02 9.314858428446977712e+01 7.239697897706554386e+01 5.858957562324996360e+01 3.753007564652897088e+01 3.111691167062193131e+01 1.989356964534058747e+01 1.100323795342449706e+01 8.947728277245788675e+00 4.918858621826099231e+00 3.777676654931916289e+00 1.650143633176660352e+00 1.701890058150571594e+00 1.205781262659384900e+00 8.297820103586851515e-01 5.824300805493677347e-01 6.206216187170123799e-01
7.690034591851132006e+01 2.323135040143712331e+02 1.404012576603512628e+02 2.430735793646558136e+02 1.645088870452640037e+02 1.295313756891425783e+02 1.456602749943691322e+02 1.036816837568844534e+02 9.450475425384645689e+01 7.197419145073766344e+01 5.849958645797522649e+01 3.784970455184910065e+01 3.040787099684728290e+01 1.975201177718276213e+01 1.084726199566362226e+01 8.913972738903797932e+00 4.982624720909368143e+00 3.877532613792567862e+00 1.647268800848014303e+00 1.678084233331704755e+00 1.227179941853205447e+00 8.699973766844496526e-01 5.865756528259000735e-01 6.021123469705172981e-01
8.495418541570911941e+01 2.405408927681666000e+02 1.249977667970615443e+02 2.519635133853500122e+02 1.667282233280842547e+02 1.272400946210621413e+02 1.422433593793692523e+02 1.019312625778246399e+02 9.358646926227791596e+01 7.327647929251692460e+01 5.725567729251489624e+01 3.692424902750862259e+01 3.061531490576409809e+01 1.976389845626846409e+01 1.093842502997223676e+01 8.924586470640052838e+00 4.949724518982699273e+00 3.932581205607277752e+00 1.627904346817256931e+00 1.671597175947333813e+00 1.236031598631014417e+00 8.464636613059627335e-01 5.733367729041926042e-01 6.030059905857705349e-01
8.353223379895803191e+01 2.384299668555279084e+02 1.197205025133250729e+02 2.435837485536158624e+02 1.619721235743470800e+02 1.311672451863586844e+02 1.436917675146453917e+02 1.014920761332930681e+02 9.397267467639314020e+01 7.066664668365284285e+01 5.810854844987438383e+01 3.725679512505208635e+01 3.092835839317901758e+01 1.993267876620407364e+01 1.095732719332822747e+01 9.014802302355382935e+00 4.865568740158827232e+00 3.842689009466075500e+00 1.661495721306559981e+00 1.652419844327778220e+00 1.194259103554454526e+00 8.417159749775340316e-01 5.741336926290192544e-01 6.286026255881703717e-01
9.596686339220632078e+01 2.050523039590402448e+02 1.188683787977278712e+02 2.385954344071779474e+02 1.577556205621860386e+02 1.313890668460676636e+02 1.391698806513708178e+02 1.028189746888547234e+02 9.068095654351613177e+01 7.176883840899292011e+01 5.891846080443663425e+01 3.735807690713674134e+01 3.096549375406945614e+01 1.948722983770431583e+01 1.118266780194099219e+01 8.667098927963394317e+00 4.712706580386193167e+00 3.792144783667779517e+00 1.568145613475826261e+00 1.577820689385681208e+00 1.197059748717813843e+00 8.266300898944967113e-01 5.967879333124876950e-01 6.008995532869636502e-01
7.627368179265704384e+01 2.293639838780728724e+02 1.380343108902033293e+02 2.376670447830231865e+02 1.704290390001498565e+02 1.234508519719572348e+02 1.406765681600598725e+02 1.049031355713890292e+02 9.543570080680760270e+01 7.363609475296573237e+01 5.709531830105721184e+01 3.769972166885769127e+01 3.013589000218057734e+01 2.003891562899009671e+01 1.100520789309548064e+01 8.892995589216495134e+00 4.981777830960782971e+00 3.795421260921649775e+00 1.676837413786827380e+00 1.704802099018377870e+00 1.213488290089933086e+00 8.910951369113615517e-01 6.242006724608504253e-01 6.124747961419372277e-01
8.873069428316588869e+01 2.317852355502380988e+02 1.279199792784619802e+02 2.504915191488929622e+02 1.648775958693344990e+02 1.295712855186265529e+02 1.435020696674487795e+02 1.014449027478784870e+02 9.345763171454052554e+01 7.141073414072781134e+01 5.834627546677640453e+01 3.818793816468794233e+01 3.080486371812640201e+01 1.949616976378181832e+01 1.067061089894023773e+01 8.982655346210487224e+00 5.032236674890707029e+00 3.834592939039038306e+00 1.620974810613788675e+00 1.667494985548946484e+00 1.267026167150493654e+00 8.536932296585657554e-01 6.046553077134747545e-01 6.238181290759247100e-01
1.032401479645591849e+02 2.278098356828612339e+02 1.206251950688444907e+02 2.441672058997978638e+02 1.634450148390781408e+02 1.307404176375994496e+02 1.418844469486135722e+02 1.018504088496798801e+02 9.327083362759840668e+01 7.229072947706730190e+01 5.727949164261700332e+01 3.737802696607181474e+01 3.050603291267052697e+01 2.006619316396411179e+01 1.081774732166472219e+01 8.740954776794106706e+00 4.985154305347808901e+00 3.832085238580055009e+00 1.684146832237738423e+00 1.664989492262708870e+00 1.252991469582989126e+00 8.570834948591884439e-01 5.888044848206422932e-01 5.919170884817381850e-01
5.887899934768671528e+01 2.349744977660592156e+02 1.349853589473301554e+02 2.343313187685276091e+02 1.624615466145738765e+02 1.326348222551537503e+02 1.427036461121235220e+02 9.959868233741592292e+01 9.328473373766409793e+01 7.229561523080357688e+01 5.757126144006468138e+01 3.699763132898124951e+01 2.980440446672281496e+01 2.021597636312171531e+01 1.080760335777796044e+01 9.015306545798303262e+00 4.885203101837698902e+00 3.798356360883483607e+00 1.689445395080235945e+00 1.669894061640205152e+00 1.234964113040461831e+00 8.592556464557655760e-01 6.129092508300474362e-01 6.359651028271208206e-01
1.076417353481120927e+02 2.288860860746061121e+02 1.231112761309206434e+02 2.461085901337508517e+02 1.652914446484223845e+02 1.235294468752448012e+02 1.399923390549770659e+02 1.028439835831374154e+02 9.063518344061007781e+01 7.252431025177264701e+01 5.807912598616178457e+01 3.705769216924190346e+01 3.057528367015993354e+01 1.995467146368327249e+01 1.080726037710833154e+01 8.902112932415080948e+00 4.875051618117264951e+00 3.853462041537082161e+00 1.647573853769682017e+00 1.638019349648070611e+00 1.205721581973999701e+00 8.079297622959132896e-01 5.762890060978104190e-01 6.153160569488324017e-01
6.848498514715655006e+01 2.417841140774704058e+02 1.267188294100521517e+02 2.459807038342706846e+02 1.653767066156740384e+02 1.331484795604244766e+02 1.412429143910008236e+02 1.025357122820615530e+02 9.426860206456073854e+01 7.230952452866536362e+01 5.816302699921140373e+01 3.734030729993759223e+01 3.079971972254150714e+01 1.949585270806492687e+01 1.141747308285164841e+01 8.922895533468770068e+00 5.094475212978883505e+00 3.792861604190172375e+00 1.640622469836402475e+00 1.693015510006794955e+00 1.226281104829405111e+00 8.531912822996713386e-01 5.691216625209590818e-01 6.071881080457803836e-01
5.058326928875529660e+01 2.356111531099382717e+02 1.294409907000992916e+02 2.485875360882411655e+02 1.717393992977114863e+02 1.329941846765349567e+02 1.396799190734552951e+02 1.012269884459623199e+02 9.449513274306750077e+01 7.189132679268327308e+01 5.790764984909334601e+01 3.770002281044519066e+01 3.094622442542118534e+01 1.971320762912857205e+01 1.094764546714245590e+01 8.986573989123156636e+00 4.930300004223436616e+00 3.843665897254990860e+00 1.663996299519165722e+00 1.669538141469111059e+00 1.211726727809943283e+00 8.387547896285525439e-01 5.830293663683314698e-01 6.291983269156641301e-01
8.634191597570631416e+01 2.469545476574937197e+02 1.295721731324346990e+02 2.488839861508721469e+02 1.649637036639220753e+02 1.259654897713797794e+02 1.442361520092239289e+02 1.015204858798190770e+02 9.423981963772557435e+01 7.067081900448984300e+01 5.793182224928845869e+01 3.705292672743113513e+01 3.043528990542733226e+01 1.971644245322137934e+01 1.092784875433314085e+01 8.910242768706595484e+00 4.877038304831096127e+00 3.864260640916988621e+00 1.691001583909773176e+00 1.648773275325184473e+00 1.228657628421511827e+00 8.686317926795252831e-01 5.766326415879733380e-01 6.109628154147918044e-01
8.422928428864857153e+01 2.345936819185009483e+02 1.262985012936396885e+02 2.414250844739562751e+02 1.647862415120673631e+02 1.300648787346153767e+02 1.409835528284258430e+02 1.014007787471637840e+02 9.280876278880546693e+01 7.158253371097555373e+01 5.730265845431051019e+01 3.718296857786731380e+01 3.058005434910019105e+01 1.963848383315041346e+01 1.077943194966912266e+01 8.900633618697870730e+00 4.890163971978614299e+00 3.818488625655858559e+00 1.651141938970016598e+00 1.661486713572234430e+00 1.229090040859513344e+00 8.522880846126585919e-01 5.811577814124742059e-01 6.091299955643951769e-01
9.350282599105565851e+01 2.336589264704614664e+02 1.210230750121733081e+02 2.421641025032028836e+02 1.672939435470337344e+02 1.289653344441980494e+02 1.376016074608910458e+02 1.010875809443390239e+02 9.321867504347731881e+01 7.235464648799541010e+01 5.730843573876020258e+01 3.727131687892110534e+01 3.095545921130994316e+01 1.967664714358407352e+01 1.077393903122274388e+01 8.989942816010241700e+00 4.981114461939164961e+00 3.851802899567868366e+00 1.714266672213764720e+00 1.638014987307620629e+00 1.255018799816690178e+00 8.622560257146424378e-01 5.897465697397852313e-01 6.290813338767312635e-01
9.099948388682288680e+01 2.361144628918763146e+02 1.274963649947732733e+02 2.434921529533368982e+02 1.671197972056126844e+02 1.332287778396395197e+02 1.433311569941619155e+02 9.916464135832686111e+01 9.182356132906218704e+01 7.322852531828397105e+01 5.717325153225582568e+01 3.765731622763990316e+01 3.068830990368729772e+01 1.992122026102711274e+01 1.097679124071692947e+01 8.951649122405340719e+00 4.902865809779130224e+00 3.751406820196554026e+00 1.705592905912854285e+00 1.694117431083379754e+00 1.219780674717808377e+00 8.629711983525183427e-01 5.733549609089663157e-01 6.035714930491399288e-01
1.030627992013644558e+02 2.378549059121968696e+02 1.188400982561327055e+02 2.507961058555580962e+02 1.633339949697326858e+02 1.315392488445628487e+02 1.397249282942619857e+02 1.020370575146703800e+02 9.297607296281053380e+01 7.028720464869674345e+01 5.760126571723667155e+01 3.790350286951778713e+01 3.052467431377698404e+01 1.955464437063218597e+01 1.090183351569369563e+01 8.850816013044084940e+00 4.978595566279439666e+00 3.830853178177275886e+00 1.644635314962094697e+00 1.674189479750154863e+00 1.218191164497727463e+00 8.841110005020115237e-01 5.738416982441503222e-01 5.962903988325594096e-01
9.467200428954583913e+01 2.297349874216924945e+02 1.322616939921589108e+02 2.335442081737332103e+02 1.612561812650481272e+02 1.280921092108098946e+02 1.434235032061274069e+02 1.016028830553948410e+02 9.440095646801000839e+01 7.096163962926863178e+01 5.824571758174268865e+01 3.729729426720687968e+01 3.068349482047126031e+01 1.985393694773348017e+01 1.084040673263737631e+01 8.971168976468549161e+00 4.921813262451570914e+00 3.855409777450183206e+00 1.704178223833529904e+00 1.668386299573622278e+00 1.219106016166088047e+00 8.411590777306952038e-01 5.850455794156622646e-01 6.138667801041806094e-01
9.326274259325899152e+01 2.355225071631082301e+02 1.381177376030375967e+02 2.431952049164274570e+02 1.686553236783684326e+02 1.319476531413681926e+02 1.428191011791261644e+02 1.016356600099661023e+02 9.424549839121860373e+01 7.213643801774500730e+01 5.726017570556891911e+01 3.729798823122695950e+01 3.062036713130564181e+01 1.987539399477901725e+01 1.086751383421780304e+01 8.881132741708949396e+00 5.020591926046043874e+00 3.754353444324037614e+00 1.678969885283656316e+00 1.703246195366591831e+00 1.201467397356532185e+00 8.683329132326804700e-01 5.812510984125489610e-01 6.116342705263014823e-01
8.135416259663922744e+01 2.322245924899042109e+02 1.280786679432936239e+02 2.392657234807857094e+02 1.639548394179602724e+02 1.272007060243614376e+02 1.423404268812222426e+02 1.011975446999616963e+02 9.402987498851526027e+01 7.268576116668090492e+01 5.777143442099432491e+01 3.707511277374326397e+01 3.084405802888545622e+01 1.979472501050634392e+01 1.080927984514286067e+01 8.884681415324232390e+00 5.044042027586165489e+00 3.888903805818048731e+00 1.682781256221244082e+00 1.647503517960347441e+00 1.204819041792781986e+00 8.199048645826675363e-01 5.804619542410266453e-01 6.117668887508409536e-01
8.759406929938366204e+01 2.304784661216147583e+02 1.368126696990080688e+02 2.352894760551792217e+02 1.720775464480033747e+02 1.302648211704490677e+02 1.494840314861808679e+02 1.001688747404659665e+02 9.365541015850030249e+01 7.233761831562119937e+01 5.787068804722903792e+01 3.708420349951512662e+01 3.078425572536450261e+01 1.992842281924378867e+01 1.063031068780747290e+01 8.871407766219185476e+00 4.916001136845084218e+00 3.716256218152159896e+00 1.672397525851594402e+00 1.661486470920882530e+00 1.253684858889442699e+00 8.565786452945388652e-01 5.758096130857633943e-01 5.923634134326623002e-01
9.300165649622294950e+01 2.370227285261930774e+02 1.214720155877494676e+02 2.360317570315467606e+02 1.687248866000840053e+02 1.315520269537074114e+02 1.403485985323335967e+02 1.035719489946093006e+02 9.216929216759064047e+01 7.196852103105715059e+01 5.797868281308232241e+01 3.765170154143263659e+01 3.079377436092284981e+01 1.997670707104794019e+01 1.093007797967876193e+01 9.056498217144186569e+00 5.091249653809756026e+00 3.855935232221946674e+00 1.684593317390010725e+00 1.709979311187573847e+00 1.204696263608227680e+00 8.451792268516641338e-01 5.526566744987684299e-01 5.972850082714973308e-01
9.096922197947273503e+01 2.293945051168817599e+02 1.134073666833205607e+02 2.403534869046732467e+02 1.676733433923583618e+02 1.294953209562735026e+02 1.417279444873926479e+02 1.007003502663182815e+02 9.490406771120960627e+01 7.205132977200543110e+01 5.656657563787636889e+01 3.754374784004478727e+01 3.044336331396748108e+01 1.971726378067819496e+01 1.099841257258357707e+01 8.948988487277039994e+00 4.837797865066476355e+00 3.878943493493348882e+00 1.635836649887683958e+00 1.685638970546837978e+00 1.221265546593091944e+00 8.328233490917296145e-01 5.655430541520187759e-01 6.073277745230805102e-01
9.371373954988921184e+01 2.272991708789599556e+02 1.282077597117772711e+02 2.411758079818297631e+02 1.653084734174418315e+02 1.330345608398571073e+02 1.398492367881475502e+02 1.018844338188654461e+02 9.310250266275068043e+01 7.098397855872775608e+01 5.740328595825511115e+01 3.747157562908403605e+01 3.077723016038905968e+01 1.972165710198293098e+01 1.089068770751781834e+01 8.916599264760426635e+00 4.946744740104635163e+00 3.764362892409224504e+00 1.650491221975890710e+00 1.689213887477609477e+00 1.211136017772897810e+00 8.415985023723321357e-01 5.788243191588029468e-01 6.194576601915554592e-01
1.007447190715583218e+02 2.331554226432884036e+02 1.276106392783054417e+02 2.426697035593290366e+02 1.715422277997872698e+02 1.309302912083360866e+02 1.428757506169551732e+02 1.066936374579726561e+02 9.405720987487160301e+01 7.315768619247590721e+01 5.776903386996931289e+01 3.759167326507734685e+01 3.066987420701586586e+01 1.976391453226078809e+01 1.113149617719237305e+01 8.841419825031477941e+00 4.934923188155148743e+00 3.879633148318607727e+00 1.635748898733121015e+00 1.654713336529563650e+00 1.207097796081058272e+00 8.599805085308720454e-01 5.727902968451552557e-01 5.886206825848425694e-01
6.506309217274311152e+01 2.536632146816598663e+02 1.455940586958315350e+02 2.356024444688668211e+02 1.630250063067213091e+02 1.302737258631081545e+02 1.392608477590957534e+02 1.035704125914021176e+02 9.563650742800224691e+01 7.079795552502135081e+01 5.645051414931773337e+01 3.734644562148605473e+01 3.077982485745614838e+01 1.956127288203805037e+01 1.080430882807273996e+01 8.893007021833987835e+00 4.838774293986464414e+00 3.936476382421194575e+00 1.604791249330902669e+00 1.602095588121692726e+00 1.216935393042342328e+00 8.350937574393948459e-01 5.282181131264748197e-01 6.079564262761852911e-01
7.659146585278237751e+01 2.376540375431659413e+02 1.352786968368188241e+02 2.447137190868373864e+02 1.735792474217935535e+02 1.348966397298470667e+02 1.440358288001958442e+02 1.017555003966519394e+02 9.239609652195396450e+01 7.230121608387696597e+01 5.800512254759634345e+01 3.727396547448571340e+01 3.073656708098142687e+01 1.997200154560160001e+01 1.095062150074265084e+01 8.937747426613796620e+00 4.823659432350728693e+00 3.889201149300553162e+00 1.652118484009906130e+00 1.685362905360031638e+00 1.229019758384011229e+00 8.376828444145325570e-01 5.843482120830033599e-01 6.133294040208079334e-01
8.591886596953963817e+01 2.399408741223395793e+02 1.285685651642776008e+02 2.425079490938574907e+02 1.644299972898126896e+02 1.277718287453074311e+02 1.396209231848648642e+02 9.994717058781829166e+01 9.382035306239139061e+01 7.077517213569191767e+01 5.739669012331125941e+01 3.727271670399809267e+01 3.080010576787984178e+01 1.962469733890362633e+01 1.079537160055229705e+01 8.905305731837051653e+00 4.817562894261075535e+00 3.781732003025915390e+00 1.730911800861938632e+00 1.652084039043671293e+00 1.228164207480700654e+00 8.588405137206436279e-01 5.733300110755192858e-01 6.105296015987693448e-01
8.905513856641830728e+01 2.362898397585676662e+02 1.325889373450308995e+02 2.438569220831684845e+02 1.669980140030645259e+02 1.333977010016847089e+02 1.409807344780626295e+02 1.015964475762649641e+02 9.307664543156064951e+01 7.214023553623793816e+01 5.745351478492852237e+01 3.730191798784007062e+01 3.064415402011078982e+01 1.978765689804059491e+01 1.099110456178773632e+01 8.926487518579410363e+00 4.904948796939008204e+00 3.860018610659992966e+00 1.685633918382744678e+00 1.671367361301759447e+00 1.219753451340469308e+00 8.424060199488148104e-01 5.777769274560909940e-01 6.104068843123998667e-01
