1.081435925861983005e+00 1.081435925861983005e+00 1.081435925861983005e+00 1.081435925861983005e+00 1.081435925861983005e+00 1.081435925861983005e+00 1.081435925861983005e+00 1.081435925861983005e+00 1.081435925861983005e+00 1.081435925861983005e+00 1.081435925861983005e+00 1.081435925861983005e+00 1.081435925861983005e+00 1.081435925861983005e+00 1.081435925861983005e+00 1.081435925861983005e+00 1.081435925861983005e+00 1.081435925861983005e+00 1.081435925861983005e+00 1.081435925861983005e+00 1.081435925861983005e+00 1.081435925861983005e+00 1.081435925861983005e+00 1.081435925861983005e+00
1.081477221021071244e+00 1.081477221021071244e+00 1.081477221021071244e+00 1.081477221021071244e+00 1.081477221021071244e+00 1.081477221021071244e+00 1.081477221021071244e+00 1.081477221021071244e+00 1.081477221021071244e+00 1.081477221021071244e+00 1.081477221021071244e+00 1.081477221021071244e+00 1.081477221021071244e+00 1.081477221021071244e+00 1.081477221021071244e+00 1.081477221021071244e+00 1.081477221021071244e+00 1.081477221021071244e+00 1.081477221021071244e+00 1.081477221021071244e+00 1.081477221021071244e+00 1.081477221021071244e+00 1.081477221021071244e+00 1.081477221021071244e+00
1.081456560214536955e+00 1.081456560214536955e+00 1.081456560214536955e+00 1.081456560214536955e+00 1.081456560214536955e+00 1.081456560214536955e+00 1.081456560214536955e+00 1.081456560214536955e+00 1.081456560214536955e+00 1.081456560214536955e+00 1.081456560214536955e+00 1.081456560214536955e+00 1.081456560214536955e+00 1.081456560214536955e+00 1.081456560214536955e+00 1.081456560214536955e+00 1.081456560214536955e+00 1.081456560214536955e+00 1.081456560214536955e+00 1.081456560214536955e+00 1.081456560214536955e+00 1.081456560214536955e+00 1.081456560214536955e+00 1.081456560214536955e+00
1.081402619316894187e+00 1.081402619316894187e+00 1.081402619316894187e+00 1.081402619316894187e+00 1.081402619316894187e+00 1.081402619316894187e+00 1.081402619316894187e+00 1.081402619316894187e+00 1.081402619316894187e+00 1.081402619316894187e+00 1.081402619316894187e+00 1.081402619316894187e+00 1.081402619316894187e+00 1.081402619316894187e+00 1.081402619316894187e+00 1.081402619316894187e+00 1.081402619316894187e+00 1.081402619316894187e+00 1.081402619316894187e+00 1.081402619316894187e+00 1.081402619316894187e+00 1.081402619316894187e+00 1.081402619316894187e+00 1.081402619316894187e+00
1.081541239944905586e+00 1.081541239944905586e+00 1.081541239944905586e+00 1.081541239944905586e+00 1.081541239944905586e+00 1.081541239944905586e+00 1.081541239944905586e+00 1.081541239944905586e+00 1.081541239944905586e+00 1.081541239944905586e+00 1.081541239944905586e+00 1.081541239944905586e+00 1.081541239944905586e+00 1.081541239944905586e+00 1.081541239944905586e+00 1.081541239944905586e+00 1.081541239944905586e+00 1.081541239944905586e+00 1.081541239944905586e+00 1.081541239944905586e+00 1.081541239944905586e+00 1.081541239944905586e+00 1.081541239944905586e+00 1.081541239944905586e+00
1.081437262762839469e+00 1.081437262762839469e+00 1.081437262762839469e+00 1.081437262762839469e+00 1.081437262762839469e+00 1.081437262762839469e+00 1.081437262762839469e+00 1.081437262762839469e+00 1.081437262762839469e+00 1.081437262762839469e+00 1.081437262762839469e+00 1.081437262762839469e+00 1.081437262762839469e+00 1.081437262762839469e+00 1.081437262762839469e+00 1.081437262762839469e+00 1.081437262762839469e+00 1.081437262762839469e+00 1.081437262762839469e+00 1.081437262762839469e+00 1.081437262762839469e+00 1.081437262762839469e+00 1.081437262762839469e+00 1.081437262762839469e+00
1.081396722778157349e+00 1.081396722778157349e+00 1.081396722778157349e+00 1.081396722778157349e+00 1.081396722778157349e+00 1.081396722778157349e+00 1.081396722778157349e+00 1.081396722778157349e+00 1.081396722778157349e+00 1.081396722778157349e+00 1.081396722778157349e+00 1.081396722778157349e+00 1.081396722778157349e+00 1.081396722778157349e+00 1.081396722778157349e+00 1.081396722778157349e+00 1.081396722778157349e+00 1.081396722778157349e+00 1.081396722778157349e+00 1.081396722778157349e+00 1.081396722778157349e+00 1.081396722778157349e+00 1.081396722778157349e+00 1.081396722778157349e+00
1.081529467536749722e+00 1.081529467536749722e+00 1.081529467536749722e+00 1.081529467536749722e+00 1.081529467536749722e+00 1.081529467536749722e+00 1.081529467536749722e+00 1.081529467536749722e+00 1.081529467536749722e+00 1.081529467536749722e+00 1.081529467536749722e+00 1.081529467536749722e+00 1.081529467536749722e+00 1.081529467536749722e+00 1.081529467536749722e+00 1.081529467536749722e+00 1.081529467536749722e+00 1.081529467536749722e+00 1.081529467536749722e+00 1.081529467536749722e+00 1.081529467536749722e+00 1.081529467536749722e+00 1.081529467536749722e+00 1.081529467536749722e+00
1.081513184686503370e+00 1.081513184686503370e+00 1.081513184686503370e+00 1.081513184686503370e+00 1.081513184686503370e+00 1.081513184686503370e+00 1.081513184686503370e+00 1.081513184686503370e+00 1.081513184686503370e+00 1.081513184686503370e+00 1.081513184686503370e+00 1.081513184686503370e+00 1.081513184686503370e+00 1.081513184686503370e+00 1.081513184686503370e+00 1.081513184686503370e+00 1.081513184686503370e+00 1.081513184686503370e+00 1.081513184686503370e+00 1.081513184686503370e+00 1.081513184686503370e+00 1.081513184686503370e+00 1.081513184686503370e+00 1.081513184686503370e+00
1.081356876395137778e+00 1.081356876395137778e+00 1.081356876395137778e+00 1.081356876395137778e+00 1.081356876395137778e+00 1.081356876395137778e+00 1.081356876395137778e+00 1.081356876395137778e+00 1.081356876395137778e+00 1.081356876395137778e+00 1.081356876395137778e+00 1.081356876395137778e+00 1.081356876395137778e+00 1.081356876395137778e+00 1.081356876395137778e+00 1.081356876395137778e+00 1.081356876395137778e+00 1.081356876395137778e+00 1.081356876395137778e+00 1.081356876395137778e+00 1.081356876395137778e+00 1.081356876395137778e+00 1.081356876395137778e+00 1.081356876395137778e+00
1.081376868283832948e+00 1.081376868283832948e+00 1.081376868283832948e+00 1.081376868283832948e+00 1.081376868283832948e+00 1.081376868283832948e+00 1.081376868283832948e+00 1.081376868283832948e+00 1.081376868283832948e+00 1.081376868283832948e+00 1.081376868283832948e+00 1.081376868283832948e+00 1.081376868283832948e+00 1.081376868283832948e+00 1.081376868283832948e+00 1.081376868283832948e+00 1.081376868283832948e+00 1.081376868283832948e+00 1.081376868283832948e+00 1.081376868283832948e+00 1.081376868283832948e+00 1.081376868283832948e+00 1.081376868283832948e+00 1.081376868283832948e+00
1.081478047902966200e+00 1.081478047902966200e+00 1.081478047902966200e+00 1.081478047902966200e+00 1.081478047902966200e+00 1.081478047902966200e+00 1.081478047902966200e+00 1.081478047902966200e+00 1.081478047902966200e+00 1.081478047902966200e+00 1.081478047902966200e+00 1.081478047902966200e+00 1.081478047902966200e+00 1.081478047902966200e+00 1.081478047902966200e+00 1.081478047902966200e+00 1.081478047902966200e+00 1.081478047902966200e+00 1.081478047902966200e+00 1.081478047902966200e+00 1.081478047902966200e+00 1.081478047902966200e+00 1.081478047902966200e+00 1.081478047902966200e+00
1.081468358591440415e+00 1.081468358591440415e+00 1.081468358591440415e+00 1.081468358591440415e+00 1.081468358591440415e+00 1.081468358591440415e+00 1.081468358591440415e+00 1.081468358591440415e+00 1.081468358591440415e+00 1.081468358591440415e+00 1.081468358591440415e+00 1.081468358591440415e+00 1.081468358591440415e+00 1.081468358591440415e+00 1.081468358591440415e+00 1.081468358591440415e+00 1.081468358591440415e+00 1.081468358591440415e+00 1.081468358591440415e+00 1.081468358591440415e+00 1.081468358591440415e+00 1.081468358591440415e+00 1.081468358591440415e+00 1.081468358591440415e+00
1.081467532721086755e+00 1.081467532721086755e+00 1.081467532721086755e+00 1.081467532721086755e+00 1.081467532721086755e+00 1.081467532721086755e+00 1.081467532721086755e+00 1.081467532721086755e+00 1.081467532721086755e+00 1.081467532721086755e+00 1.081467532721086755e+00 1.081467532721086755e+00 1.081467532721086755e+00 1.081467532721086755e+00 1.081467532721086755e+00 1.081467532721086755e+00 1.081467532721086755e+00 1.081467532721086755e+00 1.081467532721086755e+00 1.081467532721086755e+00 1.081467532721086755e+00 1.081467532721086755e+00 1.081467532721086755e+00 1.081467532721086755e+00
1.081538116529414673e+00 1.081538116529414673e+00 1.081538116529414673e+00 1.081538116529414673e+00 1.081538116529414673e+00 1.081538116529414673e+00 1.081538116529414673e+00 1.081538116529414673e+00 1.081538116529414673e+00 1.081538116529414673e+00 1.081538116529414673e+00 1.081538116529414673e+00 1.081538116529414673e+00 1.081538116529414673e+00 1.081538116529414673e+00 1.081538116529414673e+00 1.081538116529414673e+00 1.081538116529414673e+00 1.081538116529414673e+00 1.081538116529414673e+00 1.081538116529414673e+00 1.081538116529414673e+00 1.081538116529414673e+00 1.081538116529414673e+00
1.081446025855947513e+00 1.081446025855947513e+00 1.081446025855947513e+00 1.081446025855947513e+00 1.081446025855947513e+00 1.081446025855947513e+00 1.081446025855947513e+00 1.081446025855947513e+00 1.081446025855947513e+00 1.081446025855947513e+00 1.081446025855947513e+00 1.081446025855947513e+00 1.081446025855947513e+00 1.081446025855947513e+00 1.081446025855947513e+00 1.081446025855947513e+00 1.081446025855947513e+00 1.081446025855947513e+00 1.081446025855947513e+00 1.081446025855947513e+00 1.081446025855947513e+00 1.081446025855947513e+00 1.081446025855947513e+00 1.081446025855947513e+00
1.081442718633367939e+00 1.081442718633367939e+00 1.081442718633367939e+00 1.081442718633367939e+00 1.081442718633367939e+00 1.081442718633367939e+00 1.081442718633367939e+00 1.081442718633367939e+00 1.081442718633367939e+00 1.081442718633367939e+00 1.081442718633367939e+00 1.081442718633367939e+00 1.081442718633367939e+00 1.081442718633367939e+00 1.081442718633367939e+00 1.081442718633367939e+00 1.081442718633367939e+00 1.081442718633367939e+00 1.081442718633367939e+00 1.081442718633367939e+00 1.081442718633367939e+00 1.081442718633367939e+00 1.081442718633367939e+00 1.081442718633367939e+00
1.081411499126609943e+00 1.081411499126609943e+00 1.081411499126609943e+00 1.081411499126609943e+00 1.081411499126609943e+00 1.081411499126609943e+00 1.081411499126609943e+00 1.081411499126609943e+00 1.081411499126609943e+00 1.081411499126609943e+00 1.081411499126609943e+00 1.081411499126609943e+00 1.081411499126609943e+00 1.081411499126609943e+00 1.081411499126609943e+00 1.081411499126609943e+00 1.081411499126609943e+00 1.081411499126609943e+00 1.081411499126609943e+00 1.081411499126609943e+00 1.081411499126609943e+00 1.081411499126609943e+00 1.081411499126609943e+00 1.081411499126609943e+00
1.081438848626294247e+00 1.081438848626294247e+00 1.081438848626294247e+00 1.081438848626294247e+00 1.081438848626294247e+00 1.081438848626294247e+00 1.081438848626294247e+00 1.081438848626294247e+00 1.081438848626294247e+00 1.081438848626294247e+00 1.081438848626294247e+00 1.081438848626294247e+00 1.081438848626294247e+00 1.081438848626294247e+00 1.081438848626294247e+00 1.081438848626294247e+00 1.081438848626294247e+00 1.081438848626294247e+00 1.081438848626294247e+00 1.081438848626294247e+00 1.081438848626294247e+00 1.081438848626294247e+00 1.081438848626294247e+00 1.081438848626294247e+00
1.081444063008405454e+00 1.081444063008405454e+00 1.081444063008405454e+00 1.081444063008405454e+00 1.081444063008405454e+00 1.081444063008405454e+00 1.081444063008405454e+00 1.081444063008405454e+00 1.081444063008405454e+00 1.081444063008405454e+00 1.081444063008405454e+00 1.081444063008405454e+00 1.081444063008405454e+00 1.081444063008405454e+00 1.081444063008405454e+00 1.081444063008405454e+00 1.081444063008405454e+00 1.081444063008405454e+00 1.081444063008405454e+00 1.081444063008405454e+00 1.081444063008405454e+00 1.081444063008405454e+00 1.081444063008405454e+00 1.081444063008405454e+00
1.081322567340702756e+00 1.081322567340702756e+00 1.081322567340702756e+00 1.081322567340702756e+00 1.081322567340702756e+00 1.081322567340702756e+00 1.081322567340702756e+00 1.081322567340702756e+00 1.081322567340702756e+00 1.081322567340702756e+00 1.081322567340702756e+00 1.081322567340702756e+00 1.081322567340702756e+00 1.081322567340702756e+00 1.081322567340702756e+00 1.081322567340702756e+00 1.081322567340702756e+00 1.081322567340702756e+00 1.081322567340702756e+00 1.081322567340702756e+00 1.081322567340702756e+00 1.081322567340702756e+00 1.081322567340702756e+00 1.081322567340702756e+00
1.081508584764376391e+00 1.081508584764376391e+00 1.081508584764376391e+00 1.081508584764376391e+00 1.081508584764376391e+00 1.081508584764376391e+00 1.081508584764376391e+00 1.081508584764376391e+00 1.081508584764376391e+00 1.081508584764376391e+00 1.081508584764376391e+00 1.081508584764376391e+00 1.081508584764376391e+00 1.081508584764376391e+00 1.081508584764376391e+00 1.081508584764376391e+00 1.081508584764376391e+00 1.081508584764376391e+00 1.081508584764376391e+00 1.081508584764376391e+00 1.081508584764376391e+00 1.081508584764376391e+00 1.081508584764376391e+00 1.081508584764376391e+00
1.081391343241191461e+00 1.081391343241191461e+00 1.081391343241191461e+00 1.081391343241191461e+00 1.081391343241191461e+00 1.081391343241191461e+00 1.081391343241191461e+00 1.081391343241191461e+00 1.081391343241191461e+00 1.081391343241191461e+00 1.081391343241191461e+00 1.081391343241191461e+00 1.081391343241191461e+00 1.081391343241191461e+00 1.081391343241191461e+00 1.081391343241191461e+00 1.081391343241191461e+00 1.081391343241191461e+00 1.081391343241191461e+00 1.081391343241191461e+00 1.081391343241191461e+00 1.081391343241191461e+00 1.081391343241191461e+00 1.081391343241191461e+00
1.081642369793872627e+00 1.081642369793872627e+00 1.081642369793872627e+00 1.081642369793872627e+00 1.081642369793872627e+00 1.081642369793872627e+00 1.081642369793872627e+00 1.081642369793872627e+00 1.081642369793872627e+00 1.081642369793872627e+00 1.081642369793872627e+00 1.081642369793872627e+00 1.081642369793872627e+00 1.081642369793872627e+00 1.081642369793872627e+00 1.081642369793872627e+00 1.081642369793872627e+00 1.081642369793872627e+00 1.081642369793872627e+00 1.081642369793872627e+00 1.081642369793872627e+00 1.081642369793872627e+00 1.081642369793872627e+00 1.081642369793872627e+00
1.081440205008569189e+00 1.081440205008569189e+00 1.081440205008569189e+00 1.081440205008569189e+00 1.081440205008569189e+00 1.081440205008569189e+00 1.081440205008569189e+00 1.081440205008569189e+00 1.081440205008569189e+00 1.081440205008569189e+00 1.081440205008569189e+00 1.081440205008569189e+00 1.081440205008569189e+00 1.081440205008569189e+00 1.081440205008569189e+00 1.081440205008569189e+00 1.081440205008569189e+00 1.081440205008569189e+00 1.081440205008569189e+00 1.081440205008569189e+00 1.081440205008569189e+00 1.081440205008569189e+00 1.081440205008569189e+00 1.081440205008569189e+00
1.081524589973456685e+00 1.081524589973456685e+00 1.081524589973456685e+00 1.081524589973456685e+00 1.081524589973456685e+00 1.081524589973456685e+00 1.081524589973456685e+00 1.081524589973456685e+00 1.081524589973456685e+00 1.081524589973456685e+00 1.081524589973456685e+00 1.081524589973456685e+00 1.081524589973456685e+00 1.081524589973456685e+00 1.081524589973456685e+00 1.081524589973456685e+00 1.081524589973456685e+00 1.081524589973456685e+00 1.081524589973456685e+00 1.081524589973456685e+00 1.081524589973456685e+00 1.081524589973456685e+00 1.081524589973456685e+00 1.081524589973456685e+00
1.081469769191885977e+00 1.081469769191885977e+00 1.081469769191885977e+00 1.081469769191885977e+00 1.081469769191885977e+00 1.081469769191885977e+00 1.081469769191885977e+00 1.081469769191885977e+00 1.081469769191885977e+00 1.081469769191885977e+00 1.081469769191885977e+00 1.081469769191885977e+00 1.081469769191885977e+00 1.081469769191885977e+00 1.081469769191885977e+00 1.081469769191885977e+00 1.081469769191885977e+00 1.081469769191885977e+00 1.081469769191885977e+00 1.081469769191885977e+00 1.081469769191885977e+00 1.081469769191885977e+00 1.081469769191885977e+00 1.081469769191885977e+00
1.081436912264412298e+00 1.081436912264412298e+00 1.081436912264412298e+00 1.081436912264412298e+00 1.081436912264412298e+00 1.081436912264412298e+00 1.081436912264412298e+00 1.081436912264412298e+00 1.081436912264412298e+00 1.081436912264412298e+00 1.081436912264412298e+00 1.081436912264412298e+00 1.081436912264412298e+00 1.081436912264412298e+00 1.081436912264412298e+00 1.081436912264412298e+00 1.081436912264412298e+00 1.081436912264412298e+00 1.081436912264412298e+00 1.081436912264412298e+00 1.081436912264412298e+00 1.081436912264412298e+00 1.081436912264412298e+00 1.081436912264412298e+00
1.081534121471523724e+00 1.081534121471523724e+00 1.081534121471523724e+00 1.081534121471523724e+00 1.081534121471523724e+00 1.081534121471523724e+00 1.081534121471523724e+00 1.081534121471523724e+00 1.081534121471523724e+00 1.081534121471523724e+00 1.081534121471523724e+00 1.081534121471523724e+00 1.081534121471523724e+00 1.081534121471523724e+00 1.081534121471523724e+00 1.081534121471523724e+00 1.081534121471523724e+00 1.081534121471523724e+00 1.081534121471523724e+00 1.081534121471523724e+00 1.081534121471523724e+00 1.081534121471523724e+00 1.081534121471523724e+00 1.081534121471523724e+00
1.081650683194225193e+00 1.081650683194225193e+00 1.081650683194225193e+00 1.081650683194225193e+00 1.081650683194225193e+00 1.081650683194225193e+00 1.081650683194225193e+00 1.081650683194225193e+00 1.081650683194225193e+00 1.081650683194225193e+00 1.081650683194225193e+00 1.081650683194225193e+00 1.081650683194225193e+00 1.081650683194225193e+00 1.081650683194225193e+00 1.081650683194225193e+00 1.081650683194225193e+00 1.081650683194225193e+00 1.081650683194225193e+00 1.081650683194225193e+00 1.081650683194225193e+00 1.081650683194225193e+00 1.081650683194225193e+00 1.081650683194225193e+00
1.081503826532303592e+00 1.081503826532303592e+00 1.081503826532303592e+00 1.081503826532303592e+00 1.081503826532303592e+00 1.081503826532303592e+00 1.081503826532303592e+00 1.081503826532303592e+00 1.081503826532303592e+00 1.081503826532303592e+00 1.081503826532303592e+00 1.081503826532303592e+00 1.081503826532303592e+00 1.081503826532303592e+00 1.081503826532303592e+00 1.081503826532303592e+00 1.081503826532303592e+00 1.081503826532303592e+00 1.081503826532303592e+00 1.081503826532303592e+00 1.081503826532303592e+00 1.081503826532303592e+00 1.081503826532303592e+00 1.081503826532303592e+00
1.081561920173587321e+00 1.081561920173587321e+00 1.081561920173587321e+00 1.081561920173587321e+00 1.081561920173587321e+00 1.081561920173587321e+00 1.081561920173587321e+00 1.081561920173587321e+00 1.081561920173587321e+00 1.081561920173587321e+00 1.081561920173587321e+00 1.081561920173587321e+00 1.081561920173587321e+00 1.081561920173587321e+00 1.081561920173587321e+00 1.081561920173587321e+00 1.081561920173587321e+00 1.081561920173587321e+00 1.081561920173587321e+00 1.081561920173587321e+00 1.081561920173587321e+00 1.081561920173587321e+00 1.081561920173587321e+00 1.081561920173587321e+00
1.081451440403569553e+00 1.081451440403569553e+00 1.081451440403569553e+00 1.081451440403569553e+00 1.081451440403569553e+00 1.081451440403569553e+00 1.081451440403569553e+00 1.081451440403569553e+00 1.081451440403569553e+00 1.081451440403569553e+00 1.081451440403569553e+00 1.081451440403569553e+00 1.081451440403569553e+00 1.081451440403569553e+00 1.081451440403569553e+00 1.081451440403569553e+00 1.081451440403569553e+00 1.081451440403569553e+00 1.081451440403569553e+00 1.081451440403569553e+00 1.081451440403569553e+00 1.081451440403569553e+00 1.081451440403569553e+00 1.081451440403569553e+00
1.081383856109274566e+00 1.081383856109274566e+00 1.081383856109274566e+00 1.081383856109274566e+00 1.081383856109274566e+00 1.081383856109274566e+00 1.081383856109274566e+00 1.081383856109274566e+00 1.081383856109274566e+00 1.081383856109274566e+00 1.081383856109274566e+00 1.081383856109274566e+00 1.081383856109274566e+00 1.081383856109274566e+00 1.081383856109274566e+00 1.081383856109274566e+00 1.081383856109274566e+00 1.081383856109274566e+00 1.081383856109274566e+00 1.081383856109274566e+00 1.081383856109274566e+00 1.081383856109274566e+00 1.081383856109274566e+00 1.081383856109274566e+00
1.081391711402355904e+00 1.081391711402355904e+00 1.081391711402355904e+00 1.081391711402355904e+00 1.081391711402355904e+00 1.081391711402355904e+00 1.081391711402355904e+00 1.081391711402355904e+00 1.081391711402355904e+00 1.081391711402355904e+00 1.081391711402355904e+00 1.081391711402355904e+00 1.081391711402355904e+00 1.081391711402355904e+00 1.081391711402355904e+00 1.081391711402355904e+00 1.081391711402355904e+00 1.081391711402355904e+00 1.081391711402355904e+00 1.081391711402355904e+00 1.081391711402355904e+00 1.081391711402355904e+00 1.081391711402355904e+00 1.081391711402355904e+00
1.081406996256207398e+00 1.081406996256207398e+00 1.081406996256207398e+00 1.081406996256207398e+00 1.081406996256207398e+00 1.081406996256207398e+00 1.081406996256207398e+00 1.081406996256207398e+00 1.081406996256207398e+00 1.081406996256207398e+00 1.081406996256207398e+00 1.081406996256207398e+00 1.081406996256207398e+00 1.081406996256207398e+00 1.081406996256207398e+00 1.081406996256207398e+00 1.081406996256207398e+00 1.081406996256207398e+00 1.081406996256207398e+00 1.081406996256207398e+00 1.081406996256207398e+00 1.081406996256207398e+00 1.081406996256207398e+00 1.081406996256207398e+00
1.081408021667902064e+00 1.081408021667902064e+00 1.081408021667902064e+00 1.081408021667902064e+00 1.081408021667902064e+00 1.081408021667902064e+00 1.081408021667902064e+00 1.081408021667902064e+00 1.081408021667902064e+00 1.081408021667902064e+00 1.081408021667902064e+00 1.081408021667902064e+00 1.081408021667902064e+00 1.081408021667902064e+00 1.081408021667902064e+00 1.081408021667902064e+00 1.081408021667902064e+00 1.081408021667902064e+00 1.081408021667902064e+00 1.081408021667902064e+00 1.081408021667902064e+00 1.081408021667902064e+00 1.081408021667902064e+00 1.081408021667902064e+00
1.081363764931128957e+00 1.081363764931128957e+00 1.081363764931128957e+00 1.081363764931128957e+00 1.081363764931128957e+00 1.081363764931128957e+00 1.081363764931128957e+00 1.081363764931128957e+00 1.081363764931128957e+00 1.081363764931128957e+00 1.081363764931128957e+00 1.081363764931128957e+00 1.081363764931128957e+00 1.081363764931128957e+00 1.081363764931128957e+00 1.081363764931128957e+00 1.081363764931128957e+00 1.081363764931128957e+00 1.081363764931128957e+00 1.081363764931128957e+00 1.081363764931128957e+00 1.081363764931128957e+00 1.081363764931128957e+00 1.081363764931128957e+00
1.081375954084437874e+00 1.081375954084437874e+00 1.081375954084437874e+00 1.081375954084437874e+00 1.081375954084437874e+00 1.081375954084437874e+00 1.081375954084437874e+00 1.081375954084437874e+00 1.081375954084437874e+00 1.081375954084437874e+00 1.081375954084437874e+00 1.081375954084437874e+00 1.081375954084437874e+00 1.081375954084437874e+00 1.081375954084437874e+00 1.081375954084437874e+00 1.081375954084437874e+00 1.081375954084437874e+00 1.081375954084437874e+00 1.081375954084437874e+00 1.081375954084437874e+00 1.081375954084437874e+00 1.081375954084437874e+00 1.081375954084437874e+00
1.081471702104867871e+00 1.081471702104867871e+00 1.081471702104867871e+00 1.081471702104867871e+00 1.081471702104867871e+00 1.081471702104867871e+00 1.081471702104867871e+00 1.081471702104867871e+00 1.081471702104867871e+00 1.081471702104867871e+00 1.081471702104867871e+00 1.081471702104867871e+00 1.081471702104867871e+00 1.081471702104867871e+00 1.081471702104867871e+00 1.081471702104867871e+00 1.081471702104867871e+00 1.081471702104867871e+00 1.081471702104867871e+00 1.081471702104867871e+00 1.081471702104867871e+00 1.081471702104867871e+00 1.081471702104867871e+00 1.081471702104867871e+00
1.081490770215660202e+00 1.081490770215660202e+00 1.081490770215660202e+00 1.081490770215660202e+00 1.081490770215660202e+00 1.081490770215660202e+00 1.081490770215660202e+00 1.081490770215660202e+00 1.081490770215660202e+00 1.081490770215660202e+00 1.081490770215660202e+00 1.081490770215660202e+00 1.081490770215660202e+00 1.081490770215660202e+00 1.081490770215660202e+00 1.081490770215660202e+00 1.081490770215660202e+00 1.081490770215660202e+00 1.081490770215660202e+00 1.081490770215660202e+00 1.081490770215660202e+00 1.081490770215660202e+00 1.081490770215660202e+00 1.081490770215660202e+00
1.081425389972453965e+00 1.081425389972453965e+00 1.081425389972453965e+00 1.081425389972453965e+00 1.081425389972453965e+00 1.081425389972453965e+00 1.081425389972453965e+00 1.081425389972453965e+00 1.081425389972453965e+00 1.081425389972453965e+00 1.081425389972453965e+00 1.081425389972453965e+00 1.081425389972453965e+00 1.081425389972453965e+00 1.081425389972453965e+00 1.081425389972453965e+00 1.081425389972453965e+00 1.081425389972453965e+00 1.081425389972453965e+00 1.081425389972453965e+00 1.081425389972453965e+00 1.081425389972453965e+00 1.081425389972453965e+00 1.081425389972453965e+00
1.081482785555670345e+00 1.081482785555670345e+00 1.081482785555670345e+00 1.081482785555670345e+00 1.081482785555670345e+00 1.081482785555670345e+00 1.081482785555670345e+00 1.081482785555670345e+00 1.081482785555670345e+00 1.081482785555670345e+00 1.081482785555670345e+00 1.081482785555670345e+00 1.081482785555670345e+00 1.081482785555670345e+00 1.081482785555670345e+00 1.081482785555670345e+00 1.081482785555670345e+00 1.081482785555670345e+00 1.081482785555670345e+00 1.081482785555670345e+00 1.081482785555670345e+00 1.081482785555670345e+00 1.081482785555670345e+00 1.081482785555670345e+00
1.081406767131272373e+00 1.081406767131272373e+00 1.081406767131272373e+00 1.081406767131272373e+00 1.081406767131272373e+00 1.081406767131272373e+00 1.081406767131272373e+00 1.081406767131272373e+00 1.081406767131272373e+00 1.081406767131272373e+00 1.081406767131272373e+00 1.081406767131272373e+00 1.081406767131272373e+00 1.081406767131272373e+00 1.081406767131272373e+00 1.081406767131272373e+00 1.081406767131272373e+00 1.081406767131272373e+00 1.081406767131272373e+00 1.081406767131272373e+00 1.081406767131272373e+00 1.081406767131272373e+00 1.081406767131272373e+00 1.081406767131272373e+00
1.081527085635722418e+00 1.081527085635722418e+00 1.081527085635722418e+00 1.081527085635722418e+00 1.081527085635722418e+00 1.081527085635722418e+00 1.081527085635722418e+00 1.081527085635722418e+00 1.081527085635722418e+00 1.081527085635722418e+00 1.081527085635722418e+00 1.081527085635722418e+00 1.081527085635722418e+00 1.081527085635722418e+00 1.081527085635722418e+00 1.081527085635722418e+00 1.081527085635722418e+00 1.081527085635722418e+00 1.081527085635722418e+00 1.081527085635722418e+00 1.081527085635722418e+00 1.081527085635722418e+00 1.081527085635722418e+00 1.081527085635722418e+00
1.081418960668787621e+00 1.081418960668787621e+00 1.081418960668787621e+00 1.081418960668787621e+00 1.081418960668787621e+00 1.081418960668787621e+00 1.081418960668787621e+00 1.081418960668787621e+00 1.081418960668787621e+00 1.081418960668787621e+00 1.081418960668787621e+00 1.081418960668787621e+00 1.081418960668787621e+00 1.081418960668787621e+00 1.081418960668787621e+00 1.081418960668787621e+00 1.081418960668787621e+00 1.081418960668787621e+00 1.081418960668787621e+00 1.081418960668787621e+00 1.081418960668787621e+00 1.081418960668787621e+00 1.081418960668787621e+00 1.081418960668787621e+00
1.081415067343133307e+00 1.081415067343133307e+00 1.081415067343133307e+00 1.081415067343133307e+00 1.081415067343133307e+00 1.081415067343133307e+00 1.081415067343133307e+00 1.081415067343133307e+00 1.081415067343133307e+00 1.081415067343133307e+00 1.081415067343133307e+00 1.081415067343133307e+00 1.081415067343133307e+00 1.081415067343133307e+00 1.081415067343133307e+00 1.081415067343133307e+00 1.081415067343133307e+00 1.081415067343133307e+00 1.081415067343133307e+00 1.081415067343133307e+00 1.081415067343133307e+00 1.081415067343133307e+00 1.081415067343133307e+00 1.081415067343133307e+00
1.081402665593538703e+00 1.081402665593538703e+00 1.081402665593538703e+00 1.081402665593538703e+00 1.081402665593538703e+00 1.081402665593538703e+00 1.081402665593538703e+00 1.081402665593538703e+00 1.081402665593538703e+00 1.081402665593538703e+00 1.081402665593538703e+00 1.081402665593538703e+00 1.081402665593538703e+00 1.081402665593538703e+00 1.081402665593538703e+00 1.081402665593538703e+00 1.081402665593538703e+00 1.081402665593538703e+00 1.081402665593538703e+00 1.081402665593538703e+00 1.081402665593538703e+00 1.081402665593538703e+00 1.081402665593538703e+00 1.081402665593538703e+00
1.081361075425492979e+00 1.081361075425492979e+00 1.081361075425492979e+00 1.081361075425492979e+00 1.081361075425492979e+00 1.081361075425492979e+00 1.081361075425492979e+00 1.081361075425492979e+00 1.081361075425492979e+00 1.081361075425492979e+00 1.081361075425492979e+00 1.081361075425492979e+00 1.081361075425492979e+00 1.081361075425492979e+00 1.081361075425492979e+00 1.081361075425492979e+00 1.081361075425492979e+00 1.081361075425492979e+00 1.081361075425492979e+00 1.081361075425492979e+00 1.081361075425492979e+00 1.081361075425492979e+00 1.081361075425492979e+00 1.081361075425492979e+00
1.081529058704839841e+00 1.081529058704839841e+00 1.081529058704839841e+00 1.081529058704839841e+00 1.081529058704839841e+00 1.081529058704839841e+00 1.081529058704839841e+00 1.081529058704839841e+00 1.081529058704839841e+00 1.081529058704839841e+00 1.081529058704839841e+00 1.081529058704839841e+00 1.081529058704839841e+00 1.081529058704839841e+00 1.081529058704839841e+00 1.081529058704839841e+00 1.081529058704839841e+00 1.081529058704839841e+00 1.081529058704839841e+00 1.081529058704839841e+00 1.081529058704839841e+00 1.081529058704839841e+00 1.081529058704839841e+00 1.081529058704839841e+00
1.081511714313540207e+00 1.081511714313540207e+00 1.081511714313540207e+00 1.081511714313540207e+00 1.081511714313540207e+00 1.081511714313540207e+00 1.081511714313540207e+00 1.081511714313540207e+00 1.081511714313540207e+00 1.081511714313540207e+00 1.081511714313540207e+00 1.081511714313540207e+00 1.081511714313540207e+00 1.081511714313540207e+00 1.081511714313540207e+00 1.081511714313540207e+00 1.081511714313540207e+00 1.081511714313540207e+00 1.081511714313540207e+00 1.081511714313540207e+00 1.081511714313540207e+00 1.081511714313540207e+00 1.081511714313540207e+00 1.081511714313540207e+00
1.081548768887119927e+00 1.081548768887119927e+00 1.081548768887119927e+00 1.081548768887119927e+00 1.081548768887119927e+00 1.081548768887119927e+00 1.081548768887119927e+00 1.081548768887119927e+00 1.081548768887119927e+00 1.081548768887119927e+00 1.081548768887119927e+00 1.081548768887119927e+00 1.081548768887119927e+00 1.081548768887119927e+00 1.081548768887119927e+00 1.081548768887119927e+00 1.081548768887119927e+00 1.081548768887119927e+00 1.081548768887119927e+00 1.081548768887119927e+00 1.081548768887119927e+00 1.081548768887119927e+00 1.081548768887119927e+00 1.081548768887119927e+00
1.081549582140886034e+00 1.081549582140886034e+00 1.081549582140886034e+00 1.081549582140886034e+00 1.081549582140886034e+00 1.081549582140886034e+00 1.081549582140886034e+00 1.081549582140886034e+00 1.081549582140886034e+00 1.081549582140886034e+00 1.081549582140886034e+00 1.081549582140886034e+00 1.081549582140886034e+00 1.081549582140886034e+00 1.081549582140886034e+00 1.081549582140886034e+00 1.081549582140886034e+00 1.081549582140886034e+00 1.081549582140886034e+00 1.081549582140886034e+00 1.081549582140886034e+00 1.081549582140886034e+00 1.081549582140886034e+00 1.081549582140886034e+00
1.081488352043440182e+00 1.081488352043440182e+00 1.081488352043440182e+00 1.081488352043440182e+00 1.081488352043440182e+00 1.081488352043440182e+00 1.081488352043440182e+00 1.081488352043440182e+00 1.081488352043440182e+00 1.081488352043440182e+00 1.081488352043440182e+00 1.081488352043440182e+00 1.081488352043440182e+00 1.081488352043440182e+00 1.081488352043440182e+00 1.081488352043440182e+00 1.081488352043440182e+00 1.081488352043440182e+00 1.081488352043440182e+00 1.081488352043440182e+00 1.081488352043440182e+00 1.081488352043440182e+00 1.081488352043440182e+00 1.081488352043440182e+00
1.081295066697164575e+00 1.081295066697164575e+00 1.081295066697164575e+00 1.081295066697164575e+00 1.081295066697164575e+00 1.081295066697164575e+00 1.081295066697164575e+00 1.081295066697164575e+00 1.081295066697164575e+00 1.081295066697164575e+00 1.081295066697164575e+00 1.081295066697164575e+00 1.081295066697164575e+00 1.081295066697164575e+00 1.081295066697164575e+00 1.081295066697164575e+00 1.081295066697164575e+00 1.081295066697164575e+00 1.081295066697164575e+00 1.081295066697164575e+00 1.081295066697164575e+00 1.081295066697164575e+00 1.081295066697164575e+00 1.081295066697164575e+00
1.081410335820286672e+00 1.081410335820286672e+00 1.081410335820286672e+00 1.081410335820286672e+00 1.081410335820286672e+00 1.081410335820286672e+00 1.081410335820286672e+00 1.081410335820286672e+00 1.081410335820286672e+00 1.081410335820286672e+00 1.081410335820286672e+00 1.081410335820286672e+00 1.081410335820286672e+00 1.081410335820286672e+00 1.081410335820286672e+00 1.081410335820286672e+00 1.081410335820286672e+00 1.081410335820286672e+00 1.081410335820286672e+00 1.081410335820286672e+00 1.081410335820286672e+00 1.081410335820286672e+00 1.081410335820286672e+00 1.081410335820286672e+00
1.081402016778861164e+00 1.081402016778861164e+00 1.081402016778861164e+00 1.081402016778861164e+00 1.081402016778861164e+00 1.081402016778861164e+00 1.081402016778861164e+00 1.081402016778861164e+00 1.081402016778861164e+00 1.081402016778861164e+00 1.081402016778861164e+00 1.081402016778861164e+00 1.081402016778861164e+00 1.081402016778861164e+00 1.081402016778861164e+00 1.081402016778861164e+00 1.081402016778861164e+00 1.081402016778861164e+00 1.081402016778861164e+00 1.081402016778861164e+00 1.081402016778861164e+00 1.081402016778861164e+00 1.081402016778861164e+00 1.081402016778861164e+00
1.081381514170440816e+00 1.081381514170440816e+00 1.081381514170440816e+00 1.081381514170440816e+00 1.081381514170440816e+00 1.081381514170440816e+00 1.081381514170440816e+00 1.081381514170440816e+00 1.081381514170440816e+00 1.081381514170440816e+00 1.081381514170440816e+00 1.081381514170440816e+00 1.081381514170440816e+00 1.081381514170440816e+00 1.081381514170440816e+00 1.081381514170440816e+00 1.081381514170440816e+00 1.081381514170440816e+00 1.081381514170440816e+00 1.081381514170440816e+00 1.081381514170440816e+00 1.081381514170440816e+00 1.081381514170440816e+00 1.081381514170440816e+00
1.081457572215770657e+00 1.081457572215770657e+00 1.081457572215770657e+00 1.081457572215770657e+00 1.081457572215770657e+00 1.081457572215770657e+00 1.081457572215770657e+00 1.081457572215770657e+00 1.081457572215770657e+00 1.081457572215770657e+00 1.081457572215770657e+00 1.081457572215770657e+00 1.081457572215770657e+00 1.081457572215770657e+00 1.081457572215770657e+00 1.081457572215770657e+00 1.081457572215770657e+00 1.081457572215770657e+00 1.081457572215770657e+00 1.081457572215770657e+00 1.081457572215770657e+00 1.081457572215770657e+00 1.081457572215770657e+00 1.081457572215770657e+00
1.081446861974564744e+00 1.081446861974564744e+00 1.081446861974564744e+00 1.081446861974564744e+00 1.081446861974564744e+00 1.081446861974564744e+00 1.081446861974564744e+00 1.081446861974564744e+00 1.081446861974564744e+00 1.081446861974564744e+00 1.081446861974564744e+00 1.081446861974564744e+00 1.081446861974564744e+00 1.081446861974564744e+00 1.081446861974564744e+00 1.081446861974564744e+00 1.081446861974564744e+00 1.081446861974564744e+00 1.081446861974564744e+00 1.081446861974564744e+00 1.081446861974564744e+00 1.081446861974564744e+00 1.081446861974564744e+00 1.081446861974564744e+00
1.081359197543114936e+00 1.081359197543114936e+00 1.081359197543114936e+00 1.081359197543114936e+00 1.081359197543114936e+00 1.081359197543114936e+00 1.081359197543114936e+00 1.081359197543114936e+00 1.081359197543114936e+00 1.081359197543114936e+00 1.081359197543114936e+00 1.081359197543114936e+00 1.081359197543114936e+00 1.081359197543114936e+00 1.081359197543114936e+00 1.081359197543114936e+00 1.081359197543114936e+00 1.081359197543114936e+00 1.081359197543114936e+00 1.081359197543114936e+00 1.081359197543114936e+00 1.081359197543114936e+00 1.081359197543114936e+00 1.081359197543114936e+00
1.081444823396503496e+00 1.081444823396503496e+00 1.081444823396503496e+00 1.081444823396503496e+00 1.081444823396503496e+00 1.081444823396503496e+00 1.081444823396503496e+00 1.081444823396503496e+00 1.081444823396503496e+00 1.081444823396503496e+00 1.081444823396503496e+00 1.081444823396503496e+00 1.081444823396503496e+00 1.081444823396503496e+00 1.081444823396503496e+00 1.081444823396503496e+00 1.081444823396503496e+00 1.081444823396503496e+00 1.081444823396503496e+00 1.081444823396503496e+00 1.081444823396503496e+00 1.081444823396503496e+00 1.081444823396503496e+00 1.081444823396503496e+00
1.081396363778972525e+00 1.081396363778972525e+00 1.081396363778972525e+00 1.081396363778972525e+00 1.081396363778972525e+00 1.081396363778972525e+00 1.081396363778972525e+00 1.081396363778972525e+00 1.081396363778972525e+00 1.081396363778972525e+00 1.081396363778972525e+00 1.081396363778972525e+00 1.081396363778972525e+00 1.081396363778972525e+00 1.081396363778972525e+00 1.081396363778972525e+00 1.081396363778972525e+00 1.081396363778972525e+00 1.081396363778972525e+00 1.081396363778972525e+00 1.081396363778972525e+00 1.081396363778972525e+00 1.081396363778972525e+00 1.081396363778972525e+00
1.081508654515083157e+00 1.081508654515083157e+00 1.081508654515083157e+00 1.081508654515083157e+00 1.081508654515083157e+00 1.081508654515083157e+00 1.081508654515083157e+00 1.081508654515083157e+00 1.081508654515083157e+00 1.081508654515083157e+00 1.081508654515083157e+00 1.081508654515083157e+00 1.081508654515083157e+00 1.081508654515083157e+00 1.081508654515083157e+00 1.081508654515083157e+00 1.081508654515083157e+00 1.081508654515083157e+00 1.081508654515083157e+00 1.081508654515083157e+00 1.081508654515083157e+00 1.081508654515083157e+00 1.081508654515083157e+00 1.081508654515083157e+00
1.081525256611047370e+00 1.081525256611047370e+00 1.081525256611047370e+00 1.081525256611047370e+00 1.081525256611047370e+00 1.081525256611047370e+00 1.081525256611047370e+00 1.081525256611047370e+00 1.081525256611047370e+00 1.081525256611047370e+00 1.081525256611047370e+00 1.081525256611047370e+00 1.081525256611047370e+00 1.081525256611047370e+00 1.081525256611047370e+00 1.081525256611047370e+00 1.081525256611047370e+00 1.081525256611047370e+00 1.081525256611047370e+00 1.081525256611047370e+00 1.081525256611047370e+00 1.081525256611047370e+00 1.081525256611047370e+00 1.081525256611047370e+00
1.081470656857332679e+00 1.081470656857332679e+00 1.081470656857332679e+00 1.081470656857332679e+00 1.081470656857332679e+00 1.081470656857332679e+00 1.081470656857332679e+00 1.081470656857332679e+00 1.081470656857332679e+00 1.081470656857332679e+00 1.081470656857332679e+00 1.081470656857332679e+00 1.081470656857332679e+00 1.081470656857332679e+00 1.081470656857332679e+00 1.081470656857332679e+00 1.081470656857332679e+00 1.081470656857332679e+00 1.081470656857332679e+00 1.081470656857332679e+00 1.081470656857332679e+00 1.081470656857332679e+00 1.081470656857332679e+00 1.081470656857332679e+00
1.081496615287350638e+00 1.081496615287350638e+00 1.081496615287350638e+00 1.081496615287350638e+00 1.081496615287350638e+00 1.081496615287350638e+00 1.081496615287350638e+00 1.081496615287350638e+00 1.081496615287350638e+00 1.081496615287350638e+00 1.081496615287350638e+00 1.081496615287350638e+00 1.081496615287350638e+00 1.081496615287350638e+00 1.081496615287350638e+00 1.081496615287350638e+00 1.081496615287350638e+00 1.081496615287350638e+00 1.081496615287350638e+00 1.081496615287350638e+00 1.081496615287350638e+00 1.081496615287350638e+00 1.081496615287350638e+00 1.081496615287350638e+00
1.081442229720349868e+00 1.081442229720349868e+00 1.081442229720349868e+00 1.081442229720349868e+00 1.081442229720349868e+00 1.081442229720349868e+00 1.081442229720349868e+00 1.081442229720349868e+00 1.081442229720349868e+00 1.081442229720349868e+00 1.081442229720349868e+00 1.081442229720349868e+00 1.081442229720349868e+00 1.081442229720349868e+00 1.081442229720349868e+00 1.081442229720349868e+00 1.081442229720349868e+00 1.081442229720349868e+00 1.081442229720349868e+00 1.081442229720349868e+00 1.081442229720349868e+00 1.081442229720349868e+00 1.081442229720349868e+00 1.081442229720349868e+00
1.081417259064909819e+00 1.081417259064909819e+00 1.081417259064909819e+00 1.081417259064909819e+00 1.081417259064909819e+00 1.081417259064909819e+00 1.081417259064909819e+00 1.081417259064909819e+00 1.081417259064909819e+00 1.081417259064909819e+00 1.081417259064909819e+00 1.081417259064909819e+00 1.081417259064909819e+00 1.081417259064909819e+00 1.081417259064909819e+00 1.081417259064909819e+00 1.081417259064909819e+00 1.081417259064909819e+00 1.081417259064909819e+00 1.081417259064909819e+00 1.081417259064909819e+00 1.081417259064909819e+00 1.081417259064909819e+00 1.081417259064909819e+00
1.081532187772107800e+00 1.081532187772107800e+00 1.081532187772107800e+00 1.081532187772107800e+00 1.081532187772107800e+00 1.081532187772107800e+00 1.081532187772107800e+00 1.081532187772107800e+00 1.081532187772107800e+00 1.081532187772107800e+00 1.081532187772107800e+00 1.081532187772107800e+00 1.081532187772107800e+00 1.081532187772107800e+00 1.081532187772107800e+00 1.081532187772107800e+00 1.081532187772107800e+00 1.081532187772107800e+00 1.081532187772107800e+00 1.081532187772107800e+00 1.081532187772107800e+00 1.081532187772107800e+00 1.081532187772107800e+00 1.081532187772107800e+00
1.081460716887175710e+00 1.081460716887175710e+00 1.081460716887175710e+00 1.081460716887175710e+00 1.081460716887175710e+00 1.081460716887175710e+00 1.081460716887175710e+00 1.081460716887175710e+00 1.081460716887175710e+00 1.081460716887175710e+00 1.081460716887175710e+00 1.081460716887175710e+00 1.081460716887175710e+00 1.081460716887175710e+00 1.081460716887175710e+00 1.081460716887175710e+00 1.081460716887175710e+00 1.081460716887175710e+00 1.081460716887175710e+00 1.081460716887175710e+00 1.081460716887175710e+00 1.081460716887175710e+00 1.081460716887175710e+00 1.081460716887175710e+00
1.081369565882863482e+00 1.081369565882863482e+00 1.081369565882863482e+00 1.081369565882863482e+00 1.081369565882863482e+00 1.081369565882863482e+00 1.081369565882863482e+00 1.081369565882863482e+00 1.081369565882863482e+00 1.081369565882863482e+00 1.081369565882863482e+00 1.081369565882863482e+00 1.081369565882863482e+00 1.081369565882863482e+00 1.081369565882863482e+00 1.081369565882863482e+00 1.081369565882863482e+00 1.081369565882863482e+00 1.081369565882863482e+00 1.081369565882863482e+00 1.081369565882863482e+00 1.081369565882863482e+00 1.081369565882863482e+00 1.081369565882863482e+00
1.081365102691248303e+00 1.081365102691248303e+00 1.081365102691248303e+00 1.081365102691248303e+00 1.081365102691248303e+00 1.081365102691248303e+00 1.081365102691248303e+00 1.081365102691248303e+00 1.081365102691248303e+00 1.081365102691248303e+00 1.081365102691248303e+00 1.081365102691248303e+00 1.081365102691248303e+00 1.081365102691248303e+00 1.081365102691248303e+00 1.081365102691248303e+00 1.081365102691248303e+00 1.081365102691248303e+00 1.081365102691248303e+00 1.081365102691248303e+00 1.081365102691248303e+00 1.081365102691248303e+00 1.081365102691248303e+00 1.081365102691248303e+00
1.081446360198207168e+00 1.081446360198207168e+00 1.081446360198207168e+00 1.081446360198207168e+00 1.081446360198207168e+00 1.081446360198207168e+00 1.081446360198207168e+00 1.081446360198207168e+00 1.081446360198207168e+00 1.081446360198207168e+00 1.081446360198207168e+00 1.081446360198207168e+00 1.081446360198207168e+00 1.081446360198207168e+00 1.081446360198207168e+00 1.081446360198207168e+00 1.081446360198207168e+00 1.081446360198207168e+00 1.081446360198207168e+00 1.081446360198207168e+00 1.081446360198207168e+00 1.081446360198207168e+00 1.081446360198207168e+00 1.081446360198207168e+00
1.081475011503197470e+00 1.081475011503197470e+00 1.081475011503197470e+00 1.081475011503197470e+00 1.081475011503197470e+00 1.081475011503197470e+00 1.081475011503197470e+00 1.081475011503197470e+00 1.081475011503197470e+00 1.081475011503197470e+00 1.081475011503197470e+00 1.081475011503197470e+00 1.081475011503197470e+00 1.081475011503197470e+00 1.081475011503197470e+00 1.081475011503197470e+00 1.081475011503197470e+00 1.081475011503197470e+00 1.081475011503197470e+00 1.081475011503197470e+00 1.081475011503197470e+00 1.081475011503197470e+00 1.081475011503197470e+00 1.081475011503197470e+00
1.081561142150198274e+00 1.081561142150198274e+00 1.081561142150198274e+00 1.081561142150198274e+00 1.081561142150198274e+00 1.081561142150198274e+00 1.081561142150198274e+00 1.081561142150198274e+00 1.081561142150198274e+00 1.081561142150198274e+00 1.081561142150198274e+00 1.081561142150198274e+00 1.081561142150198274e+00 1.081561142150198274e+00 1.081561142150198274e+00 1.081561142150198274e+00 1.081561142150198274e+00 1.081561142150198274e+00 1.081561142150198274e+00 1.081561142150198274e+00 1.081561142150198274e+00 1.081561142150198274e+00 1.081561142150198274e+00 1.081561142150198274e+00
1.081498884006898198e+00 1.081498884006898198e+00 1.081498884006898198e+00 1.081498884006898198e+00 1.081498884006898198e+00 1.081498884006898198e+00 1.081498884006898198e+00 1.081498884006898198e+00 1.081498884006898198e+00 1.081498884006898198e+00 1.081498884006898198e+00 1.081498884006898198e+00 1.081498884006898198e+00 1.081498884006898198e+00 1.081498884006898198e+00 1.081498884006898198e+00 1.081498884006898198e+00 1.081498884006898198e+00 1.081498884006898198e+00 1.081498884006898198e+00 1.081498884006898198e+00 1.081498884006898198e+00 1.081498884006898198e+00 1.081498884006898198e+00
1.081562221585168793e+00 1.081562221585168793e+00 1.081562221585168793e+00 1.081562221585168793e+00 1.081562221585168793e+00 1.081562221585168793e+00 1.081562221585168793e+00 1.081562221585168793e+00 1.081562221585168793e+00 1.081562221585168793e+00 1.081562221585168793e+00 1.081562221585168793e+00 1.081562221585168793e+00 1.081562221585168793e+00 1.081562221585168793e+00 1.081562221585168793e+00 1.081562221585168793e+00 1.081562221585168793e+00 1.081562221585168793e+00 1.081562221585168793e+00 1.081562221585168793e+00 1.081562221585168793e+00 1.081562221585168793e+00 1.081562221585168793e+00
1.081507929310117078e+00 1.081507929310117078e+00 1.081507929310117078e+00 1.081507929310117078e+00 1.081507929310117078e+00 1.081507929310117078e+00 1.081507929310117078e+00 1.081507929310117078e+00 1.081507929310117078e+00 1.081507929310117078e+00 1.081507929310117078e+00 1.081507929310117078e+00 1.081507929310117078e+00 1.081507929310117078e+00 1.081507929310117078e+00 1.081507929310117078e+00 1.081507929310117078e+00 1.081507929310117078e+00 1.081507929310117078e+00 1.081507929310117078e+00 1.081507929310117078e+00 1.081507929310117078e+00 1.081507929310117078e+00 1.081507929310117078e+00
1.081459159785837842e+00 1.081459159785837842e+00 1.081459159785837842e+00 1.081459159785837842e+00 1.081459159785837842e+00 1.081459159785837842e+00 1.081459159785837842e+00 1.081459159785837842e+00 1.081459159785837842e+00 1.081459159785837842e+00 1.081459159785837842e+00 1.081459159785837842e+00 1.081459159785837842e+00 1.081459159785837842e+00 1.081459159785837842e+00 1.081459159785837842e+00 1.081459159785837842e+00 1.081459159785837842e+00 1.081459159785837842e+00 1.081459159785837842e+00 1.081459159785837842e+00 1.081459159785837842e+00 1.081459159785837842e+00 1.081459159785837842e+00
1.081363059896758960e+00 1.081363059896758960e+00 1.081363059896758960e+00 1.081363059896758960e+00 1.081363059896758960e+00 1.081363059896758960e+00 1.081363059896758960e+00 1.081363059896758960e+00 1.081363059896758960e+00 1.081363059896758960e+00 1.081363059896758960e+00 1.081363059896758960e+00 1.081363059896758960e+00 1.081363059896758960e+00 1.081363059896758960e+00 1.081363059896758960e+00 1.081363059896758960e+00 1.081363059896758960e+00 1.081363059896758960e+00 1.081363059896758960e+00 1.081363059896758960e+00 1.081363059896758960e+00 1.081363059896758960e+00 1.081363059896758960e+00
1.081467098767312951e+00 1.081467098767312951e+00 1.081467098767312951e+00 1.081467098767312951e+00 1.081467098767312951e+00 1.081467098767312951e+00 1.081467098767312951e+00 1.081467098767312951e+00 1.081467098767312951e+00 1.081467098767312951e+00 1.081467098767312951e+00 1.081467098767312951e+00 1.081467098767312951e+00 1.081467098767312951e+00 1.081467098767312951e+00 1.081467098767312951e+00 1.081467098767312951e+00 1.081467098767312951e+00 1.081467098767312951e+00 1.081467098767312951e+00 1.081467098767312951e+00 1.081467098767312951e+00 1.081467098767312951e+00 1.081467098767312951e+00
1.081472900433622319e+00 1.081472900433622319e+00 1.081472900433622319e+00 1.081472900433622319e+00 1.081472900433622319e+00 1.081472900433622319e+00 1.081472900433622319e+00 1.081472900433622319e+00 1.081472900433622319e+00 1.081472900433622319e+00 1.081472900433622319e+00 1.081472900433622319e+00 1.081472900433622319e+00 1.081472900433622319e+00 1.081472900433622319e+00 1.081472900433622319e+00 1.081472900433622319e+00 1.081472900433622319e+00 1.081472900433622319e+00 1.081472900433622319e+00 1.081472900433622319e+00 1.081472900433622319e+00 1.081472900433622319e+00 1.081472900433622319e+00
