6.364386914143990026e+01 1.974256380778381867e+02 4.868234905496379383e+01 2.348259713639435518e+02 1.306142311740096886e+02 1.745843490418411932e+02 1.445070974731522426e+02 9.045977793806120815e+01 7.704152442883598439e+01 7.039306784229107450e+01 4.847020212620675039e+01 3.954909178165488015e+01 2.473806253361576069e+01 1.649849256738881920e+01 1.094280801415109217e+01 5.448286759177412009e+00 3.944345509110569914e+00 3.515946959472624922e+00 2.104988573449418254e+00 1.585745131036711442e+00 1.318524971627048847e+00 9.144333118336988031e-01 6.401549126932358780e-01 4.870821620236649441e-01
5.867699924303774139e+01 2.024383252706008420e+02 6.122200406216443014e+01 2.493646400949417341e+02 1.242106735204419152e+02 1.819775885122546697e+02 1.457807230993598466e+02 8.769179170399881684e+01 8.225851788659610975e+01 7.130550277823159888e+01 4.862940550827747188e+01 4.007218390723523527e+01 2.476135418468434324e+01 1.672214041159450915e+01 1.091460931183623551e+01 5.547602372788727365e+00 3.961365715962249290e+00 3.572748890951132683e+00 1.994313339217274050e+00 1.624567748667411493e+00 1.281396191805714180e+00 8.572776601589565670e-01 6.247216775813152490e-01 4.876742219551995494e-01
6.154253671398354442e+01 2.076881696472430860e+02 5.845403451906652492e+01 2.388875240089984970e+02 1.294527739414794212e+02 1.745903070890754520e+02 1.446937174577000462e+02 8.920497766606463586e+01 7.862649280247262595e+01 7.225662835470376422e+01 4.941871688727562173e+01 3.967847957740818998e+01 2.518761861963623971e+01 1.669126282588123544e+01 1.098224183145817712e+01 5.578921764862578847e+00 3.966604780488920401e+00 3.520964662886921115e+00 1.994828546721550300e+00 1.620149396005349685e+00 1.291833905780456204e+00 8.905439672727588629e-01 6.552167347997848168e-01 5.138998261223842734e-01
4.748562842715018917e+01 2.040453172410074387e+02 3.911719387049811303e+01 2.373370770555910667e+02 1.299534564284104761e+02 1.800848032464078585e+02 1.451902708474663939e+02 8.656512602507066845e+01 7.718490973743188022e+01 7.190748149162028824e+01 4.806246533637325768e+01 3.971443743456903519e+01 2.486074665469805467e+01 1.637143807937641427e+01 1.088450341393086518e+01 5.484731184879059640e+00 3.824776702135368023e+00 3.469385433522687023e+00 1.972239777932735638e+00 1.627115884328715900e+00 1.337592792243599504e+00 8.800151955066654041e-01 6.240469152110608153e-01 4.712471723329196283e-01
9.700212508766705355e+01 2.150047393839308256e+02 5.590843505773618460e+01 2.491220397441067860e+02 1.321232307481911619e+02 1.829765262398984760e+02 1.466854775874096219e+02 8.953624717527775090e+01 8.008046657987060257e+01 7.216153963617367140e+01 4.804890226529933983e+01 4.106453087988789719e+01 2.476219016155043562e+01 1.681470504959397871e+01 1.109314914704423138e+01 5.575634127696788234e+00 3.967122880232634152e+00 3.502393623035478409e+00 2.018185650480746496e+00 1.621013178510223973e+00 1.349983062743387752e+00 8.998707140064848842e-01 6.463809038757311054e-01 5.249189791340864719e-01
6.464732649776912865e+01 1.932478300967546545e+02 6.124990608966292172e+01 2.306283592822594244e+02 1.278151781938992571e+02 1.758841857272726941e+02 1.460155130106214756e+02 9.099595695508706683e+01 7.761149801768885936e+01 6.986628040849038257e+01 4.870413969065501902e+01 3.985593459901141244e+01 2.488909621565794339e+01 1.680826450614879164e+01 1.064484058393457744e+01 5.380912318293414209e+00 3.836206491079155789e+00 3.581916859956702837e+00 2.000752134261869042e+00 1.590556327547150817e+00 1.290936977821088183e+00 8.647612659157618564e-01 5.935012659039684557e-01 4.389562716261866115e-01
7.857365015350458748e+01 1.881578692921079323e+02 6.339829082342957634e+01 2.326775022566871769e+02 1.333227151319713641e+02 1.783081194051771377e+02 1.440660964529617729e+02 8.624574880730612847e+01 7.632591650888252843e+01 7.081708665300335781e+01 4.893391321594327081e+01 4.003960196286742956e+01 2.438510877547201972e+01 1.634984235680343545e+01 1.081698952391841217e+01 5.487635202762783493e+00 3.979863055802698391e+00 3.580951959573582588e+00 2.080626643313872481e+00 1.655363266781187503e+00 1.355100660170122318e+00 9.365974573640147849e-01 6.217964507417473863e-01 4.978456926157888707e-01
6.102655943179223641e+01 2.155539933715048448e+02 6.724500569886514256e+01 2.434491313371115666e+02 1.335965325546765712e+02 1.767536930448793839e+02 1.459032606019841580e+02 9.025766236586922275e+01 7.950383354490695353e+01 7.142399523939351980e+01 4.766573704422287960e+01 4.024106621275720386e+01 2.505093044772749522e+01 1.673855812639284935e+01 1.122771306193905438e+01 5.543026714835952440e+00 3.891206104351299544e+00 3.607658579439307456e+00 1.987466810838269149e+00 1.612615409098188346e+00 1.356166833328365406e+00 8.892079564205043196e-01 6.372365803774648896e-01 4.768478738859784904e-01
7.141827379714510471e+01 1.991797629959636140e+02 5.903137184826961459e+01 2.355632432239103480e+02 1.222271392314019351e+02 1.780011441307566145e+02 1.429205551200466005e+02 8.991217112317636406e+01 7.869111025671411142e+01 7.211591814680595292e+01 4.940943070687155370e+01 3.965882540250556332e+01 2.495385939144587439e+01 1.588015100382153122e+01 1.070116624356130153e+01 5.542871798580733866e+00 3.853517569022096634e+00 3.710043806899000263e+00 2.046838505396283203e+00 1.631205123525397482e+00 1.356915137981115071e+00 9.003927481634891317e-01 6.280395712238664441e-01 4.863985666336151370e-01
4.359636473123586597e+01 2.087026263586830908e+02 5.230911936208003254e+01 2.371525340050432078e+02 1.274608142461116245e+02 1.794347636191665174e+02 1.442415584734486060e+02 8.944144979382414817e+01 7.927490455306418937e+01 7.124847522959846913e+01 4.820932763647490304e+01 3.968149962710378276e+01 2.491628688943345793e+01 1.669513077640587895e+01 1.102502028839529835e+01 5.335251576080009883e+00 3.858200166998218439e+00 3.535930175502788764e+00 2.003085053385348591e+00 1.631440997626321332e+00 1.321172990252984736e+00 9.009907241010242096e-01 6.540860517805781038e-01 5.088958511958932007e-01
7.692827354555339525e+01 2.107665073230100177e+02 5.747341645318037706e+01 2.345743321842000739e+02 1.239524727730543390e+02 1.786759512207442242e+02 1.470156928572371271e+02 8.734282404644980602e+01 7.831537877282464422e+01 7.107747739676449328e+01 4.834333720563240888e+01 4.020145882097799728e+01 2.484756176053659260e+01 1.690821730855354943e+01 1.109004613016299601e+01 5.551532935122216905e+00 3.882086178699871937e+00 3.616268699165880118e+00 1.939906844307637712e+00 1.577966560875657454e+00 1.299925874176421692e+00 9.036512626370344359e-01 6.699127142665799450e-01 5.048090664877620259e-01
6.957506858384793702e+01 2.027756860531538905e+02 6.321258605173385803e+01 2.281096928864593281e+02 1.290934434822464425e+02 1.847446665464988769e+02 1.458631319779878766e+02 8.816691512493997607e+01 7.799794194980212581e+01 7.137149988631028918e+01 4.920221492821666232e+01 4.079764908848429883e+01 2.542456920063380466e+01 1.670925514967194658e+01 1.101806728231981403e+01 5.745258198971719743e+00 4.081148068573283716e+00 3.410687349197305096e+00 2.011112818303165461e+00 1.626059216710996180e+00 1.303591514425697317e+00 8.893225045763394343e-01 6.317551266980829805e-01 5.000335252231653538e-01
7.393984022078774387e+01 2.012594810709925355e+02 5.832384682948980981e+01 2.377863554099691612e+02 1.321395485732243458e+02 1.793931692163514526e+02 1.425125363924043995e+02 8.953423674739826765e+01 7.980193867384903683e+01 7.226421480467710978e+01 4.888393214202186954e+01 3.996682153599430620e+01 2.503207160292516775e+01 1.667810451989307907e+01 1.097490934650060268e+01 5.550311035752313771e+00 3.849769019716216878e+00 3.548274052554073688e+00 2.029953201951948394e+00 1.623435668744845906e+00 1.316726219271252329e+00 8.743907424628477587e-01 6.462022035161486544e-01 4.864934166920244496e-01
6.420076519246194380e+01 1.773679421124743385e+02 5.634041369901172658e+01 2.299869834800828983e+02 1.293921838975858520e+02 1.867853037537666978e+02 1.438300082142376937e+02 8.827390272779125269e+01 7.721202730918007262e+01 7.190693724400858855e+01 4.857071154057595663e+01 4.008512510119089001e+01 2.505321468164219212e+01 1.634723749820517824e+01 1.096255448431856117e+01 5.463033309485373579e+00 3.901326894062281614e+00 3.481359601590067854e+00 1.996591337871315375e+00 1.575622519774691366e+00 1.336219586816736360e+00 9.163400081351293913e-01 6.653186172653954289e-01 5.035115105435707950e-01
6.938707276529478918e+01 2.066228838768878120e+02 5.520152646883276049e+01 2.363270876288001148e+02 1.272335761898428927e+02 1.800874622567047822e+02 1.464387840354721106e+02 8.637960531939722841e+01 7.706625497865127272e+01 7.098694201837729167e+01 4.855136145778202206e+01 4.000764463211282163e+01 2.452080041808313382e+01 1.650059236917090288e+01 1.097331989069726887e+01 5.748749915492732399e+00 3.941946391509616454e+00 3.496698101653361590e+00 1.982586122078159985e+00 1.590944711400373190e+00 1.280108060854320939e+00 9.234194692719122077e-01 6.856437625427926896e-01 4.995317930159102193e-01
5.542970438071329653e+01 2.131302160097190210e+02 5.560915091343046868e+01 2.274567060801496154e+02 1.357848501021842651e+02 1.763177705653152714e+02 1.475108787929088408e+02 8.893716335552859675e+01 7.876151507599496426e+01 7.130273511546735676e+01 4.765184501328398170e+01 4.033459016014649734e+01 2.562766241154684010e+01 1.650649304377936133e+01 1.117306726203612222e+01 5.562824414132525597e+00 3.920990887883992748e+00 3.458825638081933551e+00 1.908459480980756240e+00 1.562829805707731667e+00 1.336381993964513404e+00 9.230432535896885282e-01 6.991727753890852881e-01 4.989873253957258781e-01
6.672069549224619323e+01 1.922894699254688646e+02 6.810076849868397630e+01 2.336486831567778779e+02 1.385082422302705254e+02 1.736251437449928403e+02 1.468240590155128018e+02 9.240186496403580918e+01 7.913549837050757674e+01 7.189112560943200947e+01 4.853664788109274042e+01 3.959616752558606834e+01 2.483077596335454373e+01 1.686630181173361365e+01 1.109381884650795058e+01 5.684619990710087833e+00 3.972152616878189768e+00 3.465413705511082298e+00 1.968688122800490659e+00 1.592285827358357997e+00 1.332789298295163016e+00 8.802736019844916715e-01 6.618409162046536842e-01 4.796763983150614807e-01
6.307532280814524484e+01 2.132288214564572968e+02 6.038511895127348339e+01 2.427643362851165136e+02 1.219026113172780441e+02 1.793341202728304324e+02 1.466152027294174331e+02 8.732681617938443708e+01 7.823049260497052160e+01 7.189552469436716819e+01 4.805125991876679592e+01 3.974925150095340598e+01 2.508321329565401570e+01 1.691176373223525076e+01 1.088402302250165832e+01 5.397439243499492889e+00 3.786601055452743392e+00 3.509206031720398578e+00 1.955456838528357943e+00 1.603798501104364949e+00 1.350910033815385436e+00 8.891513601586832349e-01 6.693640346781819517e-01 5.022403729816418139e-01
7.100069871848123171e+01 2.173877242451760878e+02 5.944721261434260384e+01 2.516967974063912266e+02 1.399813156537724410e+02 1.748056113265934357e+02 1.412615905115916917e+02 8.981222865509860753e+01 7.897369831148897390e+01 7.091250082351041328e+01 4.774419421369865546e+01 4.028427423031567400e+01 2.497767429429929109e+01 1.646435997397779616e+01 1.090100267465609818e+01 5.385593139190624434e+00 3.978258358723276711e+00 3.497371147377971390e+00 2.001221405003646314e+00 1.671761069508400199e+00 1.337713547833497607e+00 9.341788050649063591e-01 6.560448373462057781e-01 4.867300409905835901e-01
7.283115839374350742e+01 2.100512018126545684e+02 5.638939185371549456e+01 2.376785365309622193e+02 1.268149968637283820e+02 1.795860142777603414e+02 1.464231191961837624e+02 9.070355674592578055e+01 7.941575674846151855e+01 6.966075602264119482e+01 4.829943398515234065e+01 3.953969932525422593e+01 2.471422141845981457e+01 1.681507463815363579e+01 1.099653360098465882e+01 5.452217563567264058e+00 3.731980569994215458e+00 3.527460839792287750e+00 1.933872518851441180e+00 1.587706041703402127e+00 1.263645622899187027e+00 9.041132796223960710e-01 6.573049368808652204e-01 4.806457018075708243e-01
7.095463498323498186e+01 2.108689069912342973e+02 4.734256494288983674e+01 2.338389673572642948e+02 1.303349998278292503e+02 1.777253822145340223e+02 1.456882065461062155e+02 8.729480060573433775e+01 8.019667432241732286e+01 7.031798251030794233e+01 4.857536655083087851e+01 4.037533764104759371e+01 2.474192500499841785e+01 1.679557700155538313e+01 1.097069412132555044e+01 5.415219018400019735e+00 3.865969225173576440e+00 3.544027089287296040e+00 2.030528201790437137e+00 1.551972108089167302e+00 1.348435317438066328e+00 9.026447857472446046e-01 6.404601848041446832e-01 4.932857258843094672e-01
8.934417092255992543e+01 2.046400538586121911e+02 5.841629277100656026e+01 2.179837299329881830e+02 1.272253019675233645e+02 1.793957532413042486e+02 1.476686444578316468e+02 8.647394743697689989e+01 7.943219766757549394e+01 7.186286809603541315e+01 4.769287887950559224e+01 4.010874187416830949e+01 2.431712130109556469e+01 1.663970775369507393e+01 1.094454173271553721e+01 5.628900517517062774e+00 3.911581113545109289e+00 3.512582121793268897e+00 2.005265575231611752e+00 1.569402284237902512e+00 1.336516127333592374e+00 8.986995162992751363e-01 6.644096862521625679e-01 5.024188650276735224e-01
6.768119957818304044e+01 1.919557431113853454e+02 4.095207186498689822e+01 2.373583046322760595e+02 1.349029802553140485e+02 1.795327792698983842e+02 1.415064204397031631e+02 8.639823737235344936e+01 7.987631932427143511e+01 7.047687681086864586e+01 4.743043253395729408e+01 3.964978994061181794e+01 2.526830203252459484e+01 1.671223700858454464e+01 1.103661767737120947e+01 5.524111020197842059e+00 3.778227507957880427e+00 3.487318111555350431e+00 1.901683849793463832e+00 1.589558617060176093e+00 1.324102685291380865e+00 8.742904398846433889e-01 6.219860370469607602e-01 4.928077722271558825e-01
5.601048778111860571e+01 2.141275008275804623e+02 5.622271217398191823e+01 2.144122209644682755e+02 1.287086018201542288e+02 1.739142592793753010e+02 1.462253657145220700e+02 9.154039170990436958e+01 7.849004134513982933e+01 7.073524395487847016e+01 4.940484211309186691e+01 3.939027338780673659e+01 2.514073996443524450e+01 1.681975343552612046e+01 1.111166471113825160e+01 5.491904962733138440e+00 3.919962284304125966e+00 3.596651919809533915e+00 1.980360092239151326e+00 1.577301043174324180e+00 1.335915272046193758e+00 9.015608922684917870e-01 6.355610151887071124e-01 4.733209700100615702e-01
6.855117244333395377e+01 2.215552390588200637e+02 5.701582859387660562e+01 2.300126979332325732e+02 1.317971559364825396e+02 1.783265712637227409e+02 1.443310488793306092e+02 9.107508283407483418e+01 7.807663871675823941e+01 7.103907116143361122e+01 4.966557263411657885e+01 3.954739952234304923e+01 2.496819598533531703e+01 1.618172198533160255e+01 1.099213078947474820e+01 5.567005117915635459e+00 3.986493918929980396e+00 3.415326117776734005e+00 1.912650637508024998e+00 1.561199476720175339e+00 1.289687845785537190e+00 9.084790839401003515e-01 6.661112524529543277e-01 4.928080385484852055e-01
7.092679588111296596e+01 1.993823166546922039e+02 6.228194345486309658e+01 2.411466368501570798e+02 1.313315839304479198e+02 1.724682100462835024e+02 1.443158215720858379e+02 8.719416312319734175e+01 7.745681908097432711e+01 7.091701239668739731e+01 4.891387250514192431e+01 4.081561820224283110e+01 2.528908148873983919e+01 1.673305331142723418e+01 1.109893415765190383e+01 5.534589145168615332e+00 3.887621192945703186e+00 3.477274318495404692e+00 1.965409239136718833e+00 1.600270553670922524e+00 1.341018305616120232e+00 8.847292082776631039e-01 6.254998609405461041e-01 4.899653809308410768e-01
5.967292472559131511e+01 2.057469803045804895e+02 6.058713490150962144e+01 2.391685417444379311e+02 1.250832376478914227e+02 1.795570557916257997e+02 1.442269075846485009e+02 8.943449047184799383e+01 7.978673809705695419e+01 7.075064565070486822e+01 4.785365035851533122e+01 3.932529582421302905e+01 2.519637291275738988e+01 1.633915021053598693e+01 1.093976015504395605e+01 5.571024464078973004e+00 4.027707971708895940e+00 3.531240815170422209e+00 2.034898322747108690e+00 1.612017019801888384e+00 1.391260819215692557e+00 9.159640443919156994e-01 6.664445846405303575e-01 5.109892898825981744e-01
6.888317555065577835e+01 2.129099585113720821e+02 5.289703158622435097e+01 2.337244341801191752e+02 1.332900778255938121e+02 1.758897998522050443e+02 1.450336112528452475e+02 9.018617357710751037e+01 7.737791449962988111e+01 7.048582167537905718e+01 4.828741869513186913e+01 3.987986946211988482e+01 2.523710393481974634e+01 1.685367733628973141e+01 1.091968464481423773e+01 5.474041259581302832e+00 4.001011560806037259e+00 3.581808089310039911e+00 2.032020856425673205e+00 1.578313326393031790e+00 1.298116348711328527e+00 8.966265665512318517e-01 6.345979372195185153e-01 4.851159564314995176e-01
5.666409169523439715e+01 2.051000274267280474e+02 5.449320650261947208e+01 2.295788037353684103e+02 1.234798026528145272e+02 1.774983232621927129e+02 1.467168199569102285e+02 8.666813574947768473e+01 7.742797735463707909e+01 7.114114340765814859e+01 4.864205174551783983e+01 4.078809204174820735e+01 2.524048367754359035e+01 1.684754304122128943e+01 1.087552145019436445e+01 5.827005020781052202e+00 3.908657716454191799e+00 3.541911104214765516e+00 2.049810375676787366e+00 1.569837698817464267e+00 1.315014584510902695e+00 9.150888119556865874e-01 6.881381566798688842e-01 5.262817805337254295e-01
8.721436190941211919e+01 2.225478416874320544e+02 5.194739971298842107e+01 2.316449191793903140e+02 1.275213560268203992e+02 1.709020918518811811e+02 1.449572511126222025e+02 8.343530492571045443e+01 7.804543844554689258e+01 7.151520357846744957e+01 4.916070219881071779e+01 4.006516123106067795e+01 2.498445367079925106e+01 1.641613484328745542e+01 1.105937496715576351e+01 5.410812644322297693e+00 3.921693593765103625e+00 3.493718108194588723e+00 2.010105751378423289e+00 1.613522762237919572e+00 1.360654941043637933e+00 8.868399398883756168e-01 6.361672072497214225e-01 4.777473415413835411e-01
6.930818961456974137e+01 2.212670985114824589e+02 6.316348444185987887e+01 2.417665808423937222e+02 1.264192542049757577e+02 1.799902412130347216e+02 1.419824451168402106e+02 8.764853237544083697e+01 7.989280950022693162e+01 7.122861030343948130e+01 4.876969542059494955e+01 4.014939727805872138e+01 2.482346699025369929e+01 1.662743666768879436e+01 1.078949036721523491e+01 5.376506571162527948e+00 3.912019217130852322e+00 3.391006978050114196e+00 2.002311597397395282e+00 1.681203742194687045e+00 1.369241388172693252e+00 8.689794266104804432e-01 6.254964643175066064e-01 5.209179367075288392e-01
8.676990520987685329e+01 2.162531973383895831e+02 6.386671582122669832e+01 2.291518461668640896e+02 1.314016616677344871e+02 1.805870246073733369e+02 1.442859799187739895e+02 8.534680713560163667e+01 7.984292753951051225e+01 7.086650706555778356e+01 4.755643829481099516e+01 4.004574168567138059e+01 2.439307328804838448e+01 1.618227632321244513e+01 1.091937108336176543e+01 5.430094821131543625e+00 3.819061865357193497e+00 3.432874902206397572e+00 1.898903702547836803e+00 1.524890488777436381e+00 1.299450227429336913e+00 8.832755910607306138e-01 6.339431318691478578e-01 4.643042028616843897e-01
6.156086611533061870e+01 2.006269571713806101e+02 6.092569240514716000e+01 2.422513819828143937e+02 1.279572228765324695e+02 1.813437246199779054e+02 1.465703827382854740e+02 8.716169384432139111e+01 7.891519651947353964e+01 7.119906936815216625e+01 4.875074192606003010e+01 4.037353318617998355e+01 2.459782612669224022e+01 1.737407436185715781e+01 1.077211259696752954e+01 5.278325215935586456e+00 3.822500862816936795e+00 3.459181123337548236e+00 1.992016028097002733e+00 1.573300942998989926e+00 1.325205768756012370e+00 9.056993633264368571e-01 6.390029265411680814e-01 4.763076721332598074e-01
7.039148685222342294e+01 1.897816188416998671e+02 5.259324911526708490e+01 2.503054451404890415e+02 1.320222921444133704e+02 1.846932781588887451e+02 1.475119622977162805e+02 8.955664457337955753e+01 7.762853032529341135e+01 7.098687016535124883e+01 4.879160522397699395e+01 3.968429457249458636e+01 2.523905836172554373e+01 1.690547529593513687e+01 1.096012052010489768e+01 5.670847830707877790e+00 3.878550336668251663e+00 3.506583486778428238e+00 2.072222428271353056e+00 1.595630354932334738e+00 1.366455219359502538e+00 9.264918610036110280e-01 6.304854171672207297e-01 5.052391031842248248e-01
6.950469743546625523e+01 1.915353030708733684e+02 5.392003856368283010e+01 2.459840665712611383e+02 1.260728499230735906e+02 1.798950797966850246e+02 1.484214170396139991e+02 8.726681964835110250e+01 7.906077617562318949e+01 6.963312143017734002e+01 4.867612565537926628e+01 4.114153279503483418e+01 2.499048712029338049e+01 1.671319228604355800e+01 1.098854916249885960e+01 5.494280172198790169e+00 3.796434813874868919e+00 3.499683986814924541e+00 2.012936908097837652e+00 1.597179443460898129e+00 1.353948097956406471e+00 9.575879083991144514e-01 6.713020335237325220e-01 5.099705310463488184e-01
7.873501252882508084e+01 2.068586674599751234e+02 7.829183461578013237e+01 2.390197830325615485e+02 1.221411633289400669e+02 1.837349823535944608e+02 1.465056364175326848e+02 8.749410040681686951e+01 8.047150250117528003e+01 7.163082307891627920e+01 4.829309195165987489e+01 3.974335700076263578e+01 2.450623637214586026e+01 1.668157916161089460e+01 1.099948134872546035e+01 5.448556386436584908e+00 3.876826194510212709e+00 3.522898872583751562e+00 2.037408027988423243e+00 1.586824184010502181e+00 1.348506437002851444e+00 9.080768949908946119e-01 6.517209844127698215e-01 5.001564391173782820e-01
6.257277913135384040e+01 2.149691630043861323e+02 5.390560816468370575e+01 2.346792444148474601e+02 1.283516073219169016e+02 1.804674584704401639e+02 1.446386074239559321e+02 8.979192931257303201e+01 7.792954685343741517e+01 7.031434952308650566e+01 4.922023620185623827e+01 4.027052201361768624e+01 2.506513280300465851e+01 1.654857685429939096e+01 1.108122887666263523e+01 5.255911780036510272e+00 3.850103023877817332e+00 3.584598595913362828e+00 1.992275607691435413e+00 1.593537116386682495e+00 1.357789101905100937e+00 9.096420258532089687e-01 6.161287072525779562e-01 4.786620097353119219e-01
5.560060499283051172e+01 2.123159716202620757e+02 4.639940490477957269e+01 2.361224536612716918e+02 1.283671917759604355e+02 1.766335066614288394e+02 1.457000266566290918e+02 8.730158284301795391e+01 7.790691051190964345e+01 7.120869440749616786e+01 4.852490449597257793e+01 3.998519355187832502e+01 2.504304346636885725e+01 1.648573602544952266e+01 1.089163220495523454e+01 5.561182851071958311e+00 3.928704472177422691e+00 3.429106315687717732e+00 1.952715185106400408e+00 1.577594259000725252e+00 1.320819422469862614e+00 9.091844715533043964e-01 6.267156011191885590e-01 4.860812981446235859e-01
6.683401890200465800e+01 2.041809353809770755e+02 5.465301859185705524e+01 2.404613120319214090e+02 1.325502947156601863e+02 1.714544524552730707e+02 1.464564875898045102e+02 8.717429447051620173e+01 7.791029583272127468e+01 7.032523425276163209e+01 4.908331110367258532e+01 4.027809081840104710e+01 2.503904880728656579e+01 1.675741182596602030e+01 1.081381436396338458e+01 5.500124536062297231e+00 3.874671925681993478e+00 3.452212838438835529e+00 2.006699676685177458e+00 1.594713339709205036e+00 1.356456773284742567e+00 9.045502487705701089e-01 6.496693044852909216e-01 5.121307568924322595e-01
6.191441397103401556e+01 1.924402335525577712e+02 5.817291214543098476e+01 2.341611146077360956e+02 1.238446127817969398e+02 1.738612988417006875e+02 1.449615711773313365e+02 9.253548675045581717e+01 7.612915956358311576e+01 6.938855618744730691e+01 4.875286771854547396e+01 3.968987610448518666e+01 2.492710212969108241e+01 1.672417177236158636e+01 1.125490644220103498e+01 5.346224300136262819e+00 3.681727522772291650e+00 3.620431002015597866e+00 1.927385821308823299e+00 1.570209132684779796e+00 1.302361883147370225e+00 8.460980891500755607e-01 6.365564003898083190e-01 4.386473595247424306e-01
7.818135843683667474e+01 2.086642198057047608e+02 4.528254422052881978e+01 2.278703515091945917e+02 1.316074799935797159e+02 1.803012087275178885e+02 1.462966762134652754e+02 8.933135119630649967e+01 7.845657779937640441e+01 7.156758272764858475e+01 4.844878293599197860e+01 3.958385751151487142e+01 2.443908309916772836e+01 1.661193931104435606e+01 1.085927543765719250e+01 5.430460857441805622e+00 3.969753004272271291e+00 3.467848523776817071e+00 2.069374527426552479e+00 1.601906122117041198e+00 1.296520794576963009e+00 9.201635819294349261e-01 6.569584901011296107e-01 4.808711098310531895e-01
9.017705335116170318e+01 2.050497021232497161e+02 6.158507922972733439e+01 2.228116002781642351e+02 1.273047763638361545e+02 1.823285665339565753e+02 1.463937333706332993e+02 8.709444289706821962e+01 7.797405870080763179e+01 7.098193046737164025e+01 4.831376141049465645e+01 4.060856716287884183e+01 2.511735572809647365e+01 1.671449649783336966e+01 1.119524479485892066e+01 5.447152553139753550e+00 3.977769040035100012e+00 3.453098119156909895e+00 1.961086772448240811e+00 1.607041834204196107e+00 1.357124492949834949e+00 8.894688630880153157e-01 6.597831419543870313e-01 4.830591508091183206e-01
9.600256379988420008e+01 2.102885613401268188e+02 6.661009754463142940e+01 2.367203797278372122e+02 1.302347787424996568e+02 1.826765474223123817e+02 1.451515358261931681e+02 8.949750056218155692e+01 7.866837010530113616e+01 7.116936199423886933e+01 4.837336159727065166e+01 4.024836985650581767e+01 2.506466273058650174e+01 1.643420281396817728e+01 1.084557153799336859e+01 5.542197377479691767e+00 3.960084003024249455e+00 3.542439032519492326e+00 2.012343069278845764e+00 1.593255354283445557e+00 1.328863357938573575e+00 9.074466569223179624e-01 6.586469099140301875e-01 5.091948114460186359e-01
6.702820335519210460e+01 2.134427627895281887e+02 6.516470080671179232e+01 2.333777365171077065e+02 1.278260416664489298e+02 1.730228368410019471e+02 1.473197185148664232e+02 8.788876937824151980e+01 7.866197772992406101e+01 7.145773264456570928e+01 4.853197929044007708e+01 4.012366116562706964e+01 2.503463076802409759e+01 1.648547411459594514e+01 1.079365622576193040e+01 5.306354078002679664e+00 4.034187019477552205e+00 3.559877290669740457e+00 1.984477648924455995e+00 1.551755112806779247e+00 1.338142162892610454e+00 9.230833671524028006e-01 6.157600542798170595e-01 4.941300864350097743e-01
5.817348074367775013e+01 2.063497742751468707e+02 5.294676546896964453e+01 2.349349529415766824e+02 1.216983017308475183e+02 1.803829802978487180e+02 1.457737006595581306e+02 8.652347307022030520e+01 8.035733012391953878e+01 7.175823405904522190e+01 4.891328404775561012e+01 3.986101061239585874e+01 2.456319105970824523e+01 1.634815214394136262e+01 1.069606667916973564e+01 5.696482658543681410e+00 3.984222333681970429e+00 3.433877508878536489e+00 2.011253870742292005e+00 1.617066677699025679e+00 1.326071314987148364e+00 8.850998733611095126e-01 6.211480738886684394e-01 4.957844728688467484e-01
8.239013028670129302e+01 2.205159977344606261e+02 5.623285187573930699e+01 2.297072845780219836e+02 1.290133994472429890e+02 1.767349195392038439e+02 1.465169514665753070e+02 8.889822681361813750e+01 7.708388832466917506e+01 7.114784406873167200e+01 4.837962683606588854e+01 3.980902199005674902e+01 2.503480149991698056e+01 1.666938491961213131e+01 1.090842265642520204e+01 5.436732802122327790e+00 3.924858995867483547e+00 3.579548309116572291e+00 2.010339300255885586e+00 1.599613852999043129e+00 1.343620206728087574e+00 8.923510501807383477e-01 6.400390625768173081e-01 4.768961000421446661e-01
6.204855618908720771e+01 2.015277054236991319e+02 6.183830119690100702e+01 2.424207571753042885e+02 1.305040228665611153e+02 1.751164668233477073e+02 1.495566942144381812e+02 8.700512201584788841e+01 7.910073714082717800e+01 6.932909979688442093e+01 4.836159368144890891e+01 3.999312488584627800e+01 2.473579142726588032e+01 1.696297730368547008e+01 1.082536620735371535e+01 5.606556465956309410e+00 3.711099717804345222e+00 3.515974864520801546e+00 2.003881992444341176e+00 1.578345325673156330e+00 1.345803473407519935e+00 8.973347024034256103e-01 6.320291058909937032e-01 4.988996438336570916e-01
6.394970501527401296e+01 2.004372126446529592e+02 5.514066958090501203e+01 2.387432132444363049e+02 1.262256909274206294e+02 1.775273810228549678e+02 1.458635690588052114e+02 8.763285188839762441e+01 7.738816347984274557e+01 7.078910168831862393e+01 4.841309678843802544e+01 3.994672070525633956e+01 2.521323944928952798e+01 1.641644373185708972e+01 1.110788361755827935e+01 5.426040607309754016e+00 4.048559365385267839e+00 3.600715446574846546e+00 2.055114754080868078e+00 1.595644417487342093e+00 1.343695635962916413e+00 9.124442952250743089e-01 6.430567419345324387e-01 4.992229578363746589e-01
7.228668143256331291e+01 2.079314699617922031e+02 5.628673884563875873e+01 2.388449424542575628e+02 1.280725463647440563e+02 1.758902832498199018e+02 1.456192053959064765e+02 8.839871826641800112e+01 7.624554404474133662e+01 7.085393799077004928e+01 4.840714690152844923e+01 3.993230271710523027e+01 2.481595055503210645e+01 1.673205509929112722e+01 1.102850753458664634e+01 5.498893839089156188e+00 3.930474241488624454e+00 3.602809252932659412e+00 2.013771124297710990e+00 1.593266750230311946e+00 1.332988893526166674e+00 9.335730228965720690e-01 6.584490986853319683e-01 4.909627096335035246e-01
6.529533427820577174e+01 2.057557525539385779e+02 4.521403995733739833e+01 2.428122412792804425e+02 1.267784051604205189e+02 1.813440059209016226e+02 1.475722961317493400e+02 8.790404386945139947e+01 7.764748994720726216e+01 7.182377552030759205e+01 4.785176248211346461e+01 3.982834007775017682e+01 2.488362359903519661e+01 1.655528745354444808e+01 1.103142102538069125e+01 5.427243631526797785e+00 4.014102730803517538e+00 3.597065679378754766e+00 2.001636109706421252e+00 1.701885174646893928e+00 1.391326159018366537e+00 9.358961404555917740e-01 6.955368710016301970e-01 5.249671992577722435e-01
7.825153961145186088e+01 2.075778311866394858e+02 6.317894263690516254e+01 2.512474926968634463e+02 1.312936352898587984e+02 1.799166765254906579e+02 1.469819589185365771e+02 8.983676930864933752e+01 7.931762505998122492e+01 7.171799387558714045e+01 4.734263806241737882e+01 3.963591779078092969e+01 2.495766724909663026e+01 1.677301037774796200e+01 1.095085121851656496e+01 5.486130845219289398e+00 3.888326916888558582e+00 3.387343440625399715e+00 2.051616657116984044e+00 1.573755192576054895e+00 1.282085714407911636e+00 8.721433826457413163e-01 6.525334243532541212e-01 4.704520902330978638e-01
7.309069516945426415e+01 2.315947122789302171e+02 5.274112805450521080e+01 2.300017623074192556e+02 1.305957232150234972e+02 1.800065616184886039e+02 1.476636057961693780e+02 9.056422336385436722e+01 7.966762813678720079e+01 6.945018787088413603e+01 4.662190852592178203e+01 4.081802680455083987e+01 2.500846214800236211e+01 1.676419662976551805e+01 1.088156481827076938e+01 5.592236989474133502e+00 3.931274427183849340e+00 3.513327832529515415e+00 1.979528877315292590e+00 1.572046978721676425e+00 1.286174692510639428e+00 9.048206480997406098e-01 6.726493690833263983e-01 5.186142179561554766e-01
5.897904873385121505e+01 2.172648348452284210e+02 5.844322645019021678e+01 2.313063926306469398e+02 1.311795122397567468e+02 1.696763717485976883e+02 1.449816914375113015e+02 9.000741389882060162e+01 7.894743142464706409e+01 7.200592310114299721e+01 4.818409340231612958e+01 4.044351654540045615e+01 2.489092229570443493e+01 1.639098272648462640e+01 1.082138873464408846e+01 5.384742990079686820e+00 3.865997469291993838e+00 3.529676966990827225e+00 1.977343402089661639e+00 1.633781034439393043e+00 1.270469658217798337e+00 8.773856724854223188e-01 6.347668397337020707e-01 4.730424311588593556e-01
7.395229566704654189e+01 2.134018020471681893e+02 6.609434210028071277e+01 2.349519286702472414e+02 1.376596051859598617e+02 1.758674053057271749e+02 1.432179895081543748e+02 8.721439998315860009e+01 7.858663270829663361e+01 7.248686176415819205e+01 4.787317438398379466e+01 3.891735298069973226e+01 2.427896200618942402e+01 1.661311951627263639e+01 1.101392442231590962e+01 5.505455606824125603e+00 3.722335291180549621e+00 3.386201805407339727e+00 1.981651315095920296e+00 1.530521792450055374e+00 1.274228996798557167e+00 8.912424588171788953e-01 6.521334715628813727e-01 4.980395487971503443e-01
7.494088531788868579e+01 2.057541028559151925e+02 6.055501295520086558e+01 2.462980767303281198e+02 1.299623848454778852e+02 1.798696791487963935e+02 1.450363843001489386e+02 8.943806883689110521e+01 7.702289514365868683e+01 7.172961848030911369e+01 4.901453503240603737e+01 4.003091779415179730e+01 2.513539074241230153e+01 1.709829106533645060e+01 1.095200918015029146e+01 5.467565981806140840e+00 3.872740182077569315e+00 3.571596574877311969e+00 2.028874211988585419e+00 1.616664088231195784e+00 1.323425458114239950e+00 9.010225776202755998e-01 6.456636097142197661e-01 5.031730544818817652e-01
5.999182448508920373e+01 2.079190442978255930e+02 6.071922191397128898e+01 2.412914410198718542e+02 1.318308556799624398e+02 1.764531050479816088e+02 1.477079685179923274e+02 8.976986595358165744e+01 7.870267890224624807e+01 7.114414045706196532e+01 4.841910716452030528e+01 4.005741904879232607e+01 2.512250100575556289e+01 1.675646747782541013e+01 1.082864895521384163e+01 5.403839537467393761e+00 3.929513970518355048e+00 3.489866507419598474e+00 2.005594583826056709e+00 1.635237359589060135e+00 1.355181492900664919e+00 8.847895338378753971e-01 6.553945962636325007e-01 4.882905668966992518e-01
7.233515558077685625e+01 2.083431775703268158e+02 6.097526125668012043e+01 2.370906545758456900e+02 1.344000303671326435e+02 1.762173543581269257e+02 1.454644583109408131e+02 8.705860637098108157e+01 7.889451184976293519e+01 7.196603927534783907e+01 4.834299072655731067e+01 3.989190101769447949e+01 2.491544170266093516e+01 1.674839568928608102e+01 1.108038954005643184e+01 5.578153649256845981e+00 3.839057076920036060e+00 3.466338402805436480e+00 1.996654518825658364e+00 1.629555467317947981e+00 1.342025276290494729e+00 9.130354874517695452e-01 6.388505702951577936e-01 4.743729745579469137e-01
6.738222124371910127e+01 2.048851092684827222e+02 4.494978586420648270e+01 2.339296167712298029e+02 1.276968710476942874e+02 1.737240535459767159e+02 1.454899982725970915e+02 8.727267443554167414e+01 7.938397132041333748e+01 7.091301591735046372e+01 4.824498617930326105e+01 3.994486628295385344e+01 2.481299276452076086e+01 1.652212981351355481e+01 1.093301786751886873e+01 5.562714054905929295e+00 3.852231566625534676e+00 3.552769726012799723e+00 1.942859952255031608e+00 1.643366225132866676e+00 1.342949876124782005e+00 9.108748081925595041e-01 6.516207087600546233e-01 5.258035503869615823e-01
8.458833069143784655e+01 2.056406257226508103e+02 4.188201405181084880e+01 2.450456784805356563e+02 1.288514003313037790e+02 1.788445570910960782e+02 1.454797241145502653e+02 8.954460742158873643e+01 7.693008855493891929e+01 7.138555454650527565e+01 4.819982736127592204e+01 4.013724654489956123e+01 2.492486097404988854e+01 1.669507015431413421e+01 1.082503117352803379e+01 5.160332929495064391e+00 3.841384933765806142e+00 3.364383175615622612e+00 1.947538991428370059e+00 1.465157191678340576e+00 1.243750586614953857e+00 8.572356575306372406e-01 6.006986729399961256e-01 4.498578290173066430e-01
7.945763370921967805e+01 2.047656430934946741e+02 6.713028492594310137e+01 2.285703320868493620e+02 1.327592319208670517e+02 1.734318174590772514e+02 1.427376807591321040e+02 9.126848570435637953e+01 7.889262297997728979e+01 7.160600691304198051e+01 4.769963654102031114e+01 4.026578464109432787e+01 2.472952114495530296e+01 1.665913700613840831e+01 1.101469748893026335e+01 5.441150756596211835e+00 3.977130446898696103e+00 3.432841025930618795e+00 1.951947436256393775e+00 1.548791457046186926e+00 1.289535434230273392e+00 8.877164500332445085e-01 6.579958325850617795e-01 4.999249092111925918e-01
6.861048060539003757e+01 2.090077031524467372e+02 6.532220635172154743e+01 2.415726987607401384e+02 1.285278578461007157e+02 1.746088500688387342e+02 1.478092107965372008e+02 8.754640765440576899e+01 7.813906302191756481e+01 7.127857708638346423e+01 4.814940862011465583e+01 4.033309411541979017e+01 2.496090435633862725e+01 1.677188602606307199e+01 1.103039294154666905e+01 5.422443958088591920e+00 3.925409010352395089e+00 3.522727879146624552e+00 2.015993964359468205e+00 1.616439852894037132e+00 1.327462257866294459e+00 9.172082602085536163e-01 6.535094193589153777e-01 5.136195889423621486e-01
7.159414441307005461e+01 2.005056490524726485e+02 5.584514328832921137e+01 2.382491315790959447e+02 1.217338800240995482e+02 1.781250615780877240e+02 1.431231576398517973e+02 9.040491148830111001e+01 7.991874895325908312e+01 7.129933637808665026e+01 4.853581720534069177e+01 3.955963807812332078e+01 2.473315354537999156e+01 1.649768637400928384e+01 1.092646137383057159e+01 5.510264922194437531e+00 3.838215229773479731e+00 3.467591835515951182e+00 1.983137495815241458e+00 1.593747092456642589e+00 1.302941906728372068e+00 9.093113884009297321e-01 6.789515224155263651e-01 4.944372796922155144e-01
4.331724801792692148e+01 2.004377784749894715e+02 6.023613092080157827e+01 2.287342314388272086e+02 1.259238711278412239e+02 1.785342843836288296e+02 1.444142401923367913e+02 9.192198280295346535e+01 7.797070847539430360e+01 7.169324270283526346e+01 4.840856535463736776e+01 3.998895267939209930e+01 2.424161633487072365e+01 1.698310181453165058e+01 1.097824566272884894e+01 5.593803636424649284e+00 3.934748385304493112e+00 3.555794032349930855e+00 1.963380889434124477e+00 1.601467899149747076e+00 1.338421668188632063e+00 9.285684473558930563e-01 6.748970765694810581e-01 5.087865935719624311e-01
7.363179022259127748e+01 2.139680275647974099e+02 4.795621630317010187e+01 2.408050309008989416e+02 1.271447236006237205e+02 1.758903740168265415e+02 1.465980815191890656e+02 8.871732989801149927e+01 7.800940274438396216e+01 7.146757509943842024e+01 4.958568816306713956e+01 4.088114617346025170e+01 2.518442590623118704e+01 1.688262385126236254e+01 1.102372918852331196e+01 5.591348188046251444e+00 3.821710238658692749e+00 3.527385227930024403e+00 2.023692015704676717e+00 1.614932813804518918e+00 1.315473529965852650e+00 8.710996646542471522e-01 6.200278742752850514e-01 4.591709884150101395e-01
5.727567525241764912e+01 2.029063863899314413e+02 5.562616860577607270e+01 2.410056898173243951e+02 1.285356188677718023e+02 1.759699649526504572e+02 1.467173813165742899e+02 8.922638878703688192e+01 7.873122170318411861e+01 7.002002238246998900e+01 4.845453642948655215e+01 3.909499004653530818e+01 2.515993549408360508e+01 1.670404206374846368e+01 1.094220856681739917e+01 5.623535023620374496e+00 3.956324135392673469e+00 3.413199990933955430e+00 1.993570860555280877e+00 1.602711705280983390e+00 1.277917073751211774e+00 9.025455525842707161e-01 6.421300216802378058e-01 4.954873426446475548e-01
5.761860027158408570e+01 2.052938719940789838e+02 5.581716370644690528e+01 2.475287989865685461e+02 1.317243264083512315e+02 1.795869838756931074e+02 1.464310367905399630e+02 8.903650537000783061e+01 7.801504023553901845e+01 7.146162550816707437e+01 4.869534235175473214e+01 4.061169935077408866e+01 2.528033344603148436e+01 1.673608053295313169e+01 1.088739150835815117e+01 5.563106040403709152e+00 3.815746035177483453e+00 3.553823222409988158e+00 1.990553801441349746e+00 1.600028768556332359e+00 1.354772274118647202e+00 9.232209090922018913e-01 6.782073485804294144e-01 5.155047868969988567e-01
8.727477326678477709e+01 2.130322456802149134e+02 5.111299352612430624e+01 2.324221536081902286e+02 1.345474095287700038e+02 1.806583585411701449e+02 1.474038290585179709e+02 8.931570304314239195e+01 7.826983324728405478e+01 7.034525365495228755e+01 4.803356612866069497e+01 4.003982112335565802e+01 2.480304539970116906e+01 1.668980790974904949e+01 1.093840938523011275e+01 5.422373308197177444e+00 3.898391465685715040e+00 3.505887837979000832e+00 1.975556948294081128e+00 1.598934284985588317e+00 1.328405455831527915e+00 9.098439341482891241e-01 6.418529920884403772e-01 4.704162233469362242e-01
7.071060675146529206e+01 2.077568569942713168e+02 5.493358676809833696e+01 2.385264936846716637e+02 1.311114521915042417e+02 1.771298845750036151e+02 1.475521638415668519e+02 9.030464763848794973e+01 7.955763654095979120e+01 7.201680041689030531e+01 4.883335513820386353e+01 4.058573565730820576e+01 2.517585576149780024e+01 1.685914379819918452e+01 1.105996187991843627e+01 5.547576283049664880e+00 3.934349842726210689e+00 3.551451747278838944e+00 2.015976758053701356e+00 1.603119881383277878e+00 1.331121812359348899e+00 8.924863067708231901e-01 6.438250148819362195e-01 4.796781103377806277e-01
7.043023553263265057e+01 2.054627421355828858e+02 5.530124737679108904e+01 2.395258858010352299e+02 1.318462299478364343e+02 1.775280937863764450e+02 1.477145135238829141e+02 8.964787451187380896e+01 8.066040815213028736e+01 7.198874489593053738e+01 4.932752390544411725e+01 4.048098033236612991e+01 2.523741435805960265e+01 1.673013702300018934e+01 1.109645142519512717e+01 5.646510337920944700e+00 3.959037037847971785e+00 3.562080492892977457e+00 1.975472813290919172e+00 1.582278743357869777e+00 1.321593431953660414e+00 8.819355043999996813e-01 6.323411241477171485e-01 4.656360342781389328e-01
6.408423148304126471e+01 2.003056640966856605e+02 5.670993426052933728e+01 2.467173087706404715e+02 1.302780516518245406e+02 1.744526671223042626e+02 1.480244969615683885e+02 8.523838955351527602e+01 7.719558298102053584e+01 7.154535287617882489e+01 4.794149186414985309e+01 3.956127840881949709e+01 2.480182128757110505e+01 1.665232490900013218e+01 1.105955503768242032e+01 5.411278571270528026e+00 3.930798015485656549e+00 3.513942772772070899e+00 2.027844866205793295e+00 1.647001912939336732e+00 1.348376865050372020e+00 8.869695880358313689e-01 6.500058790553361332e-01 4.763886975618684683e-01
6.533297433198694648e+01 2.018389496781254877e+02 5.754478128241451174e+01 2.435147253784602128e+02 1.344570556047557375e+02 1.768800192388373205e+02 1.477212018614779083e+02 8.877863615418831955e+01 7.829186269347073335e+01 7.157984860783767544e+01 4.910154742644336068e+01 4.080715710086585091e+01 2.495797626422142912e+01 1.718015184464896450e+01 1.097292706647658989e+01 5.521262545042027625e+00 3.951320079850468403e+00 3.528834017308053461e+00 1.973987345902018298e+00 1.597705807853594617e+00 1.336132047972781622e+00 9.220515260333638219e-01 6.425223819457346330e-01 4.920598253428341007e-01
6.731903124518514403e+01 2.050527610494689270e+02 5.346222189931825142e+01 2.306461459881444682e+02 1.263580411660637850e+02 1.774609281500358975e+02 1.478142201849849187e+02 8.847225982731015392e+01 7.926538924471742575e+01 7.154852297161626495e+01 4.913093110199335456e+01 3.995570285932717525e+01 2.501491787310859038e+01 1.667955780714613923e+01 1.118953660008494211e+01 5.552879828761186687e+00 3.982750879514271425e+00 3.564700000524368750e+00 2.019021160998026421e+00 1.617730047978805485e+00 1.335386730211725714e+00 9.125602144950526462e-01 6.626375464445213304e-01 5.262172553997552793e-01
7.111150867848199653e+01 2.096638839297175139e+02 5.915356347220848932e+01 2.407250333876331467e+02 1.309020277461132764e+02 1.809488568301891291e+02 1.488641999793989044e+02 9.025621528451330278e+01 7.876169167156605511e+01 7.246592180113469794e+01 4.932479724258597287e+01 4.071564957304580901e+01 2.519118056928468619e+01 1.669113399523346430e+01 1.107636449888405750e+01 5.694657544941657434e+00 3.915797851627322856e+00 3.595015717467171079e+00 2.019917604541345835e+00 1.600090143403465781e+00 1.328319481223464660e+00 8.850365084209584898e-01 6.378785722863953289e-01 4.879506420938434230e-01
7.102084377917206837e+01 1.976742397088137295e+02 5.304400281011771767e+01 2.288708157073301095e+02 1.317399365119804315e+02 1.750734138440730874e+02 1.453938398357503843e+02 8.910937803019844239e+01 7.750181884304109303e+01 7.163910919195008375e+01 4.815894867988483696e+01 4.050133681168599509e+01 2.495261918889643837e+01 1.662717630540203118e+01 1.079109658590922471e+01 5.372345196511892240e+00 3.951527624144036466e+00 3.601805036250779413e+00 1.989201187715981645e+00 1.570745411256791346e+00 1.321889610844398932e+00 8.929928873293111469e-01 6.590979603095460382e-01 5.072600515011667088e-01
7.821939767045994074e+01 1.744305019585840171e+02 6.309279104878039135e+01 2.382213840042102220e+02 1.255840772069126530e+02 1.763983740632766342e+02 1.448640685568404365e+02 8.685388410940653614e+01 7.651826376329806578e+01 7.134662739548595312e+01 4.800561252863755612e+01 4.011758905550567533e+01 2.466399204574266690e+01 1.644942989309852877e+01 1.117087348028333693e+01 5.289173876314547051e+00 4.010564211023003089e+00 3.452181239135311497e+00 2.019012369169309373e+00 1.610078029817788137e+00 1.307206840084909283e+00 8.826830955434596948e-01 6.206530569555631649e-01 4.695777314765806065e-01
6.957842882657919859e+01 2.018756283994036664e+02 5.859631789066991558e+01 2.304785298155107114e+02 1.340087231854934373e+02 1.742117782720351897e+02 1.436170082172812954e+02 9.000550883565027505e+01 7.902678380001101743e+01 7.108832152019893158e+01 4.847318914282679714e+01 4.061500367265494305e+01 2.462011064371965929e+01 1.663007269173950675e+01 1.099313947942675540e+01 5.469518628524471460e+00 3.952008967688853680e+00 3.532442952421015470e+00 1.991304228104538110e+00 1.634223302865286387e+00 1.312205185267691698e+00 8.773246696160599267e-01 6.319597505570322404e-01 4.655161292801819339e-01
7.000229950000840518e+01 2.078630401441373010e+02 4.468127677264403275e+01 2.290180436005433080e+02 1.225596299664357218e+02 1.809429627996576073e+02 1.440711483793229775e+02 8.776780807094654335e+01 7.959969416411776422e+01 7.149556551647553704e+01 4.812634175827135863e+01 3.960607037029862454e+01 2.491080748549996216e+01 1.636399209615589001e+01 1.082599382563538981e+01 5.410020376150027843e+00 3.872397220023751974e+00 3.473421927599732673e+00 1.943824321104197672e+00 1.544564439687140078e+00 1.315416162399058786e+00 8.866370861472138154e-01 6.466447454484044455e-01 5.006865779193703236e-01
7.261475501015516443e+01 2.051203494795080928e+02 5.812303690275530244e+01 2.399171441146785355e+02 1.324371507176792591e+02 1.813610728986991774e+02 1.455367580031094406e+02 8.939643297286872325e+01 7.885808094754690956e+01 7.152977048574975072e+01 4.893960820140480905e+01 4.017059060738436216e+01 2.502322674374909894e+01 1.669008852539785437e+01 1.102107726951787292e+01 5.533824279517283173e+00 3.983223847903707870e+00 3.509944282435239149e+00 2.001875974548191994e+00 1.599319204558776297e+00 1.352247435021825872e+00 8.896928039507244756e-01 6.425009178247398367e-01 4.865461419715251257e-01
6.984858857190879178e+01 2.012147247994039674e+02 6.783477979649607903e+01 2.279278598385701002e+02 1.227722674105245346e+02 1.714244430270319697e+02 1.474990596436348369e+02 8.306829441271977998e+01 7.655066031859801967e+01 7.132030102179550113e+01 4.711916575673051000e+01 4.016461732746394375e+01 2.437655707851709508e+01 1.643927733719755580e+01 1.059618825709309675e+01 5.425170825122059171e+00 3.795562791650746171e+00 3.508984279957779062e+00 2.006454110997519358e+00 1.596369945435972104e+00 1.350935005447829740e+00 9.377205783412523310e-01 6.518565921762039528e-01 5.034805150122136919e-01
5.502131950649597769e+01 1.655465509246537295e+02 6.772952540333771765e+01 2.313100610444345477e+02 1.174423268262674043e+02 1.773776793089655257e+02 1.438891572460287875e+02 9.110296907242893383e+01 7.923700702923314054e+01 6.892841133406621168e+01 4.673775487518032179e+01 3.926326603091499123e+01 2.467554506096077560e+01 1.685235384861444885e+01 1.055942560090773696e+01 5.110642590462839863e+00 3.845119479432331122e+00 3.466812467853676250e+00 2.027363598663185495e+00 1.552311941906469483e+00 1.350682655316857161e+00 9.056570575988642791e-01 6.250499819444603755e-01 4.897025206791120189e-01
6.803575986086565308e+01 2.130844207209754586e+02 5.626566671341954873e+01 2.339106053120533488e+02 1.271211050504933837e+02 1.743562849425065622e+02 1.487470633751662206e+02 8.675881422396820142e+01 7.857800996184863607e+01 7.145979578139181854e+01 4.890151232340372900e+01 4.010810500768509002e+01 2.466899793850794964e+01 1.682717003753808527e+01 1.091206790138567939e+01 5.543110979916981762e+00 3.882998084787402160e+00 3.549939526765910180e+00 1.982051102850572954e+00 1.590756643597971420e+00 1.338515706929671811e+00 9.024968144872415055e-01 6.461461428993301448e-01 4.902023828583169651e-01
6.098030959870034451e+01 1.990302238177425806e+02 6.859115592564108965e+01 2.277858093720536772e+02 1.313313776346790576e+02 1.782586971747244888e+02 1.463735270939080806e+02 9.028636219462191548e+01 7.735260164670893346e+01 7.051090050972946699e+01 4.857222164095016836e+01 3.975263675463867941e+01 2.469447675629518102e+01 1.661653906362725053e+01 1.085500842651666353e+01 5.515008556392421823e+00 3.839633195330684146e+00 3.576608813923722874e+00 1.976521197918918560e+00 1.585398386145888017e+00 1.307605604212730199e+00 9.035315727808379549e-01 6.264551948904345524e-01 4.753123031503111440e-01
7.109414244988806786e+01 1.961784561285832069e+02 5.387270289518744448e+01 2.410330938472121431e+02 1.274820151019558807e+02 1.798305377640978691e+02 1.471220700853508276e+02 8.970897978606278400e+01 7.800266536807166062e+01 7.126593841689599174e+01 4.817226297332814511e+01 4.028889671708609654e+01 2.476676256806852194e+01 1.680730881738535132e+01 1.091754915645831403e+01 5.483403621219965274e+00 3.834464612392387561e+00 3.486814861401921206e+00 1.976234945990021030e+00 1.591397010295220626e+00 1.313221514911152799e+00 8.949751776561175598e-01 6.562483373288474642e-01 4.956326741485197473e-01
