1.311958874464035141e+00 1.812331566810607919e+00 2.014452856779098688e+00 2.051726758480072021e+00 1.863760180473327699e+00 1.707932695150375269e+00 1.605307859182357744e+00 1.452201870679855400e+00 1.379890885353088459e+00 1.289282214641571001e+00 1.203721079826354901e+00 1.129364717006683394e+00 1.088161661624908350e+00 1.070268218517303360e+00 1.059588913917541397e+00 1.049885631799697849e+00 1.047341873645782462e+00 1.046272960901260429e+00 1.043303161859512329e+00 1.039661096334457469e+00 1.037043077945709157e+00 1.032362840175628627e+00 1.027750139236450089e+00 1.024017851352691633e+00
1.280867087841033980e+00 1.816954454183578482e+00 2.017071501016616697e+00 2.052891660928726214e+00 1.865948357582092321e+00 1.713883429765701294e+00 1.608393000364303660e+00 1.453716779947280990e+00 1.382522196769714329e+00 1.290218626260757340e+00 1.205638848543167052e+00 1.131895591020584124e+00 1.090313291549682706e+00 1.072942233085632413e+00 1.061855634450912467e+00 1.051539715528488239e+00 1.048965100049972454e+00 1.047638257741928092e+00 1.044871865510940578e+00 1.040961117744445774e+00 1.038219009637832535e+00 1.033424032926559377e+00 1.028739876747131410e+00 1.024955110549926829e+00
1.300234080553054783e+00 1.824803081750869804e+00 2.024228647947311277e+00 2.040531244277953959e+00 1.865439834594726509e+00 1.707262283563613980e+00 1.604375354051589930e+00 1.450427995920181345e+00 1.379405618906021092e+00 1.290154501199722192e+00 1.204235954284667898e+00 1.130505806207656949e+00 1.088376175165176374e+00 1.071558043956756689e+00 1.060327537059783998e+00 1.050539128780364928e+00 1.048049923181533893e+00 1.046310696601867596e+00 1.043516776561737025e+00 1.039864767789840716e+00 1.037291734218597439e+00 1.032795102596282932e+00 1.028254572153091351e+00 1.024776847362518284e+00
1.316596238613128689e+00 1.811877323389053274e+00 2.021554285287856967e+00 2.044838055372238284e+00 1.861265904903411927e+00 1.708080127239227197e+00 1.609064674377441495e+00 1.452990374565124476e+00 1.379506614208221515e+00 1.292050572633743233e+00 1.206197601556777910e+00 1.131473867893219021e+00 1.090579317808151316e+00 1.073673778772354037e+00 1.061981432437896666e+00 1.052033832073211661e+00 1.049432133436202896e+00 1.048118319511413654e+00 1.045341805219650366e+00 1.041796973943710292e+00 1.039111317396163914e+00 1.034497603178024194e+00 1.029844603538513148e+00 1.026484390497207633e+00
1.309598418474197334e+00 1.815335426330566326e+00 2.025641747713089025e+00 2.038798369169235070e+00 1.865756952762603671e+00 1.708919271230697534e+00 1.604110107421875098e+00 1.450621404647827184e+00 1.381680065393447787e+00 1.292222967147827140e+00 1.205674864053726258e+00 1.131384172439575231e+00 1.090175211429595947e+00 1.073412553071975806e+00 1.061994717121124365e+00 1.052176619768142807e+00 1.049780575037002617e+00 1.048277269601821882e+00 1.045569311380386335e+00 1.041639149188995361e+00 1.038959865570068253e+00 1.034445186853408805e+00 1.029604176282882699e+00 1.025898083448409936e+00
1.322559401988983252e+00 1.809065749645233145e+00 2.012506561279296946e+00 2.048280481100082540e+00 1.868962159156799308e+00 1.710588911771774301e+00 1.604356479644775346e+00 1.452680470943450874e+00 1.381485697031021198e+00 1.288997658491134679e+00 1.204923672676086355e+00 1.129866514205932537e+00 1.088373140096664526e+00 1.071412848234176707e+00 1.059961577653884879e+00 1.050611697435378966e+00 1.047749460935592625e+00 1.045816626548767170e+00 1.042995629310607963e+00 1.039299122095107997e+00 1.036783316135406530e+00 1.032297477722168066e+00 1.027705370187759426e+00 1.024317541122436559e+00
1.290698382854461590e+00 1.819678506851196254e+00 2.016486631631851267e+00 2.040145472288131590e+00 1.863103628158569336e+00 1.706628239154815763e+00 1.599497447013854989e+00 1.446712088584899858e+00 1.376810048818588150e+00 1.287420094013214111e+00 1.202623608112335152e+00 1.129431476593017569e+00 1.087695108652114939e+00 1.070869959592819276e+00 1.059849492311477626e+00 1.049310935735702444e+00 1.046603298187255948e+00 1.045179040431976292e+00 1.042388017177581894e+00 1.038437306880950928e+00 1.035796731710433960e+00 1.031447358131408754e+00 1.026998223066329929e+00 1.023506146669387773e+00
1.319123589992523105e+00 1.823689382076263410e+00 2.032030936479568339e+00 2.048069819211959963e+00 1.869760173559188887e+00 1.712784266471862882e+00 1.609932218790054215e+00 1.453207684755325246e+00 1.380510573387145890e+00 1.289651651382446307e+00 1.204572013616561854e+00 1.131423678398132404e+00 1.089550195932388332e+00 1.072792049646377643e+00 1.061882168054580688e+00 1.051268433332443131e+00 1.048351547718048060e+00 1.046739469766616804e+00 1.043900283575057930e+00 1.039979072809219307e+00 1.037272634506225533e+00 1.032719743251800493e+00 1.028129730224609295e+00 1.024545991420745761e+00
1.294734284877777197e+00 1.799200764894485438e+00 2.027866218090057515e+00 2.048745914697647219e+00 1.863249176740646273e+00 1.703400124311447161e+00 1.602193410396576034e+00 1.448661800622940143e+00 1.376726852655410838e+00 1.287051826715469360e+00 1.201245471239089868e+00 1.127834242582321123e+00 1.086016479730605999e+00 1.068827580213546735e+00 1.058204405307769713e+00 1.048666491508483789e+00 1.046113699674606323e+00 1.044707529544830260e+00 1.041722288131713858e+00 1.037425061464309684e+00 1.034742646217346129e+00 1.030459930896759024e+00 1.025575071573257446e+00 1.021962627172469995e+00
1.314759486913680941e+00 1.836286114454269480e+00 2.014813420772552544e+00 2.051041992902755684e+00 1.872497212886810258e+00 1.712127319574356044e+00 1.602860338687896791e+00 1.446224253177642805e+00 1.380184354782104439e+00 1.288290657997131383e+00 1.202097430229186914e+00 1.128666445016860864e+00 1.086616461277007950e+00 1.070223001241684013e+00 1.058438297510147175e+00 1.048806877136230442e+00 1.046100869178771875e+00 1.044454042911529434e+00 1.041767393350601090e+00 1.037814171314239475e+00 1.034908473491668701e+00 1.030448056459426942e+00 1.025889047384262120e+00 1.022233353853225779e+00
1.301705914735794112e+00 1.840287842750549352e+00 2.026124552488326902e+00 2.051485666036605870e+00 1.867028697729110620e+00 1.711807110309600866e+00 1.608111405372619540e+00 1.451848380565643248e+00 1.382913417816162172e+00 1.291869566440582373e+00 1.206536146402358955e+00 1.133416705131530700e+00 1.090476987361908012e+00 1.074322562217712385e+00 1.062701164484024074e+00 1.052813519239425677e+00 1.050409134626388630e+00 1.048867292404174867e+00 1.046229704618453882e+00 1.042633000612258831e+00 1.039975020885467449e+00 1.035454031229019245e+00 1.030872412919998204e+00 1.027295405864715683e+00
1.311057438850402823e+00 1.825299848318099993e+00 2.032539974451065046e+00 2.035675826072692818e+00 1.867066258192062289e+00 1.709916872978210378e+00 1.607103939056396591e+00 1.454457141160965028e+00 1.379821600914001412e+00 1.292442286014556796e+00 1.207542930841445816e+00 1.133285353183746347e+00 1.090115696191787720e+00 1.073653131723403931e+00 1.062333923578262285e+00 1.051981489658355695e+00 1.049326008558273404e+00 1.047966817617416391e+00 1.045096473693847727e+00 1.040994554758071899e+00 1.038533862829208454e+00 1.034129971265792758e+00 1.029452542066574106e+00 1.025670909881591708e+00
1.315671857595443806e+00 1.782248252630233676e+00 2.028246160745620585e+00 2.046773625612258840e+00 1.869072849750518905e+00 1.708910927772522070e+00 1.607434520721435556e+00 1.451014199256897008e+00 1.381150255203247079e+00 1.290764659643173218e+00 1.204231711626052803e+00 1.130765519142150843e+00 1.088624371290206838e+00 1.072140548229217449e+00 1.060855506658554104e+00 1.050625982284545845e+00 1.048002198934555151e+00 1.046399006843566903e+00 1.043344274759292700e+00 1.039560840129852393e+00 1.036942754983901871e+00 1.032473576068878129e+00 1.027935423851013219e+00 1.024383732080459630e+00
1.266831163167953411e+00 1.803327940702438292e+00 2.019636420011520439e+00 2.041746177673339879e+00 1.859263076782226465e+00 1.703100191354751658e+00 1.594010232686996487e+00 1.450462222099304199e+00 1.378500986099243208e+00 1.287119489908218339e+00 1.202508401870727495e+00 1.127758495807647643e+00 1.086290717124938965e+00 1.069824348688125593e+00 1.058598444461822607e+00 1.049433805942535436e+00 1.046559659242630058e+00 1.044964598417282176e+00 1.042107592821121198e+00 1.038317581415176383e+00 1.036021534204482952e+00 1.031498057842254568e+00 1.026837366819381758e+00 1.023460762500763011e+00
1.304044008255004883e+00 1.813273842334747421e+00 2.024824943542480327e+00 2.038130356073379446e+00 1.866148539781570470e+00 1.709411929845809919e+00 1.602555171251297095e+00 1.451563093662261883e+00 1.379695229530334410e+00 1.288004760742187393e+00 1.203502337932586652e+00 1.129807132482528731e+00 1.087743406295776261e+00 1.070451792478561481e+00 1.059068208932876676e+00 1.049625142812728784e+00 1.047128566503524816e+00 1.045605692863464276e+00 1.042862520217895606e+00 1.038935985565185627e+00 1.036245098114013663e+00 1.031799091100692678e+00 1.027161703109741309e+00 1.023838130235672050e+00
1.321536562442779505e+00 1.834123001098632910e+00 2.002428712844848580e+00 2.055291985273361099e+00 1.863665044307708740e+00 1.700892169475555438e+00 1.602563589811325073e+00 1.455298762321472150e+00 1.379593684673309228e+00 1.289289004802703920e+00 1.203669391870498595e+00 1.130553541183471733e+00 1.087382876873016269e+00 1.070592951774597124e+00 1.059604129791259730e+00 1.049898238182067844e+00 1.046843588352203369e+00 1.045017919540405238e+00 1.042424186468124292e+00 1.038761042356491027e+00 1.035893495082855331e+00 1.031331675052642893e+00 1.026481753587722867e+00 1.022814773321151671e+00
1.305137588977813623e+00 1.828643958568572980e+00 2.011186587810516180e+00 2.047373145818710327e+00 1.874390141963958811e+00 1.714755054712295612e+00 1.606068372726440430e+00 1.454502882957458443e+00 1.381965659856796202e+00 1.292500478029251054e+00 1.206841632127761743e+00 1.132664297819137467e+00 1.090900889635086024e+00 1.074312887191772425e+00 1.063572435379028347e+00 1.053605089187622079e+00 1.050668253898620508e+00 1.049102703332901010e+00 1.046227326393127433e+00 1.042344465255737207e+00 1.039592962265014631e+00 1.035223848819732728e+00 1.030504688024520776e+00 1.026895630359649703e+00
1.312442231178283736e+00 1.800182294845581010e+00 2.033597944974899097e+00 2.057245976924896080e+00 1.864809045791625985e+00 1.708272372484207047e+00 1.605660387277603185e+00 1.451928946971893231e+00 1.383007892370224035e+00 1.290533440113067698e+00 1.205638992786407515e+00 1.131649470329284757e+00 1.089005838632583600e+00 1.072149306535720825e+00 1.060277771949768022e+00 1.050932815074920645e+00 1.047930808067321751e+00 1.046489949226379501e+00 1.043713239431381279e+00 1.039973553419113239e+00 1.037424931526184091e+00 1.032873450517654446e+00 1.028351635932922337e+00 1.024727042913436970e+00
1.308854256868362320e+00 1.829969979524612489e+00 2.027328013181686206e+00 2.044383933544159149e+00 1.869867594242095921e+00 1.706836394071578944e+00 1.602044372558593777e+00 1.451324766874313443e+00 1.381758514642715374e+00 1.288856766223907435e+00 1.204572685956954992e+00 1.131091991662979135e+00 1.088544740676879785e+00 1.072005233764648402e+00 1.061049326658248804e+00 1.051180012226104799e+00 1.048306219577789244e+00 1.046885939836502022e+00 1.044133983850479064e+00 1.040160675048828143e+00 1.037255834341049177e+00 1.032498395442962735e+00 1.027716263532638452e+00 1.024258290529250992e+00
1.302263078689575249e+00 1.827347238063812274e+00 2.027914838790893626e+00 2.054246325492858904e+00 1.868760381937026871e+00 1.709725230932235718e+00 1.604250826835632360e+00 1.451069616079330382e+00 1.380712093114852879e+00 1.289173341989517274e+00 1.204196205139160147e+00 1.129644386768341002e+00 1.087379548549652020e+00 1.070344909429550073e+00 1.059019193649292090e+00 1.048740679025649936e+00 1.045998581647872960e+00 1.044369927644729579e+00 1.041323387622833163e+00 1.037329393625259444e+00 1.034548782110214171e+00 1.030049836635589688e+00 1.025507212877273533e+00 1.021928579807281467e+00
1.305019705295562771e+00 1.812193974256515405e+00 2.028624038696289045e+00 2.052016153335571413e+00 1.865211552381515592e+00 1.710742024183273369e+00 1.605951609611511177e+00 1.455460937023162815e+00 1.381554585695266679e+00 1.291123745441436821e+00 1.205720773935317958e+00 1.131077344417572128e+00 1.088727161884307959e+00 1.071834666728973318e+00 1.059964964389801034e+00 1.050170893669128525e+00 1.047784935235977155e+00 1.046229114532470694e+00 1.043590542078018268e+00 1.039795566797256487e+00 1.036988049745559692e+00 1.032147428989410365e+00 1.027398310899734435e+00 1.023844836950302151e+00
1.312754280567169252e+00 1.795861423015594482e+00 2.028618490695953458e+00 2.048831467628478897e+00 1.865854800939559910e+00 1.710939167737960842e+00 1.609001693725585991e+00 1.453710041046142543e+00 1.380430301427841178e+00 1.289457989931106496e+00 1.205447459220886142e+00 1.131462392807006889e+00 1.088596980571746808e+00 1.071987764835357737e+00 1.061366817951202357e+00 1.051154916286468399e+00 1.048240562677383414e+00 1.046601506471633858e+00 1.043953210115432739e+00 1.039977304935455260e+00 1.037416664361953789e+00 1.033126477003097454e+00 1.028559203147888290e+00 1.025044662952423025e+00
1.321716171503066972e+00 1.818981937170028651e+00 2.016387608051299907e+00 2.054926067590713501e+00 1.866902163028717032e+00 1.711682616472244289e+00 1.602355787754058847e+00 1.450555827617645344e+00 1.378931252956390408e+00 1.288611818552017230e+00 1.203591276407241839e+00 1.130743563175201416e+00 1.088060710430145184e+00 1.070775488615036020e+00 1.059310042858123690e+00 1.049500485658645621e+00 1.046755019426345745e+00 1.045394186973571671e+00 1.042929757833480853e+00 1.038742557764053442e+00 1.035969262123107804e+00 1.031049329042434737e+00 1.026183114051818945e+00 1.022904510498046982e+00
1.307246732711792037e+00 1.822916582822799780e+00 2.020214954614639069e+00 2.058045954704284863e+00 1.858523832559585642e+00 1.706646865606308072e+00 1.603644100427627617e+00 1.450051037073135429e+00 1.377505524158477712e+00 1.287651430368423444e+00 1.201551164388656723e+00 1.128422279357910174e+00 1.086014459133148202e+00 1.068810088634490896e+00 1.057423819303512591e+00 1.047460153102874658e+00 1.044911116361618042e+00 1.043360549211502120e+00 1.040339137315750229e+00 1.036599907875060955e+00 1.033523054122924778e+00 1.028861340284347614e+00 1.023922386169433540e+00 1.020246989727020326e+00
1.299887709617614684e+00 1.823680051565170324e+00 2.032130486965179283e+00 2.060153881311416413e+00 1.865717481374740583e+00 1.712488187551498342e+00 1.606309646368026645e+00 1.450599088668823144e+00 1.380619680881500333e+00 1.291203006505966089e+00 1.204167840480804497e+00 1.131198285818100002e+00 1.088410511016845605e+00 1.071880749464034999e+00 1.060749126672744680e+00 1.050756789445877137e+00 1.048083549737930387e+00 1.046480911970138594e+00 1.043555924892425546e+00 1.039662345647811792e+00 1.037152360677719098e+00 1.032497547864913878e+00 1.027847425937652659e+00 1.024409354925155613e+00
1.308481900691986111e+00 1.813988144397735702e+00 2.030774251222610349e+00 2.037561175823211723e+00 1.868468856811523526e+00 1.714474817514419547e+00 1.603709493875503433e+00 1.453118327856063763e+00 1.378782790899276689e+00 1.290395587682723999e+00 1.204478340148925852e+00 1.130363988876342818e+00 1.087943092584610083e+00 1.071113675832748413e+00 1.059274570941925120e+00 1.049412027597427466e+00 1.047167181968688965e+00 1.045678762197494560e+00 1.043010547161102197e+00 1.039625866413116384e+00 1.036997905969619715e+00 1.032639905214309595e+00 1.028040534257888883e+00 1.024202866554260183e+00
1.277362458705902037e+00 1.810415880680084300e+00 2.033432325124740814e+00 2.049684517383575599e+00 1.869051660299301254e+00 1.707426726818084717e+00 1.604146934747695985e+00 1.454521791934967112e+00 1.380298808813095190e+00 1.290159373283386257e+00 1.205637842416763306e+00 1.131954771280288652e+00 1.089208632707595825e+00 1.072830601930618188e+00 1.061730542182922399e+00 1.051347264051437413e+00 1.048495661020278913e+00 1.047016661167144758e+00 1.044295500516891462e+00 1.040539444684982273e+00 1.037966645956039491e+00 1.033518919944763192e+00 1.028872344493865887e+00 1.025137017965316755e+00
1.318137423992157053e+00 1.822204689979553205e+00 2.031080753803253369e+00 2.047689616680145264e+00 1.871561418771743757e+00 1.710671155452728298e+00 1.606771073341369593e+00 1.455322750806808507e+00 1.381987273693084717e+00 1.290736867189407278e+00 1.205858343839645297e+00 1.131232242584228498e+00 1.089811975955963241e+00 1.072352001667022714e+00 1.061289626359939620e+00 1.051320686340331934e+00 1.048488264083862198e+00 1.046731278896331885e+00 1.043902332782745468e+00 1.040154063701629550e+00 1.037415096759796151e+00 1.032731964588165186e+00 1.027923421859741282e+00 1.024449251890182433e+00
1.312310178279876727e+00 1.808190358877181936e+00 2.020436909198760844e+00 2.050703443288802941e+00 1.871492469310760409e+00 1.708504639863967833e+00 1.608262271881103489e+00 1.455492544174194380e+00 1.383666903972625706e+00 1.292270293235778800e+00 1.206510283946991002e+00 1.132749252319335875e+00 1.090663721561431876e+00 1.073733955621719360e+00 1.062547426223754865e+00 1.052520830631256121e+00 1.049680545330047510e+00 1.048199676275253234e+00 1.045270650386810329e+00 1.041456059217453101e+00 1.038497537374496460e+00 1.033968143463134703e+00 1.029492850303650009e+00 1.025974406003951955e+00
1.291729151010513332e+00 1.829150364398956397e+00 2.015908792018890505e+00 2.046119083166122454e+00 1.869467587471008274e+00 1.713261482715606743e+00 1.602562896013259852e+00 1.454277174472808909e+00 1.381242427825927654e+00 1.290554916858673185e+00 1.206153961420059151e+00 1.132055848836898804e+00 1.090200061798095810e+00 1.073421927690505928e+00 1.062037317752838161e+00 1.051815891265869052e+00 1.048986903429031337e+00 1.047015755176544216e+00 1.044370678663253837e+00 1.040475366115570122e+00 1.037616492509841892e+00 1.032828304767608563e+00 1.028121786117553782e+00 1.024445590972900444e+00
1.328615404367446962e+00 1.794890369176864731e+00 2.019295387268066566e+00 2.039232840538025116e+00 1.867737113237381008e+00 1.710376305580139089e+00 1.606211179494857699e+00 1.456830269098281949e+00 1.385265213251113847e+00 1.293921408653259331e+00 1.207718775272369482e+00 1.133805719614028984e+00 1.091618082523345912e+00 1.074083192348480154e+00 1.062373340129852295e+00 1.052595139741897556e+00 1.049605088233947825e+00 1.048014829158782968e+00 1.045057038068771371e+00 1.040600472688674838e+00 1.037850033044815046e+00 1.033443499803543109e+00 1.028875629901885969e+00 1.024878245592117265e+00
1.319524412155151261e+00 1.809888751506805393e+00 2.023572015762328924e+00 2.041606891155242742e+00 1.864170614480972210e+00 1.709760712385177683e+00 1.604108909368515024e+00 1.448670985698699898e+00 1.378960767984390268e+00 1.290628931522369349e+00 1.203953315019607562e+00 1.129680355787277213e+00 1.086829184293746975e+00 1.070773595571517856e+00 1.060007754564285198e+00 1.049663347005844072e+00 1.046671825647354170e+00 1.044945110082626361e+00 1.042155965566635034e+00 1.038505231142043961e+00 1.035840271711349514e+00 1.031401988267898640e+00 1.026790469884872437e+00 1.023061149120330748e+00
1.304407731294632056e+00 1.829903745651245028e+00 2.029416391849517609e+00 2.055891956090927231e+00 1.872857710123062125e+00 1.711719027757644618e+00 1.603924413919448844e+00 1.453343036174774117e+00 1.383012154102325475e+00 1.291775765419006294e+00 1.205324018001556308e+00 1.132900505065917995e+00 1.090619785785674978e+00 1.073686527013778758e+00 1.062701723575592005e+00 1.052657835483550963e+00 1.049924888610839879e+00 1.048098621368408256e+00 1.045101400613784870e+00 1.041356241703033536e+00 1.038646726608276394e+00 1.034079672098159763e+00 1.029381572008132961e+00 1.025758261680603134e+00
1.302349570989608685e+00 1.831488496065139859e+00 2.037979087829589808e+00 2.054663987159729199e+00 1.866588156223297101e+00 1.713260892629623333e+00 1.610032026767730606e+00 1.453507643938064531e+00 1.383687359094619707e+00 1.291560755968093943e+00 1.207073918581008876e+00 1.133426318168640146e+00 1.091571122407913208e+00 1.073997992277145430e+00 1.062605011463165328e+00 1.052549844980239957e+00 1.049887425899505677e+00 1.048160815238952548e+00 1.045583086013794016e+00 1.041584621667861921e+00 1.038909243345260691e+00 1.034284459352493357e+00 1.029691324234008887e+00 1.025816468000412041e+00
1.314279195070266804e+00 1.832277896404266304e+00 2.030559276342391861e+00 2.043698766231536901e+00 1.868122397661209133e+00 1.712386996746063206e+00 1.601442019939422590e+00 1.454727580547332755e+00 1.381664216518402100e+00 1.290565868616104117e+00 1.205750017166137722e+00 1.131883127689361501e+00 1.089489382505416826e+00 1.073038551807403485e+00 1.061641631126403862e+00 1.051780946254730287e+00 1.048906387090682957e+00 1.047508672475814917e+00 1.044760228395462009e+00 1.041082260608673149e+00 1.038308143615722656e+00 1.033844442367553684e+00 1.029183564186096245e+00 1.025340976715087837e+00
1.313404474258422772e+00 1.824402397871017545e+00 2.033417001962661619e+00 2.047435896396637034e+00 1.872681235074996842e+00 1.711066874265670723e+00 1.606664268970489529e+00 1.454180775880813625e+00 1.381288721561431787e+00 1.289773942232131931e+00 1.205405757427215674e+00 1.130304870605468803e+00 1.088634983301162817e+00 1.071275997161865279e+00 1.059855846166610771e+00 1.050010746717453092e+00 1.047391918897628837e+00 1.045971192121505799e+00 1.043231549263000435e+00 1.039596498012542725e+00 1.036938054561614919e+00 1.032654608488082992e+00 1.027852573394775426e+00 1.024021387100219727e+00
1.304617511034011912e+00 1.824246467351913426e+00 2.018257869482040334e+00 2.049551808834075839e+00 1.864424711465835660e+00 1.713154901266098040e+00 1.606527049541473406e+00 1.452299149036407444e+00 1.380546199083328318e+00 1.291554864645004352e+00 1.205791782140731794e+00 1.131950312852859408e+00 1.090235327482223404e+00 1.073502023220062274e+00 1.062139787673950231e+00 1.052077181339263978e+00 1.049193254709243739e+00 1.047819743156433114e+00 1.045015096664428711e+00 1.041165541410446149e+00 1.038516522645950291e+00 1.033845777511596786e+00 1.029120421409607022e+00 1.025442101955413854e+00
1.297923421859741300e+00 1.817736818790435693e+00 2.017828687429428225e+00 2.051091799736022736e+00 1.868358881473541233e+00 1.714183988571166939e+00 1.609216786623001161e+00 1.450768063068389901e+00 1.380501420497894260e+00 1.290015244483947665e+00 1.203668218851089433e+00 1.128833763599395690e+00 1.087346032857894995e+00 1.070640912055969229e+00 1.059256056547164926e+00 1.049431396722793508e+00 1.047216324806213406e+00 1.045925922393798890e+00 1.043204802274704024e+00 1.039583812952041608e+00 1.037011365890502912e+00 1.032511693239211992e+00 1.027901589870452881e+00 1.024354575872421291e+00
1.310426498651504623e+00 1.836849294900894103e+00 2.038961448669433629e+00 2.047085016965866089e+00 1.868211798667907653e+00 1.709573487043380746e+00 1.605885770320892414e+00 1.454295533895492598e+00 1.380997749567031807e+00 1.289293549060821498e+00 1.205509287118911699e+00 1.131788464784622139e+00 1.090258821249008081e+00 1.073647998571395812e+00 1.061961855888366779e+00 1.052401205301284781e+00 1.049890117645263743e+00 1.048133246898651061e+00 1.045655930042266757e+00 1.041695919036865314e+00 1.038909894227981523e+00 1.034347188472747758e+00 1.029913512468338066e+00 1.026293326616287249e+00
1.325571860074997055e+00 1.825691031217575144e+00 2.016995598077774066e+00 2.053445552587509049e+00 1.867349319458007750e+00 1.710646879673004106e+00 1.608714237213134668e+00 1.452426770925521859e+00 1.381729786396026505e+00 1.292053365707397372e+00 1.206250979900360010e+00 1.132046326398849390e+00 1.089933378696441579e+00 1.072710744142532313e+00 1.061363816261291504e+00 1.051568121910095188e+00 1.049135854244232169e+00 1.047606710195541302e+00 1.044785525798797687e+00 1.041061929464340174e+00 1.038540495634078908e+00 1.033835861682891766e+00 1.029157321453094465e+00 1.025398764610290447e+00
1.313446960449218714e+00 1.833176480531692576e+00 2.034732524156570577e+00 2.046034350395202761e+00 1.858254896402359080e+00 1.709161995649337795e+00 1.604654521942138645e+00 1.453194029331207338e+00 1.381010124683380136e+00 1.290163326263427779e+00 1.204520649909973207e+00 1.130841051340103043e+00 1.089385329484939602e+00 1.072723642587661841e+00 1.061328091621398961e+00 1.051154758930206379e+00 1.048326542377471915e+00 1.046716265678405700e+00 1.044173346757888865e+00 1.040228986740112216e+00 1.037472928762436020e+00 1.032579518556594911e+00 1.027961479425430369e+00 1.024260115623474077e+00
1.317570695877075204e+00 1.817879256010055622e+00 2.020218026638031183e+00 2.046289291381835795e+00 1.860562322139740044e+00 1.710955401659011832e+00 1.605671029090881330e+00 1.454103804826736512e+00 1.381120922565460152e+00 1.290718312263488876e+00 1.205457725524902379e+00 1.131051607131958070e+00 1.089529151916504013e+00 1.073044104576110769e+00 1.062129344940185627e+00 1.051990259885787982e+00 1.049051302671432540e+00 1.047963607311248824e+00 1.045051044225692838e+00 1.041068450212478735e+00 1.038456577062606856e+00 1.033752402067184439e+00 1.029070117473602330e+00 1.025649144649505518e+00
1.315287104845046962e+00 1.835217167139053362e+00 2.023309791088104159e+00 2.045314670801162915e+00 1.864175912141800007e+00 1.712325789928436315e+00 1.602654566764831534e+00 1.451949499845504699e+00 1.381858533620834439e+00 1.291343625783920368e+00 1.205434678792953518e+00 1.131774814128875706e+00 1.089601917266845632e+00 1.073022062778473007e+00 1.061822731494903582e+00 1.051803652048110882e+00 1.048933911323547408e+00 1.047410042285919163e+00 1.044544727802276585e+00 1.040622280836105418e+00 1.038211950063705480e+00 1.033801468610763497e+00 1.029082734584808367e+00 1.025229142904281687e+00
1.324739623069763228e+00 1.814556179046630913e+00 2.001772631406784075e+00 2.045714157819747747e+00 1.865064224004745475e+00 1.707344909906387320e+00 1.602478628158569229e+00 1.449363756179809615e+00 1.378463475704193142e+00 1.288386441469192567e+00 1.202196639776229814e+00 1.128959386348724392e+00 1.085726704597473224e+00 1.069206944704055751e+00 1.057750208377838064e+00 1.048450924158096376e+00 1.045790579319000324e+00 1.043984625339507977e+00 1.041217213869094937e+00 1.037526087760925364e+00 1.034828430414199918e+00 1.030134078264236530e+00 1.025472241640090987e+00 1.022414884567260707e+00
1.321662015914917054e+00 1.802261313199996939e+00 2.024455056190490598e+00 2.046131619215011632e+00 1.867819060087203997e+00 1.709873650074005047e+00 1.603105900287628227e+00 1.450183284282684282e+00 1.379437967538833520e+00 1.286978305578231785e+00 1.202360521554946882e+00 1.128761527538299614e+00 1.086826524734497035e+00 1.070752160549163889e+00 1.059015781879425022e+00 1.049300014972686768e+00 1.046571720838546771e+00 1.044908138513565010e+00 1.041974029541015589e+00 1.038034486770629927e+00 1.035549564361572195e+00 1.030991901159286517e+00 1.026615408658981377e+00 1.023655552864074725e+00
1.310051398277282786e+00 1.799337817430496145e+00 2.026179515123367469e+00 2.061877224445343160e+00 1.869090685844421396e+00 1.711278928518295217e+00 1.604323167800903338e+00 1.449749673604965317e+00 1.379595583677291959e+00 1.288685638904571551e+00 1.203523062467575011e+00 1.128413400650024379e+00 1.086672333478927666e+00 1.070298407077789227e+00 1.059287930727005111e+00 1.049057191610336393e+00 1.046753780841827464e+00 1.045079630613326982e+00 1.042206861972808873e+00 1.038326270580291810e+00 1.035809001922607386e+00 1.031086086034774807e+00 1.026310985088348282e+00 1.022728550434112593e+00
1.323191298246383596e+00 1.829652203321456838e+00 2.025823897123336881e+00 2.048326636552810776e+00 1.860778576135635465e+00 1.711158858537674021e+00 1.603470634222030622e+00 1.453782960176467798e+00 1.380170807838440039e+00 1.290065280199050868e+00 1.203984909057617125e+00 1.130755985975265610e+00 1.088418287038803056e+00 1.071905101537704574e+00 1.060612635612487864e+00 1.050261141061782810e+00 1.047909162044525111e+00 1.046240789890289236e+00 1.043298629522323662e+00 1.039599374532699683e+00 1.036820628643035924e+00 1.032273502349853489e+00 1.027517309188842765e+00 1.023759709596633982e+00
1.303122705221176236e+00 1.832198803424835098e+00 2.013929141759872365e+00 2.049443229436874514e+00 1.872726106643676669e+00 1.713001724481582722e+00 1.605980579853057755e+00 1.453876007795333880e+00 1.381843233108520419e+00 1.290637192726135307e+00 1.205802983045578092e+00 1.131708259582519638e+00 1.089592511653900253e+00 1.072742868661880511e+00 1.061774506568908594e+00 1.051802706718444780e+00 1.048839175701141269e+00 1.047039339542388925e+00 1.044228651523590123e+00 1.040588109493255642e+00 1.037956609725952051e+00 1.033353897333145088e+00 1.028787000179290700e+00 1.025514358282089145e+00
1.299201933145523125e+00 1.797977184057235611e+00 2.023986845016479297e+00 2.056934125423431237e+00 1.871662346124649101e+00 1.710631361007690421e+00 1.604483271837234604e+00 1.453857276439666668e+00 1.382078784704208418e+00 1.290046859979629534e+00 1.205744534730911255e+00 1.130962015390396092e+00 1.089094907045364380e+00 1.072439385652542043e+00 1.061816135644912729e+00 1.052056884765625089e+00 1.049020566940307653e+00 1.047174158096313423e+00 1.044649002552032524e+00 1.040900477170944249e+00 1.038321338891982970e+00 1.033788533210754368e+00 1.028894528150558374e+00 1.025048755407333312e+00
1.296548477411270106e+00 1.822013112306594795e+00 2.022940479516983192e+00 2.049124627113342090e+00 1.860672844648361135e+00 1.710543508529663193e+00 1.604555276632309013e+00 1.451269207000732475e+00 1.378058375120162937e+00 1.286967756748199410e+00 1.204085606336593672e+00 1.129780002832412755e+00 1.088807580471038872e+00 1.071661974191665756e+00 1.060349148511886552e+00 1.050383943319320723e+00 1.047642590999603218e+00 1.045892374515533518e+00 1.042832242250442576e+00 1.039143161773681712e+00 1.036308850049972641e+00 1.031738935708999660e+00 1.027214165925979694e+00 1.024028211832046509e+00
1.304391283988952654e+00 1.819929604530334366e+00 2.017723497152328349e+00 2.052518362998962509e+00 1.858033111095428458e+00 1.719552558660507158e+00 1.604174582958221462e+00 1.448835246562957701e+00 1.379673533439636168e+00 1.289915013313293501e+00 1.204917454719543368e+00 1.131703829765319913e+00 1.089437484741210938e+00 1.073142822980880817e+00 1.061506073474884015e+00 1.051771111488342347e+00 1.049059715270996174e+00 1.047512298822403043e+00 1.044919310808181789e+00 1.041185933351516768e+00 1.038545571565627990e+00 1.033879628181457511e+00 1.029278218746185303e+00 1.025631805658340445e+00
1.306258920431137005e+00 1.821576489210128713e+00 2.026306657791137500e+00 2.039733978509902901e+00 1.864589492082595834e+00 1.704537981748580844e+00 1.604564088582992598e+00 1.452189003229141129e+00 1.377579382658004725e+00 1.287326799631118845e+00 1.203515880107879576e+00 1.128492141962051498e+00 1.086197911500930813e+00 1.068907840251922536e+00 1.058042283058166610e+00 1.048111398220062274e+00 1.045513362884521458e+00 1.043698270320892352e+00 1.040972452163696271e+00 1.037230643033981270e+00 1.034841245412826627e+00 1.030118718147277734e+00 1.025288004875183123e+00 1.021623332500457781e+00
1.307932041883468566e+00 1.822315775156021056e+00 2.035497868061065585e+00 2.057742818593979006e+00 1.865591483116149973e+00 1.708304570913314890e+00 1.600781331062316903e+00 1.447542082071304304e+00 1.377590254545211890e+00 1.287164736986160296e+00 1.201175615787506201e+00 1.128167080879211470e+00 1.086556656360626150e+00 1.069107598066330045e+00 1.057684788703918466e+00 1.047119131088256827e+00 1.044825612306594875e+00 1.043589565753936688e+00 1.040812973976135147e+00 1.037149139642715490e+00 1.034410797357559142e+00 1.029750237464904794e+00 1.024988777637481752e+00 1.021240284442901602e+00
1.305109995603561446e+00 1.834561896324157670e+00 2.022457840442657417e+00 2.038162121772765900e+00 1.860389013290405291e+00 1.711514414548873875e+00 1.607086888551712001e+00 1.453246757984161475e+00 1.379453145265579161e+00 1.287848309278488257e+00 1.202332494258880669e+00 1.129212641716003329e+00 1.087006236314773666e+00 1.069699727296829161e+00 1.058771154880523646e+00 1.049006834030151269e+00 1.045698757171630966e+00 1.044684967994689906e+00 1.041911182403564506e+00 1.038453772068023584e+00 1.035673801898956192e+00 1.031063696146011344e+00 1.026760016679763687e+00 1.023316330909729066e+00
1.318288325071334866e+00 1.831528456211090061e+00 2.023522552251815654e+00 2.046647999286651753e+00 1.867921012639999434e+00 1.710035190582275488e+00 1.608897464275360178e+00 1.451904729604721167e+00 1.382822573184967041e+00 1.291893043518066442e+00 1.205434379577636772e+00 1.132759513854980415e+00 1.090232073068618801e+00 1.073077974319458061e+00 1.062147963047027632e+00 1.052335926294326818e+00 1.049562432765960729e+00 1.048055670261383021e+00 1.045197887420654226e+00 1.041451488733291519e+00 1.038848543167114169e+00 1.034416995048522914e+00 1.029939193725585955e+00 1.026473380327224794e+00
1.297887865304946819e+00 1.827396649122238204e+00 2.028225772380829017e+00 2.052533506155013843e+00 1.867772817611694336e+00 1.710015416145324707e+00 1.608261168003082275e+00 1.454779518842697073e+00 1.382097789049148595e+00 1.291835012435913033e+00 1.205226260423660323e+00 1.131351091861724889e+00 1.089623836278915459e+00 1.072676795721054122e+00 1.061335431337356638e+00 1.051541835069656372e+00 1.048721128702163607e+00 1.047148690223693945e+00 1.044548267126083285e+00 1.040758533477783132e+00 1.038153574466705420e+00 1.033537080287933341e+00 1.029022172689437964e+00 1.025800716876983598e+00
1.320176498889923167e+00 1.819874448776245046e+00 2.021542147397994871e+00 2.051134700775146591e+00 1.862138761281967092e+00 1.712506535053253121e+00 1.605727438926696671e+00 1.451041233539581254e+00 1.380157402753829921e+00 1.290241161584854135e+00 1.205153709650039762e+00 1.131085175275802657e+00 1.089354702234268224e+00 1.072089301347732615e+00 1.060843824148178127e+00 1.050829949378967232e+00 1.047951890230178762e+00 1.046291770935058540e+00 1.043249303102493197e+00 1.039699420928955176e+00 1.037043272256851223e+00 1.032541136741638166e+00 1.028133034706115723e+00 1.024727431535720878e+00
1.321044368743896413e+00 1.816566956043243364e+00 2.031204348802566617e+00 2.045529118776321376e+00 1.865785740613937316e+00 1.711284546852111843e+00 1.605091742277145350e+00 1.450855224132537868e+00 1.380351564884185755e+00 1.290229918956756539e+00 1.205368105173110882e+00 1.131695277690887513e+00 1.089565352201461890e+00 1.072600243091583305e+00 1.061003495454788226e+00 1.050919126272201520e+00 1.048394052982330349e+00 1.046705489158630265e+00 1.044168422222137460e+00 1.040489559173583878e+00 1.037904957532882699e+00 1.033206195831298801e+00 1.028719794750213579e+00 1.024950543642044076e+00
1.308201637268066486e+00 1.823107159137725919e+00 2.016435748338699430e+00 2.046543407440185369e+00 1.859287893772125333e+00 1.709045249223709151e+00 1.605081827640533421e+00 1.450024734735488874e+00 1.379873028993606532e+00 1.289336013793945357e+00 1.204443122148513901e+00 1.130288810729980442e+00 1.088301717042923000e+00 1.071333305835723948e+00 1.059916230440139717e+00 1.049779301881790250e+00 1.047187142372131285e+00 1.045595145225524991e+00 1.042917836904525775e+00 1.038969504833221480e+00 1.036321537494659495e+00 1.031678197383880669e+00 1.027280331850051853e+00 1.023558412790298355e+00
1.307272861003875741e+00 1.821979699134826713e+00 2.029940223693847745e+00 2.050444009304046578e+00 1.865835609436035103e+00 1.710343852043151758e+00 1.603734569549560618e+00 1.452288417816162136e+00 1.382867519855499161e+00 1.289802508354187083e+00 1.204323967695236197e+00 1.131098558902740470e+00 1.088630353212356461e+00 1.072165217399597248e+00 1.060617787837982107e+00 1.050651619434356698e+00 1.048017071485519480e+00 1.046693187952041582e+00 1.043810061216354335e+00 1.040097082853317367e+00 1.037838146686554053e+00 1.033362910747528174e+00 1.028972070217132551e+00 1.025750850439071549e+00
1.306856601238250759e+00 1.819518780708313077e+00 2.032039967775344902e+00 2.046612660884857160e+00 1.855204483270645133e+00 1.710918502807617259e+00 1.604738215208053598e+00 1.452124388217925999e+00 1.379264498949051010e+00 1.287875031232833756e+00 1.201518089771270725e+00 1.128338700532913297e+00 1.086808542013168344e+00 1.069882937669754064e+00 1.058667902946472061e+00 1.048867176771163923e+00 1.045807732343673635e+00 1.044579997062683008e+00 1.041449022293090776e+00 1.037881711721420297e+00 1.035157865285873502e+00 1.030485539436340359e+00 1.025605752468109033e+00 1.022056986093521136e+00
1.318031920194625783e+00 1.822234244346618626e+00 2.027314268350601356e+00 2.048159749507904248e+00 1.863643742799758973e+00 1.709467185735702444e+00 1.603026112318038932e+00 1.451635284423828054e+00 1.380053403377532906e+00 1.289932152032852164e+00 1.203629974126815716e+00 1.129372016191482642e+00 1.087338278293609628e+00 1.071120939254760707e+00 1.059539562463760465e+00 1.049842540025710980e+00 1.046825926303863508e+00 1.045297371149063181e+00 1.042482943534851048e+00 1.038716388940811086e+00 1.035663650035858252e+00 1.031260526180267423e+00 1.026687166690826380e+00 1.023244583606719882e+00
1.320809270143509018e+00 1.838361343145370475e+00 2.041909602880477959e+00 2.043176892995834493e+00 1.871209536790847672e+00 1.710656725168228087e+00 1.605584973096847445e+00 1.451237523555755526e+00 1.377853291034698557e+00 1.289753284454345783e+00 1.204928964376449585e+00 1.130287371873855529e+00 1.088805140256881687e+00 1.071894510984420679e+00 1.061027555465698269e+00 1.051763318777084288e+00 1.049012391567230251e+00 1.047296234369277990e+00 1.044991296529769853e+00 1.041214058399200448e+00 1.038860601186752275e+00 1.034362837076187036e+00 1.029682501554489038e+00 1.025840464830398480e+00
1.302892609834670923e+00 1.792358831167221167e+00 2.017444996833801074e+00 2.040851005315780675e+00 1.851861219406127912e+00 1.700889576673507708e+00 1.597043081521987817e+00 1.443498842716216979e+00 1.374099432229995754e+00 1.283508973121643137e+00 1.199342573881149399e+00 1.124547367095947159e+00 1.083340723514556903e+00 1.066859688758850178e+00 1.055573984384536645e+00 1.045526045560836836e+00 1.043288831710815323e+00 1.041677653789520264e+00 1.039334810972213807e+00 1.036385014057159326e+00 1.034497239589691198e+00 1.030670448541641138e+00 1.026342695951461881e+00 1.022843625545501789e+00
1.316185750961303746e+00 1.825097504854202191e+00 2.014716960191726525e+00 2.033878582715987982e+00 1.856849700212478638e+00 1.703539769649505597e+00 1.599345127344131479e+00 1.447081074714660742e+00 1.378711962699890048e+00 1.287568815946579015e+00 1.203396682739257706e+00 1.129276279211044232e+00 1.087056493759155362e+00 1.070410846471786526e+00 1.059736577272415214e+00 1.049408339262008605e+00 1.046330246925353924e+00 1.044132235050201363e+00 1.042127181291580218e+00 1.038978949785232642e+00 1.037102268934249949e+00 1.032584570646285949e+00 1.028250658512115390e+00 1.024807641506195077e+00
1.295266686677932766e+00 1.824256726503372228e+00 2.030223559141159040e+00 2.053677108287811137e+00 1.864451941251754841e+00 1.709013162851333645e+00 1.605054273605346582e+00 1.452075124979019138e+00 1.382705247402191251e+00 1.291940170526504561e+00 1.205601357221603331e+00 1.131604321002960267e+00 1.089272483587264917e+00 1.072829629182815658e+00 1.062014127969741928e+00 1.051932060718536288e+00 1.049371145963668761e+00 1.048001824617385891e+00 1.045496869087219283e+00 1.041398311853408920e+00 1.038254275321960352e+00 1.033730820417404273e+00 1.028642934560775712e+00 1.024436148405075020e+00
1.307515828609466579e+00 1.806482156515121451e+00 2.020457966327667165e+00 2.035185027122497381e+00 1.859688702821731487e+00 1.700890421867370605e+00 1.596783192157745335e+00 1.445289027690887407e+00 1.375284458398819076e+00 1.285044182538986224e+00 1.199475073814392001e+00 1.126509559154510454e+00 1.085214182138442895e+00 1.068414485454559415e+00 1.057369145154952950e+00 1.047560355663299525e+00 1.044807189702987582e+00 1.043207538127899126e+00 1.040445356369018581e+00 1.036789420843124310e+00 1.033988748788833512e+00 1.029344261884689304e+00 1.024421987533569389e+00 1.020958555936813283e+00
1.298621866703033367e+00 1.812410678863525471e+00 2.016738365888595563e+00 2.040588628053665143e+00 1.859617184400558454e+00 1.702392041683197021e+00 1.598272627592086881e+00 1.445640534162521362e+00 1.374139317274093663e+00 1.284594326019287136e+00 1.199471439123153793e+00 1.125940284729003871e+00 1.084107106924057096e+00 1.067405633926391539e+00 1.056186443567276090e+00 1.046160416603088450e+00 1.043438032865524390e+00 1.041874184608459375e+00 1.039006731510162318e+00 1.035244526863098091e+00 1.032712895870208758e+00 1.028107910156250027e+00 1.023305819034576514e+00 1.019583436250686592e+00
1.314024360179901096e+00 1.814429829120635995e+00 2.013754810094833481e+00 2.039486287832259936e+00 1.861756635904312063e+00 1.703898873329162678e+00 1.604146394729614178e+00 1.449146330356597900e+00 1.377416245937347350e+00 1.288892413377761947e+00 1.203391929864883414e+00 1.130168006420135596e+00 1.087996459007263272e+00 1.071337563991546560e+00 1.060158344507217354e+00 1.050343834161758361e+00 1.047500755786895832e+00 1.046022553443908709e+00 1.043316912651061967e+00 1.039668990373611379e+00 1.037270568609237609e+00 1.033572299480438161e+00 1.029691436290741002e+00 1.026222809553146265e+00
1.297202876806259120e+00 1.807109767198562533e+00 2.031207270622253258e+00 2.051384377479553045e+00 1.863444885015487662e+00 1.710198792219161934e+00 1.605438156127929616e+00 1.454442754983902075e+00 1.381788834333419702e+00 1.291557589769363412e+00 1.206268476247787547e+00 1.133410450220108112e+00 1.090955065488815379e+00 1.074182542562484688e+00 1.063226829767227155e+00 1.053184226751327612e+00 1.050796993970871007e+00 1.048887308835983356e+00 1.046723722219467190e+00 1.042998580932617214e+00 1.040472683906555229e+00 1.035888476371765066e+00 1.030504410266876114e+00 1.025590785741806066e+00
1.309327360391616901e+00 1.833560835123062116e+00 2.018684706687927211e+00 2.057644697427749580e+00 1.866173777580261151e+00 1.716326693296432504e+00 1.604630525112152206e+00 1.451841824054717955e+00 1.381484199762344378e+00 1.291405556201934868e+00 1.206407680511474512e+00 1.132001639604568455e+00 1.090048228502273453e+00 1.073658077716827419e+00 1.062096018791198748e+00 1.051480451822280893e+00 1.049283734560012782e+00 1.048125401735305884e+00 1.045189429521560687e+00 1.041573215723037737e+00 1.039078106880187979e+00 1.034422242641448886e+00 1.029915525913238428e+00 1.026578522920608583e+00
1.314317514896392813e+00 1.822599599361419687e+00 2.031270562410354419e+00 2.044300197362899585e+00 1.862743160724639857e+00 1.707786313295364344e+00 1.606179617643356261e+00 1.451547741889953613e+00 1.381575887203216446e+00 1.288750987052917463e+00 1.205362514257431128e+00 1.131075814962387183e+00 1.088787480592727563e+00 1.072035853862762345e+00 1.060658057928085318e+00 1.051215811967849634e+00 1.048541234731674265e+00 1.046764341592788750e+00 1.043959064483642507e+00 1.040498597621917654e+00 1.037999691963195747e+00 1.033976173400878995e+00 1.029251960515976005e+00 1.025715218782424998e+00
1.310059876441955540e+00 1.815649127960205167e+00 2.019774492979049541e+00 2.043883574008941828e+00 1.866581408977508572e+00 1.709594306945800835e+00 1.605269590616226205e+00 1.451080892086028973e+00 1.380938650369644138e+00 1.290103144645690980e+00 1.204327144622802770e+00 1.130473395586013785e+00 1.088708741664886404e+00 1.072128554582595816e+00 1.061006510257720858e+00 1.050789580345153906e+00 1.047693608999252346e+00 1.045915081501006982e+00 1.043051987886428833e+00 1.039274184703826931e+00 1.036578994989395097e+00 1.032108532190322947e+00 1.027544434070587265e+00 1.023902473449707085e+00
1.308217010498046839e+00 1.826902437210083052e+00 2.021467266082763725e+00 2.038026013374328649e+00 1.863271390199661148e+00 1.710270212888717722e+00 1.604469128847122228e+00 1.451387047767639160e+00 1.379802705049514744e+00 1.288694541454315168e+00 1.203270058631896955e+00 1.129384173154830862e+00 1.087405009269714284e+00 1.070504435300827062e+00 1.059160510301589975e+00 1.049620219469070470e+00 1.047054669857025111e+00 1.045648930072784477e+00 1.042670819759368817e+00 1.038434637784957815e+00 1.035503771305084308e+00 1.031278582811355538e+00 1.027204906940460294e+00 1.023870178461074865e+00
1.315683350563049414e+00 1.822349176406860449e+00 2.002988831996917796e+00 2.033104321956634486e+00 1.873358682394027808e+00 1.701959471702575666e+00 1.606856073141098129e+00 1.452430773973464984e+00 1.378726075887680036e+00 1.288339364528656050e+00 1.203545070886612001e+00 1.128045064210891679e+00 1.085990421772003112e+00 1.068499780893325868e+00 1.056431225538253749e+00 1.047190303802490341e+00 1.044495552778244019e+00 1.043727166652679506e+00 1.040739436149597186e+00 1.037140035629272372e+00 1.034723012447357204e+00 1.031132327318191599e+00 1.027714151144027754e+00 1.024265447854995736e+00
1.306131122112274223e+00 1.828799654245376605e+00 2.031150670051574902e+00 2.055645940303802544e+00 1.867209422588348433e+00 1.711705284118652415e+00 1.609061809778213448e+00 1.455198048353195217e+00 1.382509598731994638e+00 1.292441538572311366e+00 1.209105561971664411e+00 1.134214497804641786e+00 1.091816760301590028e+00 1.074939419031143206e+00 1.063651568889617982e+00 1.053777871131897026e+00 1.050989546775817907e+00 1.049438582658767771e+00 1.046711581945419356e+00 1.043047828674316335e+00 1.039889335632324219e+00 1.034659638404846094e+00 1.029141070842742867e+00 1.025525962114334000e+00
1.305905354022979692e+00 1.805276747941970905e+00 2.021293236017227102e+00 2.051416238546371673e+00 1.858489838838577324e+00 1.701502624750137249e+00 1.599117674827575719e+00 1.446135363578796351e+00 1.377099057435989371e+00 1.286020791530609220e+00 1.201922141313552794e+00 1.127937190532684264e+00 1.086412496566772523e+00 1.070442984104156503e+00 1.059566695690155047e+00 1.049137526750564486e+00 1.046081819534301793e+00 1.044503802061080844e+00 1.041949714422226059e+00 1.038359199762344254e+00 1.035408862829208410e+00 1.030978572368621782e+00 1.026469255685806381e+00 1.023487145900726425e+00
1.287613486051559342e+00 1.823093521595001265e+00 2.027378348112106377e+00 2.046096025705337329e+00 1.861975400447845486e+00 1.705774118900299063e+00 1.600467308759689233e+00 1.449970300197601425e+00 1.378947663307189986e+00 1.288524094820022503e+00 1.202716758251190177e+00 1.129173797369003251e+00 1.087702338695526016e+00 1.071099592447280813e+00 1.059959954023361295e+00 1.049863328933715811e+00 1.047586634159088037e+00 1.045846242904663104e+00 1.043043038845062220e+00 1.039182043075561612e+00 1.036734633445739684e+00 1.032687473297119185e+00 1.028136787414550835e+00 1.024527651071548418e+00
1.290759407281875548e+00 1.836003847122192445e+00 2.023867888450622488e+00 2.048487914800643850e+00 1.871760622262954810e+00 1.707453649044036847e+00 1.604361659288406461e+00 1.453714156150817782e+00 1.380840839147567722e+00 1.289050812721252548e+00 1.204137289524078280e+00 1.131174352169036945e+00 1.088719115257263281e+00 1.071370953321456820e+00 1.059951099157333321e+00 1.050063741207122758e+00 1.047300125360488998e+00 1.045542999505996606e+00 1.042939118146896327e+00 1.039078910350799578e+00 1.036055238246917698e+00 1.031247547864913905e+00 1.026450431346893399e+00 1.023618550300598118e+00
1.325245959758758474e+00 1.803427470922470022e+00 2.013508281707763636e+00 2.051118619441985924e+00 1.864845632314682033e+00 1.711087899208068919e+00 1.603414331674575699e+00 1.454346317052841231e+00 1.378197100162506183e+00 1.289332438707351702e+00 1.204084247350692749e+00 1.130941966772079477e+00 1.088231248855590749e+00 1.071392068862915048e+00 1.060518724918365407e+00 1.049657301902771067e+00 1.046899411678314129e+00 1.044663852453231900e+00 1.041495672464370692e+00 1.037269285917282069e+00 1.033880854845047104e+00 1.028655309677124041e+00 1.023908727169036803e+00 1.021069285869598442e+00
1.307075915336608940e+00 1.827116094827651915e+00 2.012989702224731392e+00 2.050268839597702009e+00 1.865266959667205793e+00 1.710586655139923140e+00 1.605410084724426367e+00 1.453644970655441293e+00 1.380931578874587951e+00 1.292137787342071631e+00 1.206966278553009086e+00 1.132791177034378149e+00 1.090967123508453263e+00 1.074103245735168466e+00 1.062896733283996475e+00 1.052874956130981365e+00 1.049830101728439269e+00 1.048190826177596957e+00 1.045363435745239267e+00 1.041560918092727661e+00 1.038488205671310505e+00 1.033458147048950115e+00 1.028390961885452315e+00 1.024799698591232211e+00
1.313714866638183487e+00 1.808804881572723344e+00 2.017997289896011459e+00 2.056583596467971731e+00 1.866568766832351622e+00 1.701352499723434386e+00 1.602296861410140938e+00 1.450220346450805664e+00 1.380303527116775619e+00 1.288712906837463423e+00 1.204488986730575473e+00 1.130133926868438721e+00 1.087970250844955356e+00 1.071106972694396919e+00 1.059754405021667401e+00 1.050457110404968253e+00 1.047347182035446078e+00 1.045542773008346638e+00 1.042533438205718976e+00 1.038853570222854517e+00 1.036047472953796289e+00 1.031495304107665989e+00 1.026786062717437664e+00 1.023355102539062589e+00
1.302248511314392010e+00 1.813949002027511526e+00 2.016990748643875175e+00 2.041647613048553467e+00 1.860942897796630913e+00 1.706663912534713834e+00 1.602689306735992414e+00 1.448871335983276332e+00 1.379203023910522408e+00 1.288210678100585982e+00 1.203614909648895281e+00 1.129800013303756678e+00 1.087332403659820645e+00 1.070523673295974643e+00 1.059206150770187316e+00 1.048902328014373886e+00 1.045962021350860693e+00 1.044235922098159852e+00 1.041376676559448322e+00 1.037621437311172512e+00 1.035040512084960840e+00 1.030614019632339451e+00 1.026252069473266637e+00 1.022847701311111468e+00
