1.197215654253959594e+00 1.594374755620956430e+00 1.812456314563751114e+00 1.880093603134155300e+00 1.796787571907043413e+00 1.685457352399825970e+00 1.561985919475555429e+00 1.426940871477127004e+00 1.320545402765274101e+00 1.235003277063369653e+00 1.150529924631118694e+00 1.094063032865524310e+00 1.046946368217468226e+00 1.026762915849685598e+00 1.015273945331573557e+00 1.008721645474433881e+00 1.002367514967918316e+00 1.000393701195716911e+00 9.977592498064040694e-01 9.971964782476425704e-01 9.970350629091262462e-01 9.951557439565658081e-01 9.939044213294982999e-01 9.902922028303146051e-01
1.199600217342376762e+00 1.610408880710601842e+00 1.816200114488601747e+00 1.884131084680557233e+00 1.804594984054565421e+00 1.687154651880264256e+00 1.564729827642440840e+00 1.433385649919509897e+00 1.323578354120254597e+00 1.238711528778076110e+00 1.155783468484878451e+00 1.099953006505966169e+00 1.051545102596282977e+00 1.031915210485458312e+00 1.019890169501304733e+00 1.013173682689666677e+00 1.006566263437271180e+00 1.004231979250907791e+00 1.001146308183670008e+00 9.999429029226303278e-01 9.988655596971511841e-01 9.958006995916366400e-01 9.935744559764861927e-01 9.892061716318130138e-01
1.187817675471305900e+00 1.606641577482223582e+00 1.800797005891799918e+00 1.886137417554855311e+00 1.798365018367767298e+00 1.685146309137344423e+00 1.567129625082015920e+00 1.433635110855102646e+00 1.326194897890091040e+00 1.238421882390976059e+00 1.155691515207290632e+00 1.098918044567108065e+00 1.051446596384048471e+00 1.031108791828155624e+00 1.018295981287956176e+00 1.011727787852287230e+00 1.005360802412033072e+00 1.003563665747642553e+00 1.000713716745376569e+00 9.997945809364319203e-01 9.992973518371581765e-01 9.968212473392487061e-01 9.944777911901474532e-01 9.900165003538131669e-01
1.169798154830932635e+00 1.590397304296493619e+00 1.799411392211914151e+00 1.878555787801742483e+00 1.796533932685852042e+00 1.682486560344696125e+00 1.561240769624710145e+00 1.428068083524703935e+00 1.321087739467620814e+00 1.234672313928604215e+00 1.151550408601760944e+00 1.096388083696365312e+00 1.048600370883941757e+00 1.028063824176788321e+00 1.015485372543335041e+00 1.008898152112960744e+00 1.002431579828262365e+00 1.000420966148376500e+00 9.978558075428008989e-01 9.967912191152572543e-01 9.959552830457687467e-01 9.938276386260986861e-01 9.918081539869308960e-01 9.874914807081222046e-01
1.166605140566825849e+00 1.613226280212402441e+00 1.804930777549743626e+00 1.888890967369079688e+00 1.808820199966430620e+00 1.687620217800140487e+00 1.566863132715225149e+00 1.433832049369812012e+00 1.328761019706726110e+00 1.239995837211608887e+00 1.157644320726394671e+00 1.100948860645294181e+00 1.053277584314346260e+00 1.032994610071182207e+00 1.020570136308670106e+00 1.014019976854324323e+00 1.007356601357459969e+00 1.005175403952598634e+00 1.002771648168563789e+00 1.001877698302269026e+00 1.001182631254196265e+00 9.989856487512588368e-01 9.970533287525177313e-01 9.927200889587401988e-01
1.181829828619956890e+00 1.596188606023788426e+00 1.815936807394027630e+00 1.883102927207946697e+00 1.793936307430267441e+00 1.682392482757568253e+00 1.559505903720855624e+00 1.427988430261611930e+00 1.319094445705413898e+00 1.234464848041534335e+00 1.151359585523605400e+00 1.094484412670135409e+00 1.047314162254333603e+00 1.026489228010177612e+00 1.014347575306892457e+00 1.007764773368835520e+00 1.000755388736724871e+00 9.989156770706176802e-01 9.958510035276413319e-01 9.948236143589019864e-01 9.943835628032684504e-01 9.923315584659576638e-01 9.902495747804641590e-01 9.863810932636261075e-01
1.186204932332038942e+00 1.608241738080978367e+00 1.817017265558242833e+00 1.884887799024581811e+00 1.803710851669311444e+00 1.686910189390182557e+00 1.565613694190979066e+00 1.433406437635421860e+00 1.325025089979171788e+00 1.240009527206420881e+00 1.155899893045425397e+00 1.099176807403564382e+00 1.051450734138488663e+00 1.030784776210784903e+00 1.018581532835960424e+00 1.012243544459342948e+00 1.005172215104103151e+00 1.002988004088401830e+00 1.000088505148887696e+00 9.990418356657028154e-01 9.984948790073394642e-01 9.960641229152679132e-01 9.936575859785079512e-01 9.892317616939544367e-01
1.209825395345687893e+00 1.615141136646270681e+00 1.825691602230071986e+00 1.898219212293624780e+00 1.807701849937438876e+00 1.688926334381103622e+00 1.570667153596878141e+00 1.437511962652206376e+00 1.329727976322174099e+00 1.243304816484451347e+00 1.158295658826828056e+00 1.102034105062484670e+00 1.054839313030242920e+00 1.034748526811599678e+00 1.022624129056930453e+00 1.016410503387451092e+00 1.009672676324844254e+00 1.007776079177856499e+00 1.005227500796318063e+00 1.004425029754638654e+00 1.003851283192634503e+00 1.001628391742706237e+00 9.997962927818297985e-01 9.955459618568420765e-01
1.207195687294006392e+00 1.610107405185699392e+00 1.824553459882736206e+00 1.896090273857116593e+00 1.797329658269882113e+00 1.687806297540664691e+00 1.564810329675674350e+00 1.430434330701827905e+00 1.323605509996414131e+00 1.239165837764740097e+00 1.153344399929046693e+00 1.097979197502136239e+00 1.050399055480957022e+00 1.029683932065963647e+00 1.017912967205047536e+00 1.011708229184150598e+00 1.005307453870773360e+00 1.003032160997390676e+00 9.998979920148849398e-01 9.986987602710724055e-01 9.980445629358292159e-01 9.953468966484070313e-01 9.927668070793151944e-01 9.881974512338638217e-01
1.193536671400070137e+00 1.607143633365631041e+00 1.820331572294235256e+00 1.884641405344009479e+00 1.802274727821350009e+00 1.688835703134536681e+00 1.566535631418228158e+00 1.434320368766784703e+00 1.327467927932739267e+00 1.241505644321441615e+00 1.156990647315979004e+00 1.099928643703460773e+00 1.052886695861816380e+00 1.032688412666320721e+00 1.020567588210105958e+00 1.014364036917686507e+00 1.007688934206962594e+00 1.005535645484924245e+00 1.002753689885139465e+00 1.002007081508636377e+00 1.001498643755912799e+00 9.990803104639053300e-01 9.969269245862960593e-01 9.926157337427139460e-01
1.210379357337951767e+00 1.623230057954788252e+00 1.821566035747528067e+00 1.893105242252349774e+00 1.804192931652069065e+00 1.690864092111587613e+00 1.565924611091613849e+00 1.434910504817962673e+00 1.328159506320953476e+00 1.240869065523147574e+00 1.157516660690307564e+00 1.100476363897323617e+00 1.053275845050811732e+00 1.032353612184524483e+00 1.020588343739509574e+00 1.014090936779975971e+00 1.007322456240653974e+00 1.005345817804336628e+00 1.002496046423912102e+00 1.001696366667747418e+00 1.001101704239845347e+00 9.987962359189986872e-01 9.964967173337936357e-01 9.921708792448044045e-01
1.210184078216552717e+00 1.618619704246520907e+00 1.820433613061904987e+00 1.896222114562988281e+00 1.806474432945251563e+00 1.693346129655838084e+00 1.569163992404937646e+00 1.436383888721466162e+00 1.328243496417999214e+00 1.243051999807357699e+00 1.158374866247177115e+00 1.101673983335494933e+00 1.054635171890258682e+00 1.033964596986770568e+00 1.021783765554428181e+00 1.014941239356994540e+00 1.007982352972030649e+00 1.006067168712615922e+00 1.003186020851135174e+00 1.002421638965606654e+00 1.001914250254630989e+00 9.995397943258285123e-01 9.974313861131668402e-01 9.930848455429077681e-01
1.194616659283638027e+00 1.600500969886779812e+00 1.825604702234268295e+00 1.897287443876266577e+00 1.801517586708068830e+00 1.689142484664917010e+00 1.567189080715179372e+00 1.436047160625457675e+00 1.327269172668457120e+00 1.240189409255981534e+00 1.156569085121154750e+00 1.100187404155731130e+00 1.052989643812179521e+00 1.032382960319519150e+00 1.020567561984062177e+00 1.014179663658142161e+00 1.007541387081146267e+00 1.005349075794220060e+00 1.002687960267066858e+00 1.001809061765670750e+00 1.001295114755630600e+00 9.990326815843582065e-01 9.968217676877975109e-01 9.926257586479186878e-01
1.187996641993522617e+00 1.607082333564758381e+00 1.823446055650711051e+00 1.880042194128036526e+00 1.804691349267959488e+00 1.688912860155105555e+00 1.562869259119033849e+00 1.433562331199645934e+00 1.324456117153167689e+00 1.238225216865539657e+00 1.154814182519912746e+00 1.098948303461074749e+00 1.051282863616943342e+00 1.030294705629348773e+00 1.018565407395362943e+00 1.012107075452804539e+00 1.005672982335090726e+00 1.004097860455513080e+00 1.001233624815940804e+00 1.000398116707801766e+00 9.999445033073425249e-01 9.977350926399231046e-01 9.959004169702529996e-01 9.920155113935470448e-01
1.208684018850326503e+00 1.627009195089340166e+00 1.823902013301849312e+00 1.895667134523391750e+00 1.808122991323471096e+00 1.694578205347061051e+00 1.571531679630279621e+00 1.439218688011169478e+00 1.330899415016174370e+00 1.242758412361145037e+00 1.158642698526382464e+00 1.102032253742218026e+00 1.054501490592956614e+00 1.033447331190109342e+00 1.021207468509674143e+00 1.014483308792114347e+00 1.007385845780372602e+00 1.005878960490226737e+00 1.003398309946060163e+00 1.003017251491546524e+00 1.002960221767425608e+00 1.001246601939201453e+00 9.995057386159896806e-01 9.952289599180221824e-01
1.192560952305793842e+00 1.615365635156631452e+00 1.811649284362792933e+00 1.889310027360916244e+00 1.799575891494751056e+00 1.684205135107040396e+00 1.568572795391082852e+00 1.435254497528076101e+00 1.325430943965911768e+00 1.241646330356597883e+00 1.155921677350997934e+00 1.099928573369979956e+00 1.053142619132995561e+00 1.032150307893753061e+00 1.020147888660430935e+00 1.013281969428062368e+00 1.006260908842086854e+00 1.004310894012451216e+00 1.001501398682594246e+00 1.000213372111320442e+00 9.991381269693374589e-01 9.962500053644179898e-01 9.938124507665634377e-01 9.894397956132888750e-01
1.198216550350189147e+00 1.592212721109390161e+00 1.808427251577377382e+00 1.876222896575927779e+00 1.802464298009872401e+00 1.683039184808731159e+00 1.560277985334396433e+00 1.431973960399627765e+00 1.326465237140655562e+00 1.238044077157974154e+00 1.154418886899948093e+00 1.096366872787475577e+00 1.049516710042953438e+00 1.028837205171585056e+00 1.017055168747901917e+00 1.010577719211578351e+00 1.003621802926063511e+00 1.001519190073013377e+00 9.988883107900619063e-01 9.982637536525725830e-01 9.982121086120605558e-01 9.965200030803680331e-01 9.946512269973755149e-01 9.905490589141845437e-01
1.201763191819190890e+00 1.624383029937744194e+00 1.823480648994445730e+00 1.875791929960250792e+00 1.800383949279785067e+00 1.685936710834503138e+00 1.559120090007781956e+00 1.435625253915786770e+00 1.324297689199447570e+00 1.239758881330490059e+00 1.155885460376739449e+00 1.099172432422637957e+00 1.052163082361221358e+00 1.031330292224883927e+00 1.018964008092880347e+00 1.012144578695297170e+00 1.005762469768524126e+00 1.003921744227409318e+00 1.001060820221900904e+00 1.000499262809753320e+00 9.996310168504715099e-01 9.968991500139235962e-01 9.948237407207488614e-01 9.903049939870833818e-01
1.193985261917114293e+00 1.614783906936645419e+00 1.809014782905578711e+00 1.889410079717636082e+00 1.793701936006546038e+00 1.689421037435531625e+00 1.561975035667419354e+00 1.434585777521133476e+00 1.324045910835266016e+00 1.238978631496429506e+00 1.157505456209182659e+00 1.100435588359832684e+00 1.052230731248855689e+00 1.031886968612670819e+00 1.019447280168533254e+00 1.013296598792076120e+00 1.006430553793907112e+00 1.004590405225753713e+00 1.001551119089126640e+00 1.000439559221267594e+00 9.995644581317901789e-01 9.972403031587601108e-01 9.950915330648422152e-01 9.910907632112503363e-01
1.201514703035354570e+00 1.599160354137420637e+00 1.817477300167083643e+00 1.891284043788910019e+00 1.802238072156906235e+00 1.686069433689117325e+00 1.566233935356140083e+00 1.431411288976669249e+00 1.324613320827484175e+00 1.236590412855148369e+00 1.155022568702697816e+00 1.097245979309082076e+00 1.050305892229080218e+00 1.029295346736907923e+00 1.017290679216384941e+00 1.011043040156364370e+00 1.004403716921806300e+00 1.002101863622665512e+00 9.992648595571518300e-01 9.982422322034836260e-01 9.975069367885589511e-01 9.952521640062331754e-01 9.933456510305405107e-01 9.891675466299056918e-01
1.208945714235305724e+00 1.610136134624481130e+00 1.807465307712554869e+00 1.886057170629501289e+00 1.794191695451736512e+00 1.686727640628814751e+00 1.565734043121337793e+00 1.434083044528961182e+00 1.327035144567489722e+00 1.238663336038589469e+00 1.156286375522613596e+00 1.098762526512145898e+00 1.051972194910049341e+00 1.031159476041793921e+00 1.019173626899719132e+00 1.012772998213768094e+00 1.005890694260597185e+00 1.003945824503898576e+00 1.001176092624664227e+00 1.000363105535507113e+00 9.997519242763519554e-01 9.976414918899536577e-01 9.957153600454330400e-01 9.915099054574966209e-01
1.185914314389228785e+00 1.614540077447891298e+00 1.834769617319107038e+00 1.890443410873413166e+00 1.807169226408004814e+00 1.690693207979202306e+00 1.569199751615524274e+00 1.434861940145492509e+00 1.329451109170913803e+00 1.240949255228042558e+00 1.158853255510330138e+00 1.102315922975540152e+00 1.053398314714431683e+00 1.033501672744751021e+00 1.021902945637702897e+00 1.015537899732589677e+00 1.008691901564598092e+00 1.006887491941452106e+00 1.004659849405288741e+00 1.004334895014762807e+00 1.004284762144088683e+00 1.002772106528282192e+00 1.001257694959640565e+00 9.971860927343368930e-01
1.198376970291137766e+00 1.618498712778091431e+00 1.821124736070632855e+00 1.893493132591247630e+00 1.806470779180526787e+00 1.692333937883377049e+00 1.566886941194534311e+00 1.436386654376983651e+00 1.327558466196060216e+00 1.239975483417510960e+00 1.158346999883651751e+00 1.100702576637268004e+00 1.053168253898620677e+00 1.032184958457946777e+00 1.020318731665611267e+00 1.014162821769714284e+00 1.007529724240302960e+00 1.005393605828285297e+00 1.002276503443717992e+00 1.000891872048377929e+00 9.997389996051788685e-01 9.968182158470153542e-01 9.939219546318054377e-01 9.893588936328887584e-01
1.188046047687530526e+00 1.622397695779800308e+00 1.825658601522445634e+00 1.887388572692871191e+00 1.805669806003570521e+00 1.690832712650299108e+00 1.570488317012786794e+00 1.433608292341232326e+00 1.328941351175308316e+00 1.239690119028091342e+00 1.155521373748779279e+00 1.099285517930984390e+00 1.052510836124420202e+00 1.032745001316070610e+00 1.020645305514335632e+00 1.014405514001846420e+00 1.007387676239013707e+00 1.005287310481071561e+00 1.002811778187751690e+00 1.001772898435592696e+00 1.000965184569358790e+00 9.986113166809081898e-01 9.962660634517669367e-01 9.916601091623306052e-01
1.205288774371147120e+00 1.606876293420791635e+00 1.825969853401184118e+00 1.893113131523132431e+00 1.803560246229171771e+00 1.689955945014953720e+00 1.568160870075225866e+00 1.433653473854064941e+00 1.327206891775131181e+00 1.239879277944564873e+00 1.155293663740158072e+00 1.099317201375961339e+00 1.050699807405471864e+00 1.030755116939544580e+00 1.018481979966163742e+00 1.011898161768913340e+00 1.005399059653282245e+00 1.003280903697013837e+00 1.000545517206192114e+00 9.999620497226715532e-01 9.992484200000762984e-01 9.969319015741348045e-01 9.948552608489990012e-01 9.906131154298782882e-01
1.216563111543655484e+00 1.617342618703842216e+00 1.814894721508026221e+00 1.898893233537674030e+00 1.801346147060394198e+00 1.689198389053344629e+00 1.563039013147354162e+00 1.431156260967254568e+00 1.326192384958267301e+00 1.239329268932342520e+00 1.155362452268600570e+00 1.099081646203994733e+00 1.052744154930114640e+00 1.030810648202896029e+00 1.019267042279243363e+00 1.012646716833114580e+00 1.006209555268287703e+00 1.004479992389678999e+00 1.001761169433593723e+00 1.000818206667900112e+00 1.000162267088890111e+00 9.979775696992874146e-01 9.960303437709808749e-01 9.918808937072753906e-01
1.190325737595558264e+00 1.627723786830902020e+00 1.819276380538940474e+00 1.889165532588958696e+00 1.806858752965927017e+00 1.693295692205428971e+00 1.566012035608291608e+00 1.435739011764526341e+00 1.328788007497787582e+00 1.241121461391448966e+00 1.156974498033523480e+00 1.100801000595092782e+00 1.052926133871078473e+00 1.032252340316772488e+00 1.020086831450462306e+00 1.013423354029655554e+00 1.006480720639228776e+00 1.004214440584182633e+00 1.001549375057220415e+00 1.000670627951621983e+00 9.998334968090056840e-01 9.972564661502838490e-01 9.952843660116195146e-01 9.911182475090026811e-01
1.209371007084846461e+00 1.612139440774917665e+00 1.827590824365615818e+00 1.890965454578399596e+00 1.800346366167068446e+00 1.688784660100936863e+00 1.569102300405502248e+00 1.438092674016952621e+00 1.329119354486465454e+00 1.241186758279800406e+00 1.157438898086547763e+00 1.101308940649032619e+00 1.053927329778671318e+00 1.032813670635223335e+00 1.020474195480346680e+00 1.014167142510414177e+00 1.007469506263732884e+00 1.005459137558937011e+00 1.002647823691368068e+00 1.001809154152870196e+00 1.001342422962188783e+00 9.989938426017761497e-01 9.969920158386230691e-01 9.926984775066375333e-01
1.208107387423515311e+00 1.618465584516525224e+00 1.829259335994720459e+00 1.901821179389953542e+00 1.806922055482864442e+00 1.690435789823532042e+00 1.568784550428390601e+00 1.440285423994064340e+00 1.329186172485351536e+00 1.243037652969360307e+00 1.158715741634368968e+00 1.101887780427932784e+00 1.054653714895248395e+00 1.034359629154205429e+00 1.021939541101455795e+00 1.015508426427841115e+00 1.008747794032096801e+00 1.007028893828392002e+00 1.004229187965393066e+00 1.003225341439247131e+00 1.002612060308456510e+00 1.000371028184890765e+00 9.993463969230651500e-01 9.955201846361160234e-01
1.179527726173400959e+00 1.597721695899963379e+00 1.827104116678238022e+00 1.886680961847305271e+00 1.798605809211730966e+00 1.692005615234374982e+00 1.565789537429809641e+00 1.434341864585876536e+00 1.324155102968215925e+00 1.239994636774063075e+00 1.156535148620605469e+00 1.099170970916748091e+00 1.051757613420486459e+00 1.031668171882629492e+00 1.018584091663360613e+00 1.012088004350662152e+00 1.005738677382469248e+00 1.003568172454833984e+00 1.000593038797378487e+00 9.998119997978210938e-01 9.989765489101409823e-01 9.965289139747619540e-01 9.942816853523254172e-01 9.899574548006058183e-01
1.198696327209472612e+00 1.614686397314071709e+00 1.806389960050582832e+00 1.876679360866546631e+00 1.795835851430892971e+00 1.687919721603393652e+00 1.562126021385192853e+00 1.433468897342681903e+00 1.326240600347518894e+00 1.240332241058349716e+00 1.155332111120223937e+00 1.097529294490814156e+00 1.050869213342666697e+00 1.031635584831237740e+00 1.019404302239418136e+00 1.012540840506553685e+00 1.006253663897514361e+00 1.004124042987823540e+00 1.000849634408950806e+00 1.000043908357620248e+00 9.997026461362839012e-01 9.975771158933639526e-01 9.955425202846527322e-01 9.912591522932052701e-01
1.175268164277076810e+00 1.589448853731155298e+00 1.805076234340667662e+00 1.895411967039108303e+00 1.795601153373718173e+00 1.687852011919021677e+00 1.559551756381988508e+00 1.431008210182189933e+00 1.323888949155807460e+00 1.237289161682128880e+00 1.153379852771759140e+00 1.096966887712478744e+00 1.049142704010009863e+00 1.029002206325531077e+00 1.016671887040138333e+00 1.010309759974479693e+00 1.003158746361732412e+00 1.000959686636924806e+00 9.981799066066742165e-01 9.974327570199966742e-01 9.967687916755676447e-01 9.947303164005280030e-01 9.930272865295409757e-01 9.894202184677124423e-01
1.170219580531120407e+00 1.615154896974563492e+00 1.824886169433593830e+00 1.889514210224151558e+00 1.810149458646774345e+00 1.691433206796646216e+00 1.570574688911438033e+00 1.435547990798950124e+00 1.328736250400543106e+00 1.240482840538024822e+00 1.157568364143371609e+00 1.100660163164138838e+00 1.052864817380905205e+00 1.031859910488128751e+00 1.019451190233230609e+00 1.013217150568961999e+00 1.006481748223304828e+00 1.004753911495208651e+00 1.002075058817863518e+00 1.001319955587387067e+00 1.001040154695510775e+00 9.986796140670776145e-01 9.967150068283081588e-01 9.924242448806762651e-01
1.218045415878295845e+00 1.616989704370498604e+00 1.798698561191558909e+00 1.905912222862243599e+00 1.812243856191635194e+00 1.691257771253585895e+00 1.571019613742828280e+00 1.439023679494857877e+00 1.328907711505889822e+00 1.244565935134887669e+00 1.160318748950958323e+00 1.102697757482528740e+00 1.055652445554733365e+00 1.034463912248611450e+00 1.022847057580947849e+00 1.016001222729682851e+00 1.009074594974517902e+00 1.006749408245086741e+00 1.003996487855911335e+00 1.002973552942276081e+00 1.002208946347236562e+00 9.996897798776626098e-01 9.976618987321853593e-01 9.932739412784576949e-01
1.198548048734664917e+00 1.607408020496368328e+00 1.805211760997772252e+00 1.894379321336746136e+00 1.806049361228942773e+00 1.691208168268203638e+00 1.566796821355819658e+00 1.437172533273696873e+00 1.330325623750686637e+00 1.242181875705719030e+00 1.159916135072708077e+00 1.102438173294067347e+00 1.055132330656051609e+00 1.033933830261230424e+00 1.022089365124702498e+00 1.015424073934555027e+00 1.008532721400260845e+00 1.006242220997810355e+00 1.003642217516899082e+00 1.002996166944503775e+00 1.002619168162345975e+00 1.000481178164482010e+00 9.984936690330505904e-01 9.942535048723221136e-01
1.202917587757110551e+00 1.618886446952819913e+00 1.807629905939102111e+00 1.884459848403930771e+00 1.792281632423400772e+00 1.683915622234344545e+00 1.562384008169174221e+00 1.431178942918777564e+00 1.324135905504226773e+00 1.238655692338943570e+00 1.155185793638229264e+00 1.098895257711410611e+00 1.051492393016815186e+00 1.030944783687591570e+00 1.019063209891319266e+00 1.012530468106269899e+00 1.006004866957664445e+00 1.003874433040618852e+00 1.001138527989387406e+00 1.000272133350372350e+00 9.998877137899399026e-01 9.978860086202621105e-01 9.963613855838775457e-01 9.930556935071944702e-01
1.184343307614326379e+00 1.623635571002960187e+00 1.809294974803924649e+00 1.886692914962768475e+00 1.800125274658203045e+00 1.684276186227798400e+00 1.562747546434402501e+00 1.431380462646484331e+00 1.325308448076248258e+00 1.240103662014007568e+00 1.154569597244262669e+00 1.098675154447555480e+00 1.050445623397827211e+00 1.029112675189971959e+00 1.016688067317008892e+00 1.010700811147689837e+00 1.004349031448364293e+00 1.002544444799423173e+00 9.995640581846236827e-01 9.986389660835266469e-01 9.977859681844711837e-01 9.953339219093322310e-01 9.931912261247635154e-01 9.886388939619064065e-01
1.200379596352577183e+00 1.620438754558563232e+00 1.818268772363662800e+00 1.891475511789321828e+00 1.804613937139511126e+00 1.690805832147598275e+00 1.569679219722747820e+00 1.434378393888473546e+00 1.329170687198638845e+00 1.241416027545928946e+00 1.157177277803421056e+00 1.101075429916381854e+00 1.052606682777404767e+00 1.032138625383377084e+00 1.020213226079940805e+00 1.013894055485725421e+00 1.006975204944610569e+00 1.005215855836868233e+00 1.002340831160545287e+00 1.001552053093910155e+00 1.001037865281104944e+00 9.988598370552063122e-01 9.969178819656372426e-01 9.927956783771514360e-01
1.208351718783378548e+00 1.610022046566009557e+00 1.812050422430038443e+00 1.885401715040206927e+00 1.803182891607284510e+00 1.686602874994277856e+00 1.567503619194030806e+00 1.437407160997390854e+00 1.326426750421524137e+00 1.242879928350448582e+00 1.158889206647872872e+00 1.102567864656448293e+00 1.054403357505798278e+00 1.033973094224929890e+00 1.021472787857055753e+00 1.014684872031211826e+00 1.008109576702117982e+00 1.006017661690711940e+00 1.003176978230476468e+00 1.002389117479324243e+00 1.001809247136115966e+00 9.993651139736176026e-01 9.973160362243652655e-01 9.931536138057708296e-01
1.208944771885871905e+00 1.611455035209655717e+00 1.821252397298812831e+00 1.892498984336852930e+00 1.801713480949401758e+00 1.691738556623458845e+00 1.568070870637893632e+00 1.438477797508239675e+00 1.328222159147262493e+00 1.242301224470138576e+00 1.158103673458099392e+00 1.101321707963943464e+00 1.053479869365692156e+00 1.031626392602920550e+00 1.020266252756118819e+00 1.014457526206970162e+00 1.007746508717537015e+00 1.005587552189826983e+00 1.003020254373550468e+00 1.002223773598670986e+00 1.001383294463157547e+00 9.989529478549957764e-01 9.967630529403685991e-01 9.922928541898727861e-01
1.205887369513511720e+00 1.625802109241485605e+00 1.811712826490402328e+00 1.892138516902923673e+00 1.805062971115112269e+00 1.694923049211502164e+00 1.573392391204833984e+00 1.439445732831954983e+00 1.331130597591400067e+00 1.244646912813186734e+00 1.159417432546615556e+00 1.103783628940582240e+00 1.056152884960174454e+00 1.035236996412277177e+00 1.023270799517631557e+00 1.016600476503372263e+00 1.009488940834999182e+00 1.007301927208900549e+00 1.004662440419197056e+00 1.003762299418449411e+00 1.002872657179832538e+00 1.000150580406188983e+00 9.979482066631316650e-01 9.931169426441193160e-01
1.202874330878257680e+00 1.599658075571060101e+00 1.817085095643997228e+00 1.879557020664215150e+00 1.800318319797515887e+00 1.684012718200683656e+00 1.563187546730041566e+00 1.431700588464736912e+00 1.323788596391677785e+00 1.238218201398849416e+00 1.155098876953124964e+00 1.097606575489044278e+00 1.050106606483459437e+00 1.029543162584304783e+00 1.017196512222290128e+00 1.010235341787338204e+00 1.003776505589485168e+00 1.002124926447868436e+00 9.992920464277267323e-01 9.985173279047012684e-01 9.979631882905960483e-01 9.959635031223297297e-01 9.943248349428176480e-01 9.909903657436370805e-01
1.177072798609733573e+00 1.598767317533493104e+00 1.815264176130294782e+00 1.890291790962219221e+00 1.804995405673980757e+00 1.690860924720764213e+00 1.565670826435089147e+00 1.436466486454009983e+00 1.328560004234313974e+00 1.241382993459701600e+00 1.157582010030746567e+00 1.101375845670700127e+00 1.053786469697952199e+00 1.033414219617843521e+00 1.021741068959236109e+00 1.015044824481010410e+00 1.008179337382316687e+00 1.006222622990608162e+00 1.003317064046859830e+00 1.002370738983154208e+00 1.001897245645523071e+00 9.999099761247635110e-01 9.984077537059783403e-01 9.946814793348311978e-01
1.210851436257362357e+00 1.608520275354385465e+00 1.819395765066146753e+00 1.895699229240417560e+00 1.802067639827728218e+00 1.688290604352951085e+00 1.560670524835586548e+00 1.430123642683029273e+00 1.323345633745193428e+00 1.235369812250137311e+00 1.152057733535766681e+00 1.095360774993896502e+00 1.047515187263488690e+00 1.026978666782379257e+00 1.015305978059768632e+00 1.008906947374343943e+00 1.002146809697151086e+00 1.000027468204498282e+00 9.975414705276489657e-01 9.970478373765945257e-01 9.960820114612579657e-01 9.936509704589844283e-01 9.912761080265045655e-01 9.875099641084671420e-01
1.199161915779113796e+00 1.617693054676055953e+00 1.815886127948761031e+00 1.883866307735443169e+00 1.804448496103286725e+00 1.691669358015060354e+00 1.563819035291671655e+00 1.436744869947433445e+00 1.327322636842727555e+00 1.239414956569671711e+00 1.155881663560867301e+00 1.099232127666473380e+00 1.050581135749816930e+00 1.029969938993454015e+00 1.017727310061454782e+00 1.011256889104843237e+00 1.004939828515052813e+00 1.003046273589134119e+00 1.000491364002227712e+00 9.998375743627547774e-01 9.993065476417541948e-01 9.969497931003570290e-01 9.947918361425399647e-01 9.903572130203247559e-01
1.193323174118995578e+00 1.611919674873351971e+00 1.814994417428970275e+00 1.893872298002243104e+00 1.794178789854049771e+00 1.686519320011139023e+00 1.566310881376266506e+00 1.435412108898162842e+00 1.326546072959899902e+00 1.238934507369995108e+00 1.153810362815856916e+00 1.097238087654113681e+00 1.049858413934707579e+00 1.029934395551681536e+00 1.017958064675331009e+00 1.011431379318237234e+00 1.004675409793853724e+00 1.002815110683441091e+00 1.000200319886207501e+00 9.995077204704284624e-01 9.988278937339782892e-01 9.962928479909897161e-01 9.939819681644439520e-01 9.895870167016983521e-01
1.211456148624420193e+00 1.597692937850952122e+00 1.826853644847869829e+00 1.893523967266082852e+00 1.801107070446014369e+00 1.690978971719741875e+00 1.567618421316146815e+00 1.435073795318603462e+00 1.326175527572631907e+00 1.238778855800628742e+00 1.155517945289611825e+00 1.098545156717300353e+00 1.051702219247818038e+00 1.029993969202041670e+00 1.018400850892067000e+00 1.011882559657096836e+00 1.004999573826789838e+00 1.003439593911170880e+00 1.000427673459053146e+00 9.995478701591491433e-01 9.989339274168014260e-01 9.964862459897995128e-01 9.943597596883774203e-01 9.899221152067184670e-01
1.201227650046348572e+00 1.612977508306503216e+00 1.818716086149215760e+00 1.890995317697524936e+00 1.800350487232208252e+00 1.685661334991455096e+00 1.566428214311599731e+00 1.434432480335235516e+00 1.325104243755340638e+00 1.238062704801559555e+00 1.155907237529754550e+00 1.098484257459640512e+00 1.050554665327072090e+00 1.030363905429840132e+00 1.018225429058075004e+00 1.011962540149688783e+00 1.005012122392654472e+00 1.003266615867614675e+00 1.000728452205657870e+00 1.000139953494072032e+00 9.995032882690429998e-01 9.972801643610000877e-01 9.953982847929000455e-01 9.918168300390243219e-01
1.203377839326858600e+00 1.624830855131149221e+00 1.814404865503311148e+00 1.891248109340667671e+00 1.795108526945114136e+00 1.692222026586532646e+00 1.570510462522506812e+00 1.438731378316879361e+00 1.328405272960662797e+00 1.241143804788589433e+00 1.156659600734710747e+00 1.101487185955047687e+00 1.053187156915664779e+00 1.032767955064773480e+00 1.020499243736266992e+00 1.014583722352981665e+00 1.008133905529975838e+00 1.006012665033340525e+00 1.003000708222389292e+00 1.002255487442016646e+00 1.001661180853843591e+00 9.993926107883452925e-01 9.973108255863190053e-01 9.930118763446807995e-01
1.203439848423004221e+00 1.633664307594299370e+00 1.821340519189834639e+00 1.889066178798675555e+00 1.803802850246429390e+00 1.698919286727905265e+00 1.572448716163635352e+00 1.440902576446533301e+00 1.332358500957488978e+00 1.245431574583053536e+00 1.161741939783096367e+00 1.104852200746536228e+00 1.057504148483276341e+00 1.036594208478927692e+00 1.024262637495994666e+00 1.017959104776382517e+00 1.010989243984222519e+00 1.009068017005920304e+00 1.006161999702453569e+00 1.005130754113197300e+00 1.004726785421371504e+00 1.002768201828002859e+00 1.000922684669494522e+00 9.972566974163055153e-01
1.191787778139114407e+00 1.626913049221038854e+00 1.820697412490844824e+00 1.889048967361450115e+00 1.799341031312942540e+00 1.682244099378585878e+00 1.563370479345321584e+00 1.431508533954620299e+00 1.325850502252578833e+00 1.240106364488601676e+00 1.155303044319152761e+00 1.099042559862136947e+00 1.051005175113677970e+00 1.029959039688110423e+00 1.018306641578674343e+00 1.011855052709579539e+00 1.005039595365524230e+00 1.003192979097366377e+00 1.000246911048889187e+00 9.993911767005920765e-01 9.987022989988326716e-01 9.963161063194274636e-01 9.942780554294585738e-01 9.899388939142227395e-01
1.200479702353477451e+00 1.605086768865585434e+00 1.816468449831008858e+00 1.888700543642044094e+00 1.806244857311248841e+00 1.676740189790725699e+00 1.566536046266555848e+00 1.429426984786987376e+00 1.324421788454055893e+00 1.236969027519225994e+00 1.153930094242096027e+00 1.097022827863693317e+00 1.049631088972091675e+00 1.027987163066863996e+00 1.016988575458526611e+00 1.010394456982612654e+00 1.003706852197647104e+00 1.001774019598960841e+00 9.993759071826935347e-01 9.983977973461151123e-01 9.976793873310089156e-01 9.952402621507644431e-01 9.930951905250549050e-01 9.884618121385574385e-01
1.199294595718383816e+00 1.622777525186538616e+00 1.815303776264190594e+00 1.891710410118103036e+00 1.809494874477386439e+00 1.686057614088058543e+00 1.565322589874267534e+00 1.432337707281112760e+00 1.324394524097442627e+00 1.238925167322158849e+00 1.156084055900573837e+00 1.099311311244964617e+00 1.052658163309097228e+00 1.031616832017898666e+00 1.019466716647148052e+00 1.013022180795669636e+00 1.006559993028640854e+00 1.004532933831215002e+00 1.001541998982429460e+00 1.000734288096427838e+00 9.999254226684570757e-01 9.974571502208710028e-01 9.952104020118713867e-01 9.908133322000503007e-01
1.191184132099151638e+00 1.611735910177230835e+00 1.820047115087509049e+00 1.891329158544540423e+00 1.788792916536331212e+00 1.687449798583984473e+00 1.565064020156860414e+00 1.431739715337753349e+00 1.324793372154235760e+00 1.237000061273574758e+00 1.153346285820007422e+00 1.096409958600997880e+00 1.047816706895828176e+00 1.027185553312301547e+00 1.014938248991966274e+00 1.008225678801536462e+00 1.001852871775627207e+00 9.997401630878448575e-01 9.969141513109207597e-01 9.958878487348556963e-01 9.953880494832992865e-01 9.931991547346115112e-01 9.911092323064804033e-01 9.880253922939300493e-01
1.200390440225601152e+00 1.618425196409225553e+00 1.823051069974899185e+00 1.898464819192886344e+00 1.803556003570556676e+00 1.688350737094879150e+00 1.572768231630325309e+00 1.438301148414611763e+00 1.328343073129653940e+00 1.243421479463577173e+00 1.158644386529922521e+00 1.102135015726089406e+00 1.054633029699325597e+00 1.034234775304794240e+00 1.022183581590652368e+00 1.015888575911521929e+00 1.008753739595413146e+00 1.006725476384162876e+00 1.003919380903244063e+00 1.002900443077087367e+00 1.002305934429168710e+00 9.999955749511718617e-01 9.980990952253341320e-01 9.937355613708496183e-01
1.204934794902801531e+00 1.628274526596069416e+00 1.830914973020553616e+00 1.901881843805313110e+00 1.801558309793472201e+00 1.688647842407226651e+00 1.571042821407318213e+00 1.437420865297317496e+00 1.330643171072006137e+00 1.243644177913665771e+00 1.159454060792922903e+00 1.101831550598144638e+00 1.054516242742538523e+00 1.033573522567748926e+00 1.021836128234863361e+00 1.015012824535369784e+00 1.007990154027938789e+00 1.006289685964584457e+00 1.003560670018196044e+00 1.002536201477050692e+00 1.001520779132843098e+00 9.988998293876647505e-01 9.969293820858001753e-01 9.928432208299636796e-01
1.214755194187164378e+00 1.625736627578735272e+00 1.809873633384704528e+00 1.891177349090576110e+00 1.811726105213165239e+00 1.691873379945755040e+00 1.570886702537536594e+00 1.435107170343399074e+00 1.328785303831100384e+00 1.242837709188461259e+00 1.158441344499588022e+00 1.102156410217285165e+00 1.054422388076782235e+00 1.033400297164916992e+00 1.021270768642425608e+00 1.015148021578788695e+00 1.008847788572311499e+00 1.007079989910125706e+00 1.004478681087493941e+00 1.003764761686325002e+00 1.003075554370880029e+00 1.000823626518249521e+00 9.985320091247558150e-01 9.945862776041031195e-01
1.206508865356445304e+00 1.619193068742752040e+00 1.808473727703094447e+00 1.896916294097900302e+00 1.801779518127441415e+00 1.688910568952560531e+00 1.570350370407104457e+00 1.438633660078048715e+00 1.329198933839798036e+00 1.242308596372604379e+00 1.159416273832321265e+00 1.101992729902267376e+00 1.054494255781173617e+00 1.034036064147949130e+00 1.021253118515014657e+00 1.015194059610366795e+00 1.008338207006454379e+00 1.006156756877899072e+00 1.003272793292999232e+00 1.002570858597755521e+00 1.001725248694419923e+00 9.991867589950561568e-01 9.970073676109314498e-01 9.921891075372696323e-01
1.206103636622428921e+00 1.597794631719589242e+00 1.829863127470016559e+00 1.899169340133666894e+00 1.807922148704528720e+00 1.689229460954666084e+00 1.568836386203765976e+00 1.437830901145935147e+00 1.327257524728775007e+00 1.242308021783828709e+00 1.158046953678131041e+00 1.101077307462692279e+00 1.052961075305938632e+00 1.031916811466216943e+00 1.019791068434715342e+00 1.013587822914123526e+00 1.006339694261551010e+00 1.004193343520164428e+00 1.001569938659667924e+00 1.001442553400993418e+00 1.000972373485565114e+00 9.992125064134598222e-01 9.974157732725142944e-01 9.933030068874358909e-01
1.211469635963440039e+00 1.607838968038558969e+00 1.805279148817062307e+00 1.893225462436675999e+00 1.805013605356216466e+00 1.688175346851348957e+00 1.566222072839736912e+00 1.430964888334274265e+00 1.327948544025421063e+00 1.240759413242340070e+00 1.157889901399612453e+00 1.101469056606292796e+00 1.053134140968322807e+00 1.032783946990966761e+00 1.019854854941368183e+00 1.013726919889450073e+00 1.007429708242416400e+00 1.005302137136459439e+00 1.002597395777702349e+00 1.001662439107894986e+00 1.001328161954879725e+00 9.992392677068709927e-01 9.974320310354233277e-01 9.935944885015487449e-01
1.198900088667869568e+00 1.623995087146758998e+00 1.794700599908828798e+00 1.888746513128280569e+00 1.800396523475646937e+00 1.689639807939529392e+00 1.569061006307602035e+00 1.435769294500350846e+00 1.327919007539749119e+00 1.241730222702026376e+00 1.157083728313446080e+00 1.099792945384979292e+00 1.052237786054611268e+00 1.031478160619735629e+00 1.019637626409530595e+00 1.012976844906806839e+00 1.006029312610626114e+00 1.004091058969497574e+00 1.001483169794082695e+00 1.000616375803947466e+00 9.998760688304900723e-01 9.975864923000336004e-01 9.955553787946701538e-01 9.917759901285171376e-01
1.194649997353553816e+00 1.604538227319717514e+00 1.828386863470077506e+00 1.894408839941024825e+00 1.801938234567642239e+00 1.688202944993972832e+00 1.565198723077773968e+00 1.435378851890563912e+00 1.324118264913558995e+00 1.239638874530792245e+00 1.155738635063171316e+00 1.099917285442352233e+00 1.052135604619979903e+00 1.031173651218414200e+00 1.018867329955100987e+00 1.012733190655708215e+00 1.005809917449951074e+00 1.004147546291351389e+00 1.001669740676879972e+00 1.000738242864608774e+00 1.000160701274871888e+00 9.980651634931564375e-01 9.962889266014098855e-01 9.922152644395828558e-01
1.190923836827278093e+00 1.606965068578720013e+00 1.826822122335433951e+00 1.887032517194747960e+00 1.802727839946746791e+00 1.688764131069183438e+00 1.567470502853393510e+00 1.436164696216583270e+00 1.327912170886993426e+00 1.240799560546874902e+00 1.157079282999038616e+00 1.100846340656280509e+00 1.053619462251663252e+00 1.032887309789657593e+00 1.021187165379524142e+00 1.014799292087555038e+00 1.007978945374488733e+00 1.005740806460380554e+00 1.003133231401443393e+00 1.002228326797485414e+00 1.001964473724365146e+00 1.000170077085495102e+00 9.985989111661911499e-01 9.945576465129852828e-01
1.198056519031524658e+00 1.620356631278991655e+00 1.826054612398147592e+00 1.899907867908477765e+00 1.812313238382339486e+00 1.700552922487258867e+00 1.572667418718338039e+00 1.442845152616500926e+00 1.335500948429107604e+00 1.246877197027206341e+00 1.163293946981430071e+00 1.106085468530654925e+00 1.059136766195297286e+00 1.038022786378860474e+00 1.025726630091667202e+00 1.019251811504364058e+00 1.012477841377258381e+00 1.010115855932235629e+00 1.007490150928497252e+00 1.006843112707137999e+00 1.005874122381210434e+00 1.002622191309928912e+00 9.995663595199585361e-01 9.942771011590957331e-01
1.196821870207786631e+00 1.609399578571319545e+00 1.811400035619735727e+00 1.889518724679946970e+00 1.803159712553024319e+00 1.683118532896041852e+00 1.559644656181335520e+00 1.430284357070922940e+00 1.323566855192184422e+00 1.237972320318222019e+00 1.154462348222732526e+00 1.098368788957595932e+00 1.050716985464096087e+00 1.030449676513671919e+00 1.018767530918121444e+00 1.011940336823463404e+00 1.004740869998931974e+00 1.002578843832016009e+00 9.999071842432022406e-01 9.994963520765304255e-01 9.992898643016815408e-01 9.973196572065353704e-01 9.952971822023392034e-01 9.916617435216903420e-01
1.207285762429237463e+00 1.633599774837493968e+00 1.831615375280380320e+00 1.894643129110336277e+00 1.824926999807357841e+00 1.701027654409408507e+00 1.576828939914703298e+00 1.449480729103088450e+00 1.339519531726837132e+00 1.251938335895538268e+00 1.168320555686950701e+00 1.111584596633911071e+00 1.063329498767852765e+00 1.042387168407440168e+00 1.030414869785308829e+00 1.023868747353553710e+00 1.016825714707374484e+00 1.014876268506050172e+00 1.012363422513008038e+00 1.011660882830619723e+00 1.010910747051239067e+00 1.008407973647117650e+00 1.006269334554672268e+00 1.001181880235672006e+00
1.189126840829849208e+00 1.609286530017852712e+00 1.814751513004303041e+00 1.891175619363784755e+00 1.796232116222381547e+00 1.686698218584060660e+00 1.562772101163864225e+00 1.434595390558242700e+00 1.323975235223770142e+00 1.239706104993820279e+00 1.155433061122894234e+00 1.098933267593383833e+00 1.050914266109466588e+00 1.030515588521957460e+00 1.018605173230171301e+00 1.012111489176750201e+00 1.005575062036514256e+00 1.003855937123298681e+00 1.001201105117797807e+00 1.000625564455986050e+00 9.999813687801361040e-01 9.976552855968475741e-01 9.955828088521957442e-01 9.916986799240112838e-01
1.214063732624053982e+00 1.630254132747650075e+00 1.837258560657501150e+00 1.910865831375122115e+00 1.821289354562759311e+00 1.705067049264907819e+00 1.583482227325439418e+00 1.449706654548645002e+00 1.340533168315887425e+00 1.253458749055862409e+00 1.168833150863647363e+00 1.111739412546157935e+00 1.063556560277938878e+00 1.042744698524475044e+00 1.030569728612899860e+00 1.023919202685356078e+00 1.017083777785301235e+00 1.015183264613151559e+00 1.012402231097221383e+00 1.011538973450660794e+00 1.010832668542861912e+00 1.008434342145919871e+00 1.006374438405036820e+00 1.002264770269393868e+00
1.195141896009445093e+00 1.620972442626953169e+00 1.822637079954147366e+00 1.903262213468551733e+00 1.810861356258392396e+00 1.697544268369674647e+00 1.575318206548690814e+00 1.442707315683364966e+00 1.333245948553085425e+00 1.247221933603286814e+00 1.162878851890563947e+00 1.106849871873855529e+00 1.058618870973587089e+00 1.038094006776809630e+00 1.025974380373954720e+00 1.019119747281074462e+00 1.012030422091483972e+00 1.010292499065399197e+00 1.007144638299942052e+00 1.005819911360740671e+00 1.004601603746414273e+00 1.001720211505889857e+00 9.990445834398269387e-01 9.938877218961715831e-01
1.200239210724830530e+00 1.610550792217254612e+00 1.809998928308486965e+00 1.888680967092513985e+00 1.805631378889083871e+00 1.683794715404510534e+00 1.569419741630554199e+00 1.435157037973403993e+00 1.327682305574417132e+00 1.241763761043548575e+00 1.158109188079833984e+00 1.101209092140197798e+00 1.055285383462905902e+00 1.034591040611267054e+00 1.022536319494247392e+00 1.015914044380187953e+00 1.008894953727722088e+00 1.006404162645339939e+00 1.003535679578781092e+00 1.002207506299018780e+00 1.001628015041351238e+00 9.992292106151581255e-01 9.968871289491653132e-01 9.923887240886688499e-01
1.195789777636528051e+00 1.624285506010055613e+00 1.827814433574676434e+00 1.914512382745742869e+00 1.814830299615860065e+00 1.702701054811477599e+00 1.580625678300857651e+00 1.449928928613662737e+00 1.340178622007369924e+00 1.252712953090667769e+00 1.169473134279251036e+00 1.112289718389511073e+00 1.063766400814056379e+00 1.043504548072814897e+00 1.030727097988128671e+00 1.023782536387443542e+00 1.016860117316245926e+00 1.015085088610649056e+00 1.012077657580375600e+00 1.011142955422401402e+00 1.010484749078750522e+00 1.007973226308822579e+00 1.005686638951301504e+00 1.000260385870933577e+00
1.208741073012352008e+00 1.620073223114013583e+00 1.829390033483505151e+00 1.888750630617141768e+00 1.813510736227035514e+00 1.697666976451873699e+00 1.575630236864089984e+00 1.440609503984451312e+00 1.334515264034271231e+00 1.247103869915008545e+00 1.163110311031341659e+00 1.106598471403121842e+00 1.059183021783828726e+00 1.038545831441879175e+00 1.026623443961143467e+00 1.019786180853843760e+00 1.012906175851821855e+00 1.010704491138458172e+00 1.007803863883018458e+00 1.006630297303199750e+00 1.005521714687347412e+00 1.002965281605720627e+00 1.000731456279754683e+00 9.963039386272430908e-01
1.215717529654502860e+00 1.632048259973525983e+00 1.841688787937164395e+00 1.912936354875564682e+00 1.827830936908722004e+00 1.709970879554748580e+00 1.585431653261184737e+00 1.452759691476821935e+00 1.343319283723831248e+00 1.255639514923095668e+00 1.171117006540298489e+00 1.113648681640625027e+00 1.065094468593597465e+00 1.043951119184494125e+00 1.031720851659774674e+00 1.025108745694160550e+00 1.018495813608169653e+00 1.016637520790100169e+00 1.013563350439071753e+00 1.012506787180900591e+00 1.012015972137451092e+00 1.010066950321197421e+00 1.008310047388076836e+00 1.004447717666625994e+00
1.206013056039810127e+00 1.611668659448623586e+00 1.820337090492248455e+00 1.870877546072006181e+00 1.797537164688110423e+00 1.686463050842285094e+00 1.561540464162826547e+00 1.432313205003738377e+00 1.324674482345581161e+00 1.238105512857437196e+00 1.153745009899139307e+00 1.098478916883468548e+00 1.050557705163955635e+00 1.030210691690444991e+00 1.017728269100189209e+00 1.011226274967193639e+00 1.004456185698509252e+00 1.002970297932624710e+00 1.000039693117141804e+00 9.990617257356643188e-01 9.985940700769424527e-01 9.963509207963943126e-01 9.945506525039672363e-01 9.905490452051162187e-01
1.180971725583076504e+00 1.583159499168395934e+00 1.763378683328628460e+00 1.874068928956985403e+00 1.782556313276290938e+00 1.670000960826873770e+00 1.555846604108810372e+00 1.421044794321060234e+00 1.315910135507583512e+00 1.229964617490768353e+00 1.146923836469650348e+00 1.090192023515701214e+00 1.043876695632934615e+00 1.022826278209686190e+00 1.010770476460456813e+00 1.004696773886680550e+00 9.976833873987197565e-01 9.956102460622787698e-01 9.925904786586761119e-01 9.920422697067260431e-01 9.919389748573302912e-01 9.905215173959731612e-01 9.891659247875214112e-01 9.862515491247176858e-01
1.188142058253288225e+00 1.607568155527114850e+00 1.809370145797729590e+00 1.886717189550399798e+00 1.798559201955795217e+00 1.682079328298568655e+00 1.561652357578277694e+00 1.431938247680664134e+00 1.323607414960861206e+00 1.237210588455200266e+00 1.154206144809722945e+00 1.097932058572769209e+00 1.049831726551055944e+00 1.028777450323104858e+00 1.017073377370834253e+00 1.010686829090118311e+00 1.003975191712379367e+00 1.002068439126014621e+00 9.990164613723755416e-01 9.985159313678741988e-01 9.980032604932784768e-01 9.956786817312240911e-01 9.938228857517242831e-01 9.894877499341965255e-01
1.201661595106124913e+00 1.608884655237197814e+00 1.805558907985687300e+00 1.879257712364196697e+00 1.791452617645263645e+00 1.680550597906112609e+00 1.556427371501922563e+00 1.427328232526779095e+00 1.318645976781845031e+00 1.231901396512985247e+00 1.149807894229888827e+00 1.093033872842788634e+00 1.045078463554382386e+00 1.024309644103050143e+00 1.012531967163085911e+00 1.006273289322852982e+00 9.996478313207626254e-01 9.976037913560866777e-01 9.947872483730315629e-01 9.939712613821030107e-01 9.931528007984161688e-01 9.910624873638153032e-01 9.896662920713424905e-01 9.859901314973831266e-01
1.206213299036025921e+00 1.630016803741455078e+00 1.834628438949585050e+00 1.909021087884902990e+00 1.815787403583526638e+00 1.703278040885925382e+00 1.579570810794830305e+00 1.447609124183654838e+00 1.336955726146697998e+00 1.249720844030380196e+00 1.165814442634582448e+00 1.108849573135376021e+00 1.060836004018783640e+00 1.039568989276886013e+00 1.027116385102271989e+00 1.020493708848953185e+00 1.013969275951385418e+00 1.011997006535530153e+00 1.009176396727561986e+00 1.008060359358787572e+00 1.007086066603660512e+00 1.004417952895164445e+00 1.002124693989753679e+00 9.978563874959945901e-01
1.196939186453819248e+00 1.600516657829284650e+00 1.797841160297393825e+00 1.874906578063964879e+00 1.785260090827941903e+00 1.669945026636123764e+00 1.555864050388336084e+00 1.423775029182434038e+00 1.316174454689025941e+00 1.232064218521118137e+00 1.148872333765029952e+00 1.092849839925766009e+00 1.046527948379516681e+00 1.025768631696700961e+00 1.014062070250511205e+00 1.007623440027237027e+00 1.000807908773422295e+00 9.986978447437286910e-01 9.959227621555328813e-01 9.950983303785324585e-01 9.947536289691925049e-01 9.930841249227523315e-01 9.918201011419296442e-01 9.886350637674331532e-01
1.179711502790451005e+00 1.553524241447448828e+00 1.781188354492187598e+00 1.858733036518096959e+00 1.780784097909927421e+00 1.670361328125000044e+00 1.545445616245269882e+00 1.411935214996337784e+00 1.306025141477584750e+00 1.221768707036972046e+00 1.139167016744613736e+00 1.084346705675125033e+00 1.037361083030700737e+00 1.017384983897209105e+00 1.005595088601112463e+00 9.991927385330200417e-01 9.931141507625579345e-01 9.904709035158156816e-01 9.878426617383957442e-01 9.871981841325759843e-01 9.867836964130402011e-01 9.843231481313705622e-01 9.831386637687683505e-01 9.806630104780197366e-01
1.205795536637306320e+00 1.607505567073822084e+00 1.806411937475204565e+00 1.889216372966766366e+00 1.804080271720886142e+00 1.684395781755447352e+00 1.565355316400528052e+00 1.431203795671462942e+00 1.325397230386734071e+00 1.239132585525512642e+00 1.154216409921646092e+00 1.098458083868026680e+00 1.051300953626632673e+00 1.030416423082351596e+00 1.018090571165084945e+00 1.011585291624069294e+00 1.004857231974601639e+00 1.002791444659233200e+00 9.999180394411086858e-01 9.986386972665787232e-01 9.978067332506179721e-01 9.949051737785339355e-01 9.925890249013901157e-01 9.883943969011306230e-01
1.195363183617591751e+00 1.606024878025055003e+00 1.803780922889709482e+00 1.878545370101928791e+00 1.795936727523803622e+00 1.670406219959259086e+00 1.559812152385711581e+00 1.426301721334457318e+00 1.319492334127426059e+00 1.233716719150543151e+00 1.149943239688873353e+00 1.094159915447235010e+00 1.047405961751937786e+00 1.026930285692214895e+00 1.014892558455467331e+00 1.008735758066177324e+00 1.001854379773139847e+00 9.994754838943481490e-01 9.965819138288497525e-01 9.959213739633560047e-01 9.955742746591568215e-01 9.932653582096100386e-01 9.912211531400680897e-01 9.878667116165160689e-01
1.184960274696350124e+00 1.609063174724578937e+00 1.821181559562683017e+00 1.888662749528884799e+00 1.802831001281738343e+00 1.685286916494369569e+00 1.565502810478210494e+00 1.434450523853302073e+00 1.327162103652954173e+00 1.240060489177703840e+00 1.156017091274261555e+00 1.099580938816070663e+00 1.052343102693557686e+00 1.031671998500824028e+00 1.019539921879768274e+00 1.013241948485374522e+00 1.006510708332061688e+00 1.004594986438751114e+00 1.001739258766174423e+00 1.000936881899833653e+00 1.000359217524528610e+00 9.978622364997863370e-01 9.956010472774505793e-01 9.912759506702423229e-01
