1.081437929755528105e+00 1.081437929755528105e+00 1.081437929755528105e+00 1.081437929755528105e+00 1.081437929755528105e+00 1.081437929755528105e+00 1.081437929755528105e+00 1.081437929755528105e+00 1.081437929755528105e+00 1.081437929755528105e+00 1.081437929755528105e+00 1.081437929755528105e+00 1.081437929755528105e+00 1.081437929755528105e+00 1.081437929755528105e+00 1.081437929755528105e+00 1.081437929755528105e+00 1.081437929755528105e+00 1.081437929755528105e+00 1.081437929755528105e+00 1.081437929755528105e+00 1.081437929755528105e+00 1.081437929755528105e+00 1.081437929755528105e+00
1.081385739810939439e+00 1.081385739810939439e+00 1.081385739810939439e+00 1.081385739810939439e+00 1.081385739810939439e+00 1.081385739810939439e+00 1.081385739810939439e+00 1.081385739810939439e+00 1.081385739810939439e+00 1.081385739810939439e+00 1.081385739810939439e+00 1.081385739810939439e+00 1.081385739810939439e+00 1.081385739810939439e+00 1.081385739810939439e+00 1.081385739810939439e+00 1.081385739810939439e+00 1.081385739810939439e+00 1.081385739810939439e+00 1.081385739810939439e+00 1.081385739810939439e+00 1.081385739810939439e+00 1.081385739810939439e+00 1.081385739810939439e+00
1.081391882699129781e+00 1.081391882699129781e+00 1.081391882699129781e+00 1.081391882699129781e+00 1.081391882699129781e+00 1.081391882699129781e+00 1.081391882699129781e+00 1.081391882699129781e+00 1.081391882699129781e+00 1.081391882699129781e+00 1.081391882699129781e+00 1.081391882699129781e+00 1.081391882699129781e+00 1.081391882699129781e+00 1.081391882699129781e+00 1.081391882699129781e+00 1.081391882699129781e+00 1.081391882699129781e+00 1.081391882699129781e+00 1.081391882699129781e+00 1.081391882699129781e+00 1.081391882699129781e+00 1.081391882699129781e+00 1.081391882699129781e+00
1.081471616015620363e+00 1.081471616015620363e+00 1.081471616015620363e+00 1.081471616015620363e+00 1.081471616015620363e+00 1.081471616015620363e+00 1.081471616015620363e+00 1.081471616015620363e+00 1.081471616015620363e+00 1.081471616015620363e+00 1.081471616015620363e+00 1.081471616015620363e+00 1.081471616015620363e+00 1.081471616015620363e+00 1.081471616015620363e+00 1.081471616015620363e+00 1.081471616015620363e+00 1.081471616015620363e+00 1.081471616015620363e+00 1.081471616015620363e+00 1.081471616015620363e+00 1.081471616015620363e+00 1.081471616015620363e+00 1.081471616015620363e+00
1.081498102632618030e+00 1.081498102632618030e+00 1.081498102632618030e+00 1.081498102632618030e+00 1.081498102632618030e+00 1.081498102632618030e+00 1.081498102632618030e+00 1.081498102632618030e+00 1.081498102632618030e+00 1.081498102632618030e+00 1.081498102632618030e+00 1.081498102632618030e+00 1.081498102632618030e+00 1.081498102632618030e+00 1.081498102632618030e+00 1.081498102632618030e+00 1.081498102632618030e+00 1.081498102632618030e+00 1.081498102632618030e+00 1.081498102632618030e+00 1.081498102632618030e+00 1.081498102632618030e+00 1.081498102632618030e+00 1.081498102632618030e+00
1.081432818293922793e+00 1.081432818293922793e+00 1.081432818293922793e+00 1.081432818293922793e+00 1.081432818293922793e+00 1.081432818293922793e+00 1.081432818293922793e+00 1.081432818293922793e+00 1.081432818293922793e+00 1.081432818293922793e+00 1.081432818293922793e+00 1.081432818293922793e+00 1.081432818293922793e+00 1.081432818293922793e+00 1.081432818293922793e+00 1.081432818293922793e+00 1.081432818293922793e+00 1.081432818293922793e+00 1.081432818293922793e+00 1.081432818293922793e+00 1.081432818293922793e+00 1.081432818293922793e+00 1.081432818293922793e+00 1.081432818293922793e+00
1.081476789693558649e+00 1.081476789693558649e+00 1.081476789693558649e+00 1.081476789693558649e+00 1.081476789693558649e+00 1.081476789693558649e+00 1.081476789693558649e+00 1.081476789693558649e+00 1.081476789693558649e+00 1.081476789693558649e+00 1.081476789693558649e+00 1.081476789693558649e+00 1.081476789693558649e+00 1.081476789693558649e+00 1.081476789693558649e+00 1.081476789693558649e+00 1.081476789693558649e+00 1.081476789693558649e+00 1.081476789693558649e+00 1.081476789693558649e+00 1.081476789693558649e+00 1.081476789693558649e+00 1.081476789693558649e+00 1.081476789693558649e+00
1.081426558737676791e+00 1.081426558737676791e+00 1.081426558737676791e+00 1.081426558737676791e+00 1.081426558737676791e+00 1.081426558737676791e+00 1.081426558737676791e+00 1.081426558737676791e+00 1.081426558737676791e+00 1.081426558737676791e+00 1.081426558737676791e+00 1.081426558737676791e+00 1.081426558737676791e+00 1.081426558737676791e+00 1.081426558737676791e+00 1.081426558737676791e+00 1.081426558737676791e+00 1.081426558737676791e+00 1.081426558737676791e+00 1.081426558737676791e+00 1.081426558737676791e+00 1.081426558737676791e+00 1.081426558737676791e+00 1.081426558737676791e+00
1.081466608266479668e+00 1.081466608266479668e+00 1.081466608266479668e+00 1.081466608266479668e+00 1.081466608266479668e+00 1.081466608266479668e+00 1.081466608266479668e+00 1.081466608266479668e+00 1.081466608266479668e+00 1.081466608266479668e+00 1.081466608266479668e+00 1.081466608266479668e+00 1.081466608266479668e+00 1.081466608266479668e+00 1.081466608266479668e+00 1.081466608266479668e+00 1.081466608266479668e+00 1.081466608266479668e+00 1.081466608266479668e+00 1.081466608266479668e+00 1.081466608266479668e+00 1.081466608266479668e+00 1.081466608266479668e+00 1.081466608266479668e+00
1.081510252763959734e+00 1.081510252763959734e+00 1.081510252763959734e+00 1.081510252763959734e+00 1.081510252763959734e+00 1.081510252763959734e+00 1.081510252763959734e+00 1.081510252763959734e+00 1.081510252763959734e+00 1.081510252763959734e+00 1.081510252763959734e+00 1.081510252763959734e+00 1.081510252763959734e+00 1.081510252763959734e+00 1.081510252763959734e+00 1.081510252763959734e+00 1.081510252763959734e+00 1.081510252763959734e+00 1.081510252763959734e+00 1.081510252763959734e+00 1.081510252763959734e+00 1.081510252763959734e+00 1.081510252763959734e+00 1.081510252763959734e+00
1.081461854687816970e+00 1.081461854687816970e+00 1.081461854687816970e+00 1.081461854687816970e+00 1.081461854687816970e+00 1.081461854687816970e+00 1.081461854687816970e+00 1.081461854687816970e+00 1.081461854687816970e+00 1.081461854687816970e+00 1.081461854687816970e+00 1.081461854687816970e+00 1.081461854687816970e+00 1.081461854687816970e+00 1.081461854687816970e+00 1.081461854687816970e+00 1.081461854687816970e+00 1.081461854687816970e+00 1.081461854687816970e+00 1.081461854687816970e+00 1.081461854687816970e+00 1.081461854687816970e+00 1.081461854687816970e+00 1.081461854687816970e+00
1.081387684211852829e+00 1.081387684211852829e+00 1.081387684211852829e+00 1.081387684211852829e+00 1.081387684211852829e+00 1.081387684211852829e+00 1.081387684211852829e+00 1.081387684211852829e+00 1.081387684211852829e+00 1.081387684211852829e+00 1.081387684211852829e+00 1.081387684211852829e+00 1.081387684211852829e+00 1.081387684211852829e+00 1.081387684211852829e+00 1.081387684211852829e+00 1.081387684211852829e+00 1.081387684211852829e+00 1.081387684211852829e+00 1.081387684211852829e+00 1.081387684211852829e+00 1.081387684211852829e+00 1.081387684211852829e+00 1.081387684211852829e+00
1.081364900583094091e+00 1.081364900583094091e+00 1.081364900583094091e+00 1.081364900583094091e+00 1.081364900583094091e+00 1.081364900583094091e+00 1.081364900583094091e+00 1.081364900583094091e+00 1.081364900583094091e+00 1.081364900583094091e+00 1.081364900583094091e+00 1.081364900583094091e+00 1.081364900583094091e+00 1.081364900583094091e+00 1.081364900583094091e+00 1.081364900583094091e+00 1.081364900583094091e+00 1.081364900583094091e+00 1.081364900583094091e+00 1.081364900583094091e+00 1.081364900583094091e+00 1.081364900583094091e+00 1.081364900583094091e+00 1.081364900583094091e+00
1.081497496756291143e+00 1.081497496756291143e+00 1.081497496756291143e+00 1.081497496756291143e+00 1.081497496756291143e+00 1.081497496756291143e+00 1.081497496756291143e+00 1.081497496756291143e+00 1.081497496756291143e+00 1.081497496756291143e+00 1.081497496756291143e+00 1.081497496756291143e+00 1.081497496756291143e+00 1.081497496756291143e+00 1.081497496756291143e+00 1.081497496756291143e+00 1.081497496756291143e+00 1.081497496756291143e+00 1.081497496756291143e+00 1.081497496756291143e+00 1.081497496756291143e+00 1.081497496756291143e+00 1.081497496756291143e+00 1.081497496756291143e+00
1.081406719040394426e+00 1.081406719040394426e+00 1.081406719040394426e+00 1.081406719040394426e+00 1.081406719040394426e+00 1.081406719040394426e+00 1.081406719040394426e+00 1.081406719040394426e+00 1.081406719040394426e+00 1.081406719040394426e+00 1.081406719040394426e+00 1.081406719040394426e+00 1.081406719040394426e+00 1.081406719040394426e+00 1.081406719040394426e+00 1.081406719040394426e+00 1.081406719040394426e+00 1.081406719040394426e+00 1.081406719040394426e+00 1.081406719040394426e+00 1.081406719040394426e+00 1.081406719040394426e+00 1.081406719040394426e+00 1.081406719040394426e+00
1.081499291706377930e+00 1.081499291706377930e+00 1.081499291706377930e+00 1.081499291706377930e+00 1.081499291706377930e+00 1.081499291706377930e+00 1.081499291706377930e+00 1.081499291706377930e+00 1.081499291706377930e+00 1.081499291706377930e+00 1.081499291706377930e+00 1.081499291706377930e+00 1.081499291706377930e+00 1.081499291706377930e+00 1.081499291706377930e+00 1.081499291706377930e+00 1.081499291706377930e+00 1.081499291706377930e+00 1.081499291706377930e+00 1.081499291706377930e+00 1.081499291706377930e+00 1.081499291706377930e+00 1.081499291706377930e+00 1.081499291706377930e+00
1.081431486760549454e+00 1.081431486760549454e+00 1.081431486760549454e+00 1.081431486760549454e+00 1.081431486760549454e+00 1.081431486760549454e+00 1.081431486760549454e+00 1.081431486760549454e+00 1.081431486760549454e+00 1.081431486760549454e+00 1.081431486760549454e+00 1.081431486760549454e+00 1.081431486760549454e+00 1.081431486760549454e+00 1.081431486760549454e+00 1.081431486760549454e+00 1.081431486760549454e+00 1.081431486760549454e+00 1.081431486760549454e+00 1.081431486760549454e+00 1.081431486760549454e+00 1.081431486760549454e+00 1.081431486760549454e+00 1.081431486760549454e+00
1.081312075408056295e+00 1.081312075408056295e+00 1.081312075408056295e+00 1.081312075408056295e+00 1.081312075408056295e+00 1.081312075408056295e+00 1.081312075408056295e+00 1.081312075408056295e+00 1.081312075408056295e+00 1.081312075408056295e+00 1.081312075408056295e+00 1.081312075408056295e+00 1.081312075408056295e+00 1.081312075408056295e+00 1.081312075408056295e+00 1.081312075408056295e+00 1.081312075408056295e+00 1.081312075408056295e+00 1.081312075408056295e+00 1.081312075408056295e+00 1.081312075408056295e+00 1.081312075408056295e+00 1.081312075408056295e+00 1.081312075408056295e+00
1.081474152307213554e+00 1.081474152307213554e+00 1.081474152307213554e+00 1.081474152307213554e+00 1.081474152307213554e+00 1.081474152307213554e+00 1.081474152307213554e+00 1.081474152307213554e+00 1.081474152307213554e+00 1.081474152307213554e+00 1.081474152307213554e+00 1.081474152307213554e+00 1.081474152307213554e+00 1.081474152307213554e+00 1.081474152307213554e+00 1.081474152307213554e+00 1.081474152307213554e+00 1.081474152307213554e+00 1.081474152307213554e+00 1.081474152307213554e+00 1.081474152307213554e+00 1.081474152307213554e+00 1.081474152307213554e+00 1.081474152307213554e+00
1.081427324840239068e+00 1.081427324840239068e+00 1.081427324840239068e+00 1.081427324840239068e+00 1.081427324840239068e+00 1.081427324840239068e+00 1.081427324840239068e+00 1.081427324840239068e+00 1.081427324840239068e+00 1.081427324840239068e+00 1.081427324840239068e+00 1.081427324840239068e+00 1.081427324840239068e+00 1.081427324840239068e+00 1.081427324840239068e+00 1.081427324840239068e+00 1.081427324840239068e+00 1.081427324840239068e+00 1.081427324840239068e+00 1.081427324840239068e+00 1.081427324840239068e+00 1.081427324840239068e+00 1.081427324840239068e+00 1.081427324840239068e+00
1.081397176270839422e+00 1.081397176270839422e+00 1.081397176270839422e+00 1.081397176270839422e+00 1.081397176270839422e+00 1.081397176270839422e+00 1.081397176270839422e+00 1.081397176270839422e+00 1.081397176270839422e+00 1.081397176270839422e+00 1.081397176270839422e+00 1.081397176270839422e+00 1.081397176270839422e+00 1.081397176270839422e+00 1.081397176270839422e+00 1.081397176270839422e+00 1.081397176270839422e+00 1.081397176270839422e+00 1.081397176270839422e+00 1.081397176270839422e+00 1.081397176270839422e+00 1.081397176270839422e+00 1.081397176270839422e+00 1.081397176270839422e+00
1.081437484434400798e+00 1.081437484434400798e+00 1.081437484434400798e+00 1.081437484434400798e+00 1.081437484434400798e+00 1.081437484434400798e+00 1.081437484434400798e+00 1.081437484434400798e+00 1.081437484434400798e+00 1.081437484434400798e+00 1.081437484434400798e+00 1.081437484434400798e+00 1.081437484434400798e+00 1.081437484434400798e+00 1.081437484434400798e+00 1.081437484434400798e+00 1.081437484434400798e+00 1.081437484434400798e+00 1.081437484434400798e+00 1.081437484434400798e+00 1.081437484434400798e+00 1.081437484434400798e+00 1.081437484434400798e+00 1.081437484434400798e+00
1.081472597131537317e+00 1.081472597131537317e+00 1.081472597131537317e+00 1.081472597131537317e+00 1.081472597131537317e+00 1.081472597131537317e+00 1.081472597131537317e+00 1.081472597131537317e+00 1.081472597131537317e+00 1.081472597131537317e+00 1.081472597131537317e+00 1.081472597131537317e+00 1.081472597131537317e+00 1.081472597131537317e+00 1.081472597131537317e+00 1.081472597131537317e+00 1.081472597131537317e+00 1.081472597131537317e+00 1.081472597131537317e+00 1.081472597131537317e+00 1.081472597131537317e+00 1.081472597131537317e+00 1.081472597131537317e+00 1.081472597131537317e+00
1.081551461556865990e+00 1.081551461556865990e+00 1.081551461556865990e+00 1.081551461556865990e+00 1.081551461556865990e+00 1.081551461556865990e+00 1.081551461556865990e+00 1.081551461556865990e+00 1.081551461556865990e+00 1.081551461556865990e+00 1.081551461556865990e+00 1.081551461556865990e+00 1.081551461556865990e+00 1.081551461556865990e+00 1.081551461556865990e+00 1.081551461556865990e+00 1.081551461556865990e+00 1.081551461556865990e+00 1.081551461556865990e+00 1.081551461556865990e+00 1.081551461556865990e+00 1.081551461556865990e+00 1.081551461556865990e+00 1.081551461556865990e+00
1.081462111018524075e+00 1.081462111018524075e+00 1.081462111018524075e+00 1.081462111018524075e+00 1.081462111018524075e+00 1.081462111018524075e+00 1.081462111018524075e+00 1.081462111018524075e+00 1.081462111018524075e+00 1.081462111018524075e+00 1.081462111018524075e+00 1.081462111018524075e+00 1.081462111018524075e+00 1.081462111018524075e+00 1.081462111018524075e+00 1.081462111018524075e+00 1.081462111018524075e+00 1.081462111018524075e+00 1.081462111018524075e+00 1.081462111018524075e+00 1.081462111018524075e+00 1.081462111018524075e+00 1.081462111018524075e+00 1.081462111018524075e+00
1.081345021525352612e+00 1.081345021525352612e+00 1.081345021525352612e+00 1.081345021525352612e+00 1.081345021525352612e+00 1.081345021525352612e+00 1.081345021525352612e+00 1.081345021525352612e+00 1.081345021525352612e+00 1.081345021525352612e+00 1.081345021525352612e+00 1.081345021525352612e+00 1.081345021525352612e+00 1.081345021525352612e+00 1.081345021525352612e+00 1.081345021525352612e+00 1.081345021525352612e+00 1.081345021525352612e+00 1.081345021525352612e+00 1.081345021525352612e+00 1.081345021525352612e+00 1.081345021525352612e+00 1.081345021525352612e+00 1.081345021525352612e+00
1.081448358589853109e+00 1.081448358589853109e+00 1.081448358589853109e+00 1.081448358589853109e+00 1.081448358589853109e+00 1.081448358589853109e+00 1.081448358589853109e+00 1.081448358589853109e+00 1.081448358589853109e+00 1.081448358589853109e+00 1.081448358589853109e+00 1.081448358589853109e+00 1.081448358589853109e+00 1.081448358589853109e+00 1.081448358589853109e+00 1.081448358589853109e+00 1.081448358589853109e+00 1.081448358589853109e+00 1.081448358589853109e+00 1.081448358589853109e+00 1.081448358589853109e+00 1.081448358589853109e+00 1.081448358589853109e+00 1.081448358589853109e+00
1.081368339371420184e+00 1.081368339371420184e+00 1.081368339371420184e+00 1.081368339371420184e+00 1.081368339371420184e+00 1.081368339371420184e+00 1.081368339371420184e+00 1.081368339371420184e+00 1.081368339371420184e+00 1.081368339371420184e+00 1.081368339371420184e+00 1.081368339371420184e+00 1.081368339371420184e+00 1.081368339371420184e+00 1.081368339371420184e+00 1.081368339371420184e+00 1.081368339371420184e+00 1.081368339371420184e+00 1.081368339371420184e+00 1.081368339371420184e+00 1.081368339371420184e+00 1.081368339371420184e+00 1.081368339371420184e+00 1.081368339371420184e+00
1.081409985602683088e+00 1.081409985602683088e+00 1.081409985602683088e+00 1.081409985602683088e+00 1.081409985602683088e+00 1.081409985602683088e+00 1.081409985602683088e+00 1.081409985602683088e+00 1.081409985602683088e+00 1.081409985602683088e+00 1.081409985602683088e+00 1.081409985602683088e+00 1.081409985602683088e+00 1.081409985602683088e+00 1.081409985602683088e+00 1.081409985602683088e+00 1.081409985602683088e+00 1.081409985602683088e+00 1.081409985602683088e+00 1.081409985602683088e+00 1.081409985602683088e+00 1.081409985602683088e+00 1.081409985602683088e+00 1.081409985602683088e+00
1.081387332027436976e+00 1.081387332027436976e+00 1.081387332027436976e+00 1.081387332027436976e+00 1.081387332027436976e+00 1.081387332027436976e+00 1.081387332027436976e+00 1.081387332027436976e+00 1.081387332027436976e+00 1.081387332027436976e+00 1.081387332027436976e+00 1.081387332027436976e+00 1.081387332027436976e+00 1.081387332027436976e+00 1.081387332027436976e+00 1.081387332027436976e+00 1.081387332027436976e+00 1.081387332027436976e+00 1.081387332027436976e+00 1.081387332027436976e+00 1.081387332027436976e+00 1.081387332027436976e+00 1.081387332027436976e+00 1.081387332027436976e+00
1.081458635270796886e+00 1.081458635270796886e+00 1.081458635270796886e+00 1.081458635270796886e+00 1.081458635270796886e+00 1.081458635270796886e+00 1.081458635270796886e+00 1.081458635270796886e+00 1.081458635270796886e+00 1.081458635270796886e+00 1.081458635270796886e+00 1.081458635270796886e+00 1.081458635270796886e+00 1.081458635270796886e+00 1.081458635270796886e+00 1.081458635270796886e+00 1.081458635270796886e+00 1.081458635270796886e+00 1.081458635270796886e+00 1.081458635270796886e+00 1.081458635270796886e+00 1.081458635270796886e+00 1.081458635270796886e+00 1.081458635270796886e+00
1.081460712813997693e+00 1.081460712813997693e+00 1.081460712813997693e+00 1.081460712813997693e+00 1.081460712813997693e+00 1.081460712813997693e+00 1.081460712813997693e+00 1.081460712813997693e+00 1.081460712813997693e+00 1.081460712813997693e+00 1.081460712813997693e+00 1.081460712813997693e+00 1.081460712813997693e+00 1.081460712813997693e+00 1.081460712813997693e+00 1.081460712813997693e+00 1.081460712813997693e+00 1.081460712813997693e+00 1.081460712813997693e+00 1.081460712813997693e+00 1.081460712813997693e+00 1.081460712813997693e+00 1.081460712813997693e+00 1.081460712813997693e+00
1.081327348025355573e+00 1.081327348025355573e+00 1.081327348025355573e+00 1.081327348025355573e+00 1.081327348025355573e+00 1.081327348025355573e+00 1.081327348025355573e+00 1.081327348025355573e+00 1.081327348025355573e+00 1.081327348025355573e+00 1.081327348025355573e+00 1.081327348025355573e+00 1.081327348025355573e+00 1.081327348025355573e+00 1.081327348025355573e+00 1.081327348025355573e+00 1.081327348025355573e+00 1.081327348025355573e+00 1.081327348025355573e+00 1.081327348025355573e+00 1.081327348025355573e+00 1.081327348025355573e+00 1.081327348025355573e+00 1.081327348025355573e+00
1.081410344757819386e+00 1.081410344757819386e+00 1.081410344757819386e+00 1.081410344757819386e+00 1.081410344757819386e+00 1.081410344757819386e+00 1.081410344757819386e+00 1.081410344757819386e+00 1.081410344757819386e+00 1.081410344757819386e+00 1.081410344757819386e+00 1.081410344757819386e+00 1.081410344757819386e+00 1.081410344757819386e+00 1.081410344757819386e+00 1.081410344757819386e+00 1.081410344757819386e+00 1.081410344757819386e+00 1.081410344757819386e+00 1.081410344757819386e+00 1.081410344757819386e+00 1.081410344757819386e+00 1.081410344757819386e+00 1.081410344757819386e+00
1.081393430381342835e+00 1.081393430381342835e+00 1.081393430381342835e+00 1.081393430381342835e+00 1.081393430381342835e+00 1.081393430381342835e+00 1.081393430381342835e+00 1.081393430381342835e+00 1.081393430381342835e+00 1.081393430381342835e+00 1.081393430381342835e+00 1.081393430381342835e+00 1.081393430381342835e+00 1.081393430381342835e+00 1.081393430381342835e+00 1.081393430381342835e+00 1.081393430381342835e+00 1.081393430381342835e+00 1.081393430381342835e+00 1.081393430381342835e+00 1.081393430381342835e+00 1.081393430381342835e+00 1.081393430381342835e+00 1.081393430381342835e+00
1.081515979499232394e+00 1.081515979499232394e+00 1.081515979499232394e+00 1.081515979499232394e+00 1.081515979499232394e+00 1.081515979499232394e+00 1.081515979499232394e+00 1.081515979499232394e+00 1.081515979499232394e+00 1.081515979499232394e+00 1.081515979499232394e+00 1.081515979499232394e+00 1.081515979499232394e+00 1.081515979499232394e+00 1.081515979499232394e+00 1.081515979499232394e+00 1.081515979499232394e+00 1.081515979499232394e+00 1.081515979499232394e+00 1.081515979499232394e+00 1.081515979499232394e+00 1.081515979499232394e+00 1.081515979499232394e+00 1.081515979499232394e+00
1.081360597091649112e+00 1.081360597091649112e+00 1.081360597091649112e+00 1.081360597091649112e+00 1.081360597091649112e+00 1.081360597091649112e+00 1.081360597091649112e+00 1.081360597091649112e+00 1.081360597091649112e+00 1.081360597091649112e+00 1.081360597091649112e+00 1.081360597091649112e+00 1.081360597091649112e+00 1.081360597091649112e+00 1.081360597091649112e+00 1.081360597091649112e+00 1.081360597091649112e+00 1.081360597091649112e+00 1.081360597091649112e+00 1.081360597091649112e+00 1.081360597091649112e+00 1.081360597091649112e+00 1.081360597091649112e+00 1.081360597091649112e+00
1.081409598483010770e+00 1.081409598483010770e+00 1.081409598483010770e+00 1.081409598483010770e+00 1.081409598483010770e+00 1.081409598483010770e+00 1.081409598483010770e+00 1.081409598483010770e+00 1.081409598483010770e+00 1.081409598483010770e+00 1.081409598483010770e+00 1.081409598483010770e+00 1.081409598483010770e+00 1.081409598483010770e+00 1.081409598483010770e+00 1.081409598483010770e+00 1.081409598483010770e+00 1.081409598483010770e+00 1.081409598483010770e+00 1.081409598483010770e+00 1.081409598483010770e+00 1.081409598483010770e+00 1.081409598483010770e+00 1.081409598483010770e+00
1.081452437631257535e+00 1.081452437631257535e+00 1.081452437631257535e+00 1.081452437631257535e+00 1.081452437631257535e+00 1.081452437631257535e+00 1.081452437631257535e+00 1.081452437631257535e+00 1.081452437631257535e+00 1.081452437631257535e+00 1.081452437631257535e+00 1.081452437631257535e+00 1.081452437631257535e+00 1.081452437631257535e+00 1.081452437631257535e+00 1.081452437631257535e+00 1.081452437631257535e+00 1.081452437631257535e+00 1.081452437631257535e+00 1.081452437631257535e+00 1.081452437631257535e+00 1.081452437631257535e+00 1.081452437631257535e+00 1.081452437631257535e+00
1.081543482741072149e+00 1.081543482741072149e+00 1.081543482741072149e+00 1.081543482741072149e+00 1.081543482741072149e+00 1.081543482741072149e+00 1.081543482741072149e+00 1.081543482741072149e+00 1.081543482741072149e+00 1.081543482741072149e+00 1.081543482741072149e+00 1.081543482741072149e+00 1.081543482741072149e+00 1.081543482741072149e+00 1.081543482741072149e+00 1.081543482741072149e+00 1.081543482741072149e+00 1.081543482741072149e+00 1.081543482741072149e+00 1.081543482741072149e+00 1.081543482741072149e+00 1.081543482741072149e+00 1.081543482741072149e+00 1.081543482741072149e+00
1.081449353065648156e+00 1.081449353065648156e+00 1.081449353065648156e+00 1.081449353065648156e+00 1.081449353065648156e+00 1.081449353065648156e+00 1.081449353065648156e+00 1.081449353065648156e+00 1.081449353065648156e+00 1.081449353065648156e+00 1.081449353065648156e+00 1.081449353065648156e+00 1.081449353065648156e+00 1.081449353065648156e+00 1.081449353065648156e+00 1.081449353065648156e+00 1.081449353065648156e+00 1.081449353065648156e+00 1.081449353065648156e+00 1.081449353065648156e+00 1.081449353065648156e+00 1.081449353065648156e+00 1.081449353065648156e+00 1.081449353065648156e+00
1.081468721029951841e+00 1.081468721029951841e+00 1.081468721029951841e+00 1.081468721029951841e+00 1.081468721029951841e+00 1.081468721029951841e+00 1.081468721029951841e+00 1.081468721029951841e+00 1.081468721029951841e+00 1.081468721029951841e+00 1.081468721029951841e+00 1.081468721029951841e+00 1.081468721029951841e+00 1.081468721029951841e+00 1.081468721029951841e+00 1.081468721029951841e+00 1.081468721029951841e+00 1.081468721029951841e+00 1.081468721029951841e+00 1.081468721029951841e+00 1.081468721029951841e+00 1.081468721029951841e+00 1.081468721029951841e+00 1.081468721029951841e+00
1.081438672004911616e+00 1.081438672004911616e+00 1.081438672004911616e+00 1.081438672004911616e+00 1.081438672004911616e+00 1.081438672004911616e+00 1.081438672004911616e+00 1.081438672004911616e+00 1.081438672004911616e+00 1.081438672004911616e+00 1.081438672004911616e+00 1.081438672004911616e+00 1.081438672004911616e+00 1.081438672004911616e+00 1.081438672004911616e+00 1.081438672004911616e+00 1.081438672004911616e+00 1.081438672004911616e+00 1.081438672004911616e+00 1.081438672004911616e+00 1.081438672004911616e+00 1.081438672004911616e+00 1.081438672004911616e+00 1.081438672004911616e+00
1.081485153136359845e+00 1.081485153136359845e+00 1.081485153136359845e+00 1.081485153136359845e+00 1.081485153136359845e+00 1.081485153136359845e+00 1.081485153136359845e+00 1.081485153136359845e+00 1.081485153136359845e+00 1.081485153136359845e+00 1.081485153136359845e+00 1.081485153136359845e+00 1.081485153136359845e+00 1.081485153136359845e+00 1.081485153136359845e+00 1.081485153136359845e+00 1.081485153136359845e+00 1.081485153136359845e+00 1.081485153136359845e+00 1.081485153136359845e+00 1.081485153136359845e+00 1.081485153136359845e+00 1.081485153136359845e+00 1.081485153136359845e+00
1.081560486930903231e+00 1.081560486930903231e+00 1.081560486930903231e+00 1.081560486930903231e+00 1.081560486930903231e+00 1.081560486930903231e+00 1.081560486930903231e+00 1.081560486930903231e+00 1.081560486930903231e+00 1.081560486930903231e+00 1.081560486930903231e+00 1.081560486930903231e+00 1.081560486930903231e+00 1.081560486930903231e+00 1.081560486930903231e+00 1.081560486930903231e+00 1.081560486930903231e+00 1.081560486930903231e+00 1.081560486930903231e+00 1.081560486930903231e+00 1.081560486930903231e+00 1.081560486930903231e+00 1.081560486930903231e+00 1.081560486930903231e+00
1.081476168083892464e+00 1.081476168083892464e+00 1.081476168083892464e+00 1.081476168083892464e+00 1.081476168083892464e+00 1.081476168083892464e+00 1.081476168083892464e+00 1.081476168083892464e+00 1.081476168083892464e+00 1.081476168083892464e+00 1.081476168083892464e+00 1.081476168083892464e+00 1.081476168083892464e+00 1.081476168083892464e+00 1.081476168083892464e+00 1.081476168083892464e+00 1.081476168083892464e+00 1.081476168083892464e+00 1.081476168083892464e+00 1.081476168083892464e+00 1.081476168083892464e+00 1.081476168083892464e+00 1.081476168083892464e+00 1.081476168083892464e+00
1.081422421663265299e+00 1.081422421663265299e+00 1.081422421663265299e+00 1.081422421663265299e+00 1.081422421663265299e+00 1.081422421663265299e+00 1.081422421663265299e+00 1.081422421663265299e+00 1.081422421663265299e+00 1.081422421663265299e+00 1.081422421663265299e+00 1.081422421663265299e+00 1.081422421663265299e+00 1.081422421663265299e+00 1.081422421663265299e+00 1.081422421663265299e+00 1.081422421663265299e+00 1.081422421663265299e+00 1.081422421663265299e+00 1.081422421663265299e+00 1.081422421663265299e+00 1.081422421663265299e+00 1.081422421663265299e+00 1.081422421663265299e+00
1.081379408048209534e+00 1.081379408048209534e+00 1.081379408048209534e+00 1.081379408048209534e+00 1.081379408048209534e+00 1.081379408048209534e+00 1.081379408048209534e+00 1.081379408048209534e+00 1.081379408048209534e+00 1.081379408048209534e+00 1.081379408048209534e+00 1.081379408048209534e+00 1.081379408048209534e+00 1.081379408048209534e+00 1.081379408048209534e+00 1.081379408048209534e+00 1.081379408048209534e+00 1.081379408048209534e+00 1.081379408048209534e+00 1.081379408048209534e+00 1.081379408048209534e+00 1.081379408048209534e+00 1.081379408048209534e+00 1.081379408048209534e+00
1.081499321829944904e+00 1.081499321829944904e+00 1.081499321829944904e+00 1.081499321829944904e+00 1.081499321829944904e+00 1.081499321829944904e+00 1.081499321829944904e+00 1.081499321829944904e+00 1.081499321829944904e+00 1.081499321829944904e+00 1.081499321829944904e+00 1.081499321829944904e+00 1.081499321829944904e+00 1.081499321829944904e+00 1.081499321829944904e+00 1.081499321829944904e+00 1.081499321829944904e+00 1.081499321829944904e+00 1.081499321829944904e+00 1.081499321829944904e+00 1.081499321829944904e+00 1.081499321829944904e+00 1.081499321829944904e+00 1.081499321829944904e+00
1.081536177788501307e+00 1.081536177788501307e+00 1.081536177788501307e+00 1.081536177788501307e+00 1.081536177788501307e+00 1.081536177788501307e+00 1.081536177788501307e+00 1.081536177788501307e+00 1.081536177788501307e+00 1.081536177788501307e+00 1.081536177788501307e+00 1.081536177788501307e+00 1.081536177788501307e+00 1.081536177788501307e+00 1.081536177788501307e+00 1.081536177788501307e+00 1.081536177788501307e+00 1.081536177788501307e+00 1.081536177788501307e+00 1.081536177788501307e+00 1.081536177788501307e+00 1.081536177788501307e+00 1.081536177788501307e+00 1.081536177788501307e+00
1.081460577875321238e+00 1.081460577875321238e+00 1.081460577875321238e+00 1.081460577875321238e+00 1.081460577875321238e+00 1.081460577875321238e+00 1.081460577875321238e+00 1.081460577875321238e+00 1.081460577875321238e+00 1.081460577875321238e+00 1.081460577875321238e+00 1.081460577875321238e+00 1.081460577875321238e+00 1.081460577875321238e+00 1.081460577875321238e+00 1.081460577875321238e+00 1.081460577875321238e+00 1.081460577875321238e+00 1.081460577875321238e+00 1.081460577875321238e+00 1.081460577875321238e+00 1.081460577875321238e+00 1.081460577875321238e+00 1.081460577875321238e+00
1.081447194575698267e+00 1.081447194575698267e+00 1.081447194575698267e+00 1.081447194575698267e+00 1.081447194575698267e+00 1.081447194575698267e+00 1.081447194575698267e+00 1.081447194575698267e+00 1.081447194575698267e+00 1.081447194575698267e+00 1.081447194575698267e+00 1.081447194575698267e+00 1.081447194575698267e+00 1.081447194575698267e+00 1.081447194575698267e+00 1.081447194575698267e+00 1.081447194575698267e+00 1.081447194575698267e+00 1.081447194575698267e+00 1.081447194575698267e+00 1.081447194575698267e+00 1.081447194575698267e+00 1.081447194575698267e+00 1.081447194575698267e+00
1.081379810098674676e+00 1.081379810098674676e+00 1.081379810098674676e+00 1.081379810098674676e+00 1.081379810098674676e+00 1.081379810098674676e+00 1.081379810098674676e+00 1.081379810098674676e+00 1.081379810098674676e+00 1.081379810098674676e+00 1.081379810098674676e+00 1.081379810098674676e+00 1.081379810098674676e+00 1.081379810098674676e+00 1.081379810098674676e+00 1.081379810098674676e+00 1.081379810098674676e+00 1.081379810098674676e+00 1.081379810098674676e+00 1.081379810098674676e+00 1.081379810098674676e+00 1.081379810098674676e+00 1.081379810098674676e+00 1.081379810098674676e+00
1.081393125059457727e+00 1.081393125059457727e+00 1.081393125059457727e+00 1.081393125059457727e+00 1.081393125059457727e+00 1.081393125059457727e+00 1.081393125059457727e+00 1.081393125059457727e+00 1.081393125059457727e+00 1.081393125059457727e+00 1.081393125059457727e+00 1.081393125059457727e+00 1.081393125059457727e+00 1.081393125059457727e+00 1.081393125059457727e+00 1.081393125059457727e+00 1.081393125059457727e+00 1.081393125059457727e+00 1.081393125059457727e+00 1.081393125059457727e+00 1.081393125059457727e+00 1.081393125059457727e+00 1.081393125059457727e+00 1.081393125059457727e+00
1.081385500881714812e+00 1.081385500881714812e+00 1.081385500881714812e+00 1.081385500881714812e+00 1.081385500881714812e+00 1.081385500881714812e+00 1.081385500881714812e+00 1.081385500881714812e+00 1.081385500881714812e+00 1.081385500881714812e+00 1.081385500881714812e+00 1.081385500881714812e+00 1.081385500881714812e+00 1.081385500881714812e+00 1.081385500881714812e+00 1.081385500881714812e+00 1.081385500881714812e+00 1.081385500881714812e+00 1.081385500881714812e+00 1.081385500881714812e+00 1.081385500881714812e+00 1.081385500881714812e+00 1.081385500881714812e+00 1.081385500881714812e+00
1.081500960060796990e+00 1.081500960060796990e+00 1.081500960060796990e+00 1.081500960060796990e+00 1.081500960060796990e+00 1.081500960060796990e+00 1.081500960060796990e+00 1.081500960060796990e+00 1.081500960060796990e+00 1.081500960060796990e+00 1.081500960060796990e+00 1.081500960060796990e+00 1.081500960060796990e+00 1.081500960060796990e+00 1.081500960060796990e+00 1.081500960060796990e+00 1.081500960060796990e+00 1.081500960060796990e+00 1.081500960060796990e+00 1.081500960060796990e+00 1.081500960060796990e+00 1.081500960060796990e+00 1.081500960060796990e+00 1.081500960060796990e+00
1.081448170501455808e+00 1.081448170501455808e+00 1.081448170501455808e+00 1.081448170501455808e+00 1.081448170501455808e+00 1.081448170501455808e+00 1.081448170501455808e+00 1.081448170501455808e+00 1.081448170501455808e+00 1.081448170501455808e+00 1.081448170501455808e+00 1.081448170501455808e+00 1.081448170501455808e+00 1.081448170501455808e+00 1.081448170501455808e+00 1.081448170501455808e+00 1.081448170501455808e+00 1.081448170501455808e+00 1.081448170501455808e+00 1.081448170501455808e+00 1.081448170501455808e+00 1.081448170501455808e+00 1.081448170501455808e+00 1.081448170501455808e+00
1.081311295144684159e+00 1.081311295144684159e+00 1.081311295144684159e+00 1.081311295144684159e+00 1.081311295144684159e+00 1.081311295144684159e+00 1.081311295144684159e+00 1.081311295144684159e+00 1.081311295144684159e+00 1.081311295144684159e+00 1.081311295144684159e+00 1.081311295144684159e+00 1.081311295144684159e+00 1.081311295144684159e+00 1.081311295144684159e+00 1.081311295144684159e+00 1.081311295144684159e+00 1.081311295144684159e+00 1.081311295144684159e+00 1.081311295144684159e+00 1.081311295144684159e+00 1.081311295144684159e+00 1.081311295144684159e+00 1.081311295144684159e+00
1.081496626844446585e+00 1.081496626844446585e+00 1.081496626844446585e+00 1.081496626844446585e+00 1.081496626844446585e+00 1.081496626844446585e+00 1.081496626844446585e+00 1.081496626844446585e+00 1.081496626844446585e+00 1.081496626844446585e+00 1.081496626844446585e+00 1.081496626844446585e+00 1.081496626844446585e+00 1.081496626844446585e+00 1.081496626844446585e+00 1.081496626844446585e+00 1.081496626844446585e+00 1.081496626844446585e+00 1.081496626844446585e+00 1.081496626844446585e+00 1.081496626844446585e+00 1.081496626844446585e+00 1.081496626844446585e+00 1.081496626844446585e+00
1.081502328601288365e+00 1.081502328601288365e+00 1.081502328601288365e+00 1.081502328601288365e+00 1.081502328601288365e+00 1.081502328601288365e+00 1.081502328601288365e+00 1.081502328601288365e+00 1.081502328601288365e+00 1.081502328601288365e+00 1.081502328601288365e+00 1.081502328601288365e+00 1.081502328601288365e+00 1.081502328601288365e+00 1.081502328601288365e+00 1.081502328601288365e+00 1.081502328601288365e+00 1.081502328601288365e+00 1.081502328601288365e+00 1.081502328601288365e+00 1.081502328601288365e+00 1.081502328601288365e+00 1.081502328601288365e+00 1.081502328601288365e+00
1.081404039282010787e+00 1.081404039282010787e+00 1.081404039282010787e+00 1.081404039282010787e+00 1.081404039282010787e+00 1.081404039282010787e+00 1.081404039282010787e+00 1.081404039282010787e+00 1.081404039282010787e+00 1.081404039282010787e+00 1.081404039282010787e+00 1.081404039282010787e+00 1.081404039282010787e+00 1.081404039282010787e+00 1.081404039282010787e+00 1.081404039282010787e+00 1.081404039282010787e+00 1.081404039282010787e+00 1.081404039282010787e+00 1.081404039282010787e+00 1.081404039282010787e+00 1.081404039282010787e+00 1.081404039282010787e+00 1.081404039282010787e+00
1.081390951557816615e+00 1.081390951557816615e+00 1.081390951557816615e+00 1.081390951557816615e+00 1.081390951557816615e+00 1.081390951557816615e+00 1.081390951557816615e+00 1.081390951557816615e+00 1.081390951557816615e+00 1.081390951557816615e+00 1.081390951557816615e+00 1.081390951557816615e+00 1.081390951557816615e+00 1.081390951557816615e+00 1.081390951557816615e+00 1.081390951557816615e+00 1.081390951557816615e+00 1.081390951557816615e+00 1.081390951557816615e+00 1.081390951557816615e+00 1.081390951557816615e+00 1.081390951557816615e+00 1.081390951557816615e+00 1.081390951557816615e+00
1.081602416655594201e+00 1.081602416655594201e+00 1.081602416655594201e+00 1.081602416655594201e+00 1.081602416655594201e+00 1.081602416655594201e+00 1.081602416655594201e+00 1.081602416655594201e+00 1.081602416655594201e+00 1.081602416655594201e+00 1.081602416655594201e+00 1.081602416655594201e+00 1.081602416655594201e+00 1.081602416655594201e+00 1.081602416655594201e+00 1.081602416655594201e+00 1.081602416655594201e+00 1.081602416655594201e+00 1.081602416655594201e+00 1.081602416655594201e+00 1.081602416655594201e+00 1.081602416655594201e+00 1.081602416655594201e+00 1.081602416655594201e+00
1.081508016722744214e+00 1.081508016722744214e+00 1.081508016722744214e+00 1.081508016722744214e+00 1.081508016722744214e+00 1.081508016722744214e+00 1.081508016722744214e+00 1.081508016722744214e+00 1.081508016722744214e+00 1.081508016722744214e+00 1.081508016722744214e+00 1.081508016722744214e+00 1.081508016722744214e+00 1.081508016722744214e+00 1.081508016722744214e+00 1.081508016722744214e+00 1.081508016722744214e+00 1.081508016722744214e+00 1.081508016722744214e+00 1.081508016722744214e+00 1.081508016722744214e+00 1.081508016722744214e+00 1.081508016722744214e+00 1.081508016722744214e+00
1.081560130716263446e+00 1.081560130716263446e+00 1.081560130716263446e+00 1.081560130716263446e+00 1.081560130716263446e+00 1.081560130716263446e+00 1.081560130716263446e+00 1.081560130716263446e+00 1.081560130716263446e+00 1.081560130716263446e+00 1.081560130716263446e+00 1.081560130716263446e+00 1.081560130716263446e+00 1.081560130716263446e+00 1.081560130716263446e+00 1.081560130716263446e+00 1.081560130716263446e+00 1.081560130716263446e+00 1.081560130716263446e+00 1.081560130716263446e+00 1.081560130716263446e+00 1.081560130716263446e+00 1.081560130716263446e+00 1.081560130716263446e+00
1.081298194261166135e+00 1.081298194261166135e+00 1.081298194261166135e+00 1.081298194261166135e+00 1.081298194261166135e+00 1.081298194261166135e+00 1.081298194261166135e+00 1.081298194261166135e+00 1.081298194261166135e+00 1.081298194261166135e+00 1.081298194261166135e+00 1.081298194261166135e+00 1.081298194261166135e+00 1.081298194261166135e+00 1.081298194261166135e+00 1.081298194261166135e+00 1.081298194261166135e+00 1.081298194261166135e+00 1.081298194261166135e+00 1.081298194261166135e+00 1.081298194261166135e+00 1.081298194261166135e+00 1.081298194261166135e+00 1.081298194261166135e+00
1.081586872675861510e+00 1.081586872675861510e+00 1.081586872675861510e+00 1.081586872675861510e+00 1.081586872675861510e+00 1.081586872675861510e+00 1.081586872675861510e+00 1.081586872675861510e+00 1.081586872675861510e+00 1.081586872675861510e+00 1.081586872675861510e+00 1.081586872675861510e+00 1.081586872675861510e+00 1.081586872675861510e+00 1.081586872675861510e+00 1.081586872675861510e+00 1.081586872675861510e+00 1.081586872675861510e+00 1.081586872675861510e+00 1.081586872675861510e+00 1.081586872675861510e+00 1.081586872675861510e+00 1.081586872675861510e+00 1.081586872675861510e+00
1.081352637835210073e+00 1.081352637835210073e+00 1.081352637835210073e+00 1.081352637835210073e+00 1.081352637835210073e+00 1.081352637835210073e+00 1.081352637835210073e+00 1.081352637835210073e+00 1.081352637835210073e+00 1.081352637835210073e+00 1.081352637835210073e+00 1.081352637835210073e+00 1.081352637835210073e+00 1.081352637835210073e+00 1.081352637835210073e+00 1.081352637835210073e+00 1.081352637835210073e+00 1.081352637835210073e+00 1.081352637835210073e+00 1.081352637835210073e+00 1.081352637835210073e+00 1.081352637835210073e+00 1.081352637835210073e+00 1.081352637835210073e+00
1.081449909175194568e+00 1.081449909175194568e+00 1.081449909175194568e+00 1.081449909175194568e+00 1.081449909175194568e+00 1.081449909175194568e+00 1.081449909175194568e+00 1.081449909175194568e+00 1.081449909175194568e+00 1.081449909175194568e+00 1.081449909175194568e+00 1.081449909175194568e+00 1.081449909175194568e+00 1.081449909175194568e+00 1.081449909175194568e+00 1.081449909175194568e+00 1.081449909175194568e+00 1.081449909175194568e+00 1.081449909175194568e+00 1.081449909175194568e+00 1.081449909175194568e+00 1.081449909175194568e+00 1.081449909175194568e+00 1.081449909175194568e+00
1.081574849414794759e+00 1.081574849414794759e+00 1.081574849414794759e+00 1.081574849414794759e+00 1.081574849414794759e+00 1.081574849414794759e+00 1.081574849414794759e+00 1.081574849414794759e+00 1.081574849414794759e+00 1.081574849414794759e+00 1.081574849414794759e+00 1.081574849414794759e+00 1.081574849414794759e+00 1.081574849414794759e+00 1.081574849414794759e+00 1.081574849414794759e+00 1.081574849414794759e+00 1.081574849414794759e+00 1.081574849414794759e+00 1.081574849414794759e+00 1.081574849414794759e+00 1.081574849414794759e+00 1.081574849414794759e+00 1.081574849414794759e+00
1.081505200893483565e+00 1.081505200893483565e+00 1.081505200893483565e+00 1.081505200893483565e+00 1.081505200893483565e+00 1.081505200893483565e+00 1.081505200893483565e+00 1.081505200893483565e+00 1.081505200893483565e+00 1.081505200893483565e+00 1.081505200893483565e+00 1.081505200893483565e+00 1.081505200893483565e+00 1.081505200893483565e+00 1.081505200893483565e+00 1.081505200893483565e+00 1.081505200893483565e+00 1.081505200893483565e+00 1.081505200893483565e+00 1.081505200893483565e+00 1.081505200893483565e+00 1.081505200893483565e+00 1.081505200893483565e+00 1.081505200893483565e+00
1.081464689088587505e+00 1.081464689088587505e+00 1.081464689088587505e+00 1.081464689088587505e+00 1.081464689088587505e+00 1.081464689088587505e+00 1.081464689088587505e+00 1.081464689088587505e+00 1.081464689088587505e+00 1.081464689088587505e+00 1.081464689088587505e+00 1.081464689088587505e+00 1.081464689088587505e+00 1.081464689088587505e+00 1.081464689088587505e+00 1.081464689088587505e+00 1.081464689088587505e+00 1.081464689088587505e+00 1.081464689088587505e+00 1.081464689088587505e+00 1.081464689088587505e+00 1.081464689088587505e+00 1.081464689088587505e+00 1.081464689088587505e+00
1.081544379759293850e+00 1.081544379759293850e+00 1.081544379759293850e+00 1.081544379759293850e+00 1.081544379759293850e+00 1.081544379759293850e+00 1.081544379759293850e+00 1.081544379759293850e+00 1.081544379759293850e+00 1.081544379759293850e+00 1.081544379759293850e+00 1.081544379759293850e+00 1.081544379759293850e+00 1.081544379759293850e+00 1.081544379759293850e+00 1.081544379759293850e+00 1.081544379759293850e+00 1.081544379759293850e+00 1.081544379759293850e+00 1.081544379759293850e+00 1.081544379759293850e+00 1.081544379759293850e+00 1.081544379759293850e+00 1.081544379759293850e+00
1.081498983917378531e+00 1.081498983917378531e+00 1.081498983917378531e+00 1.081498983917378531e+00 1.081498983917378531e+00 1.081498983917378531e+00 1.081498983917378531e+00 1.081498983917378531e+00 1.081498983917378531e+00 1.081498983917378531e+00 1.081498983917378531e+00 1.081498983917378531e+00 1.081498983917378531e+00 1.081498983917378531e+00 1.081498983917378531e+00 1.081498983917378531e+00 1.081498983917378531e+00 1.081498983917378531e+00 1.081498983917378531e+00 1.081498983917378531e+00 1.081498983917378531e+00 1.081498983917378531e+00 1.081498983917378531e+00 1.081498983917378531e+00
1.081500616566893225e+00 1.081500616566893225e+00 1.081500616566893225e+00 1.081500616566893225e+00 1.081500616566893225e+00 1.081500616566893225e+00 1.081500616566893225e+00 1.081500616566893225e+00 1.081500616566893225e+00 1.081500616566893225e+00 1.081500616566893225e+00 1.081500616566893225e+00 1.081500616566893225e+00 1.081500616566893225e+00 1.081500616566893225e+00 1.081500616566893225e+00 1.081500616566893225e+00 1.081500616566893225e+00 1.081500616566893225e+00 1.081500616566893225e+00 1.081500616566893225e+00 1.081500616566893225e+00 1.081500616566893225e+00 1.081500616566893225e+00
1.081622289140186099e+00 1.081622289140186099e+00 1.081622289140186099e+00 1.081622289140186099e+00 1.081622289140186099e+00 1.081622289140186099e+00 1.081622289140186099e+00 1.081622289140186099e+00 1.081622289140186099e+00 1.081622289140186099e+00 1.081622289140186099e+00 1.081622289140186099e+00 1.081622289140186099e+00 1.081622289140186099e+00 1.081622289140186099e+00 1.081622289140186099e+00 1.081622289140186099e+00 1.081622289140186099e+00 1.081622289140186099e+00 1.081622289140186099e+00 1.081622289140186099e+00 1.081622289140186099e+00 1.081622289140186099e+00 1.081622289140186099e+00
1.081469058525354576e+00 1.081469058525354576e+00 1.081469058525354576e+00 1.081469058525354576e+00 1.081469058525354576e+00 1.081469058525354576e+00 1.081469058525354576e+00 1.081469058525354576e+00 1.081469058525354576e+00 1.081469058525354576e+00 1.081469058525354576e+00 1.081469058525354576e+00 1.081469058525354576e+00 1.081469058525354576e+00 1.081469058525354576e+00 1.081469058525354576e+00 1.081469058525354576e+00 1.081469058525354576e+00 1.081469058525354576e+00 1.081469058525354576e+00 1.081469058525354576e+00 1.081469058525354576e+00 1.081469058525354576e+00 1.081469058525354576e+00
1.081495201637068693e+00 1.081495201637068693e+00 1.081495201637068693e+00 1.081495201637068693e+00 1.081495201637068693e+00 1.081495201637068693e+00 1.081495201637068693e+00 1.081495201637068693e+00 1.081495201637068693e+00 1.081495201637068693e+00 1.081495201637068693e+00 1.081495201637068693e+00 1.081495201637068693e+00 1.081495201637068693e+00 1.081495201637068693e+00 1.081495201637068693e+00 1.081495201637068693e+00 1.081495201637068693e+00 1.081495201637068693e+00 1.081495201637068693e+00 1.081495201637068693e+00 1.081495201637068693e+00 1.081495201637068693e+00 1.081495201637068693e+00
1.081592958658277759e+00 1.081592958658277759e+00 1.081592958658277759e+00 1.081592958658277759e+00 1.081592958658277759e+00 1.081592958658277759e+00 1.081592958658277759e+00 1.081592958658277759e+00 1.081592958658277759e+00 1.081592958658277759e+00 1.081592958658277759e+00 1.081592958658277759e+00 1.081592958658277759e+00 1.081592958658277759e+00 1.081592958658277759e+00 1.081592958658277759e+00 1.081592958658277759e+00 1.081592958658277759e+00 1.081592958658277759e+00 1.081592958658277759e+00 1.081592958658277759e+00 1.081592958658277759e+00 1.081592958658277759e+00 1.081592958658277759e+00
1.081476902995812672e+00 1.081476902995812672e+00 1.081476902995812672e+00 1.081476902995812672e+00 1.081476902995812672e+00 1.081476902995812672e+00 1.081476902995812672e+00 1.081476902995812672e+00 1.081476902995812672e+00 1.081476902995812672e+00 1.081476902995812672e+00 1.081476902995812672e+00 1.081476902995812672e+00 1.081476902995812672e+00 1.081476902995812672e+00 1.081476902995812672e+00 1.081476902995812672e+00 1.081476902995812672e+00 1.081476902995812672e+00 1.081476902995812672e+00 1.081476902995812672e+00 1.081476902995812672e+00 1.081476902995812672e+00 1.081476902995812672e+00
1.081513867519016125e+00 1.081513867519016125e+00 1.081513867519016125e+00 1.081513867519016125e+00 1.081513867519016125e+00 1.081513867519016125e+00 1.081513867519016125e+00 1.081513867519016125e+00 1.081513867519016125e+00 1.081513867519016125e+00 1.081513867519016125e+00 1.081513867519016125e+00 1.081513867519016125e+00 1.081513867519016125e+00 1.081513867519016125e+00 1.081513867519016125e+00 1.081513867519016125e+00 1.081513867519016125e+00 1.081513867519016125e+00 1.081513867519016125e+00 1.081513867519016125e+00 1.081513867519016125e+00 1.081513867519016125e+00 1.081513867519016125e+00
1.081551626232063246e+00 1.081551626232063246e+00 1.081551626232063246e+00 1.081551626232063246e+00 1.081551626232063246e+00 1.081551626232063246e+00 1.081551626232063246e+00 1.081551626232063246e+00 1.081551626232063246e+00 1.081551626232063246e+00 1.081551626232063246e+00 1.081551626232063246e+00 1.081551626232063246e+00 1.081551626232063246e+00 1.081551626232063246e+00 1.081551626232063246e+00 1.081551626232063246e+00 1.081551626232063246e+00 1.081551626232063246e+00 1.081551626232063246e+00 1.081551626232063246e+00 1.081551626232063246e+00 1.081551626232063246e+00 1.081551626232063246e+00
1.081475248471185147e+00 1.081475248471185147e+00 1.081475248471185147e+00 1.081475248471185147e+00 1.081475248471185147e+00 1.081475248471185147e+00 1.081475248471185147e+00 1.081475248471185147e+00 1.081475248471185147e+00 1.081475248471185147e+00 1.081475248471185147e+00 1.081475248471185147e+00 1.081475248471185147e+00 1.081475248471185147e+00 1.081475248471185147e+00 1.081475248471185147e+00 1.081475248471185147e+00 1.081475248471185147e+00 1.081475248471185147e+00 1.081475248471185147e+00 1.081475248471185147e+00 1.081475248471185147e+00 1.081475248471185147e+00 1.081475248471185147e+00
