2.958593368530273438e+00 7.227671813964843750e+01
2.577611160278320312e+01 4.676546096801757812e+01
-5.710385322570800781e+00 3.386943054199218750e+01
-2.792799949645996094e+01 2.500774574279785156e+01
1.372498130798339844e+01 1.947260093688964844e+01
-2.596536064147949219e+01 1.472038364410400391e+01
-4.583100795745849609e+00 1.131194400787353516e+01
-7.554960727691650391e+00 8.539686203002929688e+00
9.870598793029785156e+00 6.434048652648925781e+00
-1.788800835609436035e+00 4.817183017730712891e+00
1.498617172241210938e+00 3.650882244110107422e+00
-3.520984202623367310e-02 2.724615335464477539e+00
-4.357475757598876953e+00 2.011522293090820312e+00
-8.948820829391479492e-01 1.476944684982299805e+00
1.880916833877563477e+00 1.080514311790466309e+00
1.157358646392822266e+00 7.892677783966064453e-01
-3.769913613796234131e-01 5.750973224639892578e-01
-6.479480862617492676e-02 4.193101227283477783e-01
4.185868054628372192e-02 3.059494793415069580e-01
-2.525364756584167480e-01 2.235285490751266479e-01
-1.526323556900024414e-01 1.632604748010635376e-01
-5.813100934028625488e-02 1.195495203137397766e-01
-2.879139967262744904e-02 8.766946941614151001e-02
1.372514665126800537e-01 6.484752148389816284e-02
