8.112955088136263271e+01 2.073240071561243099e+02 1.284014599663084368e+02 2.241855089590604564e+02 1.543581101236400173e+02 1.178972966493253409e+02 1.330178386614869339e+02 9.425889126338032042e+01 8.698822497729797476e+01 6.658927973048002968e+01 5.359728023695160459e+01 3.519528322095549555e+01 2.781233021471162203e+01 1.866728708690560268e+01 9.923105647876937496e+00 8.165257574819277053e+00 4.682951561349934622e+00 3.470342304188872795e+00 1.418543281430570069e+00 1.509636083457486677e+00 1.095402459863836997e+00 7.253991985309168333e-01 4.619163488838824994e-01 4.680309346975196627e-01
8.947233933650151982e+01 2.205464334154199264e+02 1.230750455217039701e+02 2.237946327257854762e+02 1.479168156808508456e+02 1.214904084059376288e+02 1.347190253474423969e+02 9.342442561455099792e+01 8.806557034078196011e+01 6.585572530070172093e+01 5.324495686688533169e+01 3.439786236351613269e+01 2.821610159236723447e+01 1.867818603373953934e+01 9.975901725579836565e+00 8.094689116924842054e+00 4.587413273825679205e+00 3.506702352684207824e+00 1.480554205405424817e+00 1.523107837158767630e+00 1.075562454503445675e+00 7.147787354055460396e-01 4.446590383250965117e-01 4.655736478559488467e-01
7.317770245701893828e+01 2.180954668399026559e+02 1.181633281771229917e+02 2.150512300741389993e+02 1.478406136099036701e+02 1.235580698012556695e+02 1.301044119202097136e+02 9.451121200418725721e+01 8.883863791261103415e+01 6.716568743900420202e+01 5.421909120615682554e+01 3.474255667407469872e+01 2.847923343450978706e+01 1.838205879824092648e+01 1.005752579811752412e+01 8.141821174376140391e+00 4.588550605838084273e+00 3.524266884024182200e+00 1.508064610273913919e+00 1.546230740405975190e+00 1.065356426680015067e+00 7.063726909914757046e-01 4.583737578824683134e-01 4.573779118113456832e-01
9.211956585832514577e+01 2.281677818877560355e+02 1.233982067612628413e+02 2.310496867047282876e+02 1.563085124875331928e+02 1.242339079934856301e+02 1.307077163846965959e+02 9.470586952281053073e+01 8.688362269615676325e+01 6.578807828445526695e+01 5.382739629997279707e+01 3.503918099335622571e+01 2.831640337629992032e+01 1.855876797302721215e+01 1.029982589574858487e+01 8.122094374063669520e+00 4.536505963933256780e+00 3.514564034788114189e+00 1.497428935354225166e+00 1.540021082318831169e+00 1.068641616081978940e+00 7.396689622340900661e-01 4.719435015792328159e-01 4.598807076228408897e-01
8.976534552759396490e+01 1.917520761629138804e+02 1.372064775119789033e+02 2.112188344897130037e+02 1.567816050742322318e+02 1.238051944934824604e+02 1.365749749346298643e+02 9.557841939652546159e+01 8.750058165484978190e+01 6.630164067584071574e+01 5.361199017737599348e+01 3.499744360792997355e+01 2.887153729416719727e+01 1.840809842383831807e+01 9.839779204632938203e+00 8.247007886580094649e+00 4.471143267192262627e+00 3.480614367865683789e+00 1.483737656758457701e+00 1.560850173161193899e+00 1.073931338236730149e+00 7.514353416560247689e-01 4.486159859597403932e-01 4.559871351904662973e-01
8.561260942170446242e+01 2.026198922360721610e+02 1.160442694048995946e+02 2.166087189223300129e+02 1.606366538239724946e+02 1.233937212958256424e+02 1.335143008025655149e+02 9.421046906963388778e+01 8.713885333680003953e+01 6.530776405688975217e+01 5.329812655815621270e+01 3.447799808428002422e+01 2.827589836774114929e+01 1.853821606336328287e+01 9.994698135582716247e+00 8.238067424175435249e+00 4.532957583531795009e+00 3.551121783763866890e+00 1.466571635017233977e+00 1.497293223166741294e+00 1.071163662432092378e+00 7.074153635724338418e-01 4.360008675327580185e-01 4.432917117772784965e-01
8.545095559684833120e+01 2.176212796544409684e+02 1.288599564156050121e+02 2.261961970679215312e+02 1.570672602930332005e+02 1.230436503412878153e+02 1.346991194258810367e+02 9.453742886967472714e+01 8.790297825375546381e+01 6.609943779715831624e+01 5.368896001678962904e+01 3.512584660286454863e+01 2.830238309808726171e+01 1.836631879421731384e+01 9.990968453154533080e+00 8.374350726910730458e+00 4.609561393212366021e+00 3.495226525529261608e+00 1.499180275753175140e+00 1.550271872293448094e+00 1.048658820635141264e+00 7.439754374872452614e-01 4.570735918450932744e-01 4.418403742869936313e-01
8.720295862731710201e+01 1.900341404434100525e+02 1.153097729568499119e+02 2.313504594459438124e+02 1.553526183883079739e+02 1.187042506782517393e+02 1.314901175949996741e+02 9.563287319379880103e+01 8.679422849493499825e+01 6.628805071030718921e+01 5.375305851400112545e+01 3.474272275154846312e+01 2.879406591279228422e+01 1.799294724308882465e+01 1.006819931861494766e+01 8.218088137593284159e+00 4.643030387987105101e+00 3.642271086180149275e+00 1.435284729010658733e+00 1.512817661501159039e+00 1.023432834891300880e+00 7.119486259072402845e-01 4.435482676322202167e-01 4.302644054936753948e-01
1.025510556827094604e+02 2.187440049303415321e+02 1.257681400393787499e+02 2.220719872976729334e+02 1.542849313763705084e+02 1.247733137425458949e+02 1.326757690326186605e+02 9.259381537113424088e+01 8.682077075494089513e+01 6.667842108139784330e+01 5.219419010893223287e+01 3.464643420228867399e+01 2.814488677103334524e+01 1.849003322039454389e+01 1.012614297233635696e+01 8.183091435026760507e+00 4.433954212436408859e+00 3.453960768351236776e+00 1.460801367738650880e+00 1.515819794852103275e+00 1.083208373787722723e+00 7.541875569879682439e-01 4.436642175526555043e-01 4.396338903506650797e-01
9.897130827492983940e+01 2.138168465074509470e+02 1.328681718050435165e+02 2.200216465909252292e+02 1.586412423093459836e+02 1.199784741657924343e+02 1.352721361083548857e+02 9.750080026045172588e+01 8.848395803078813060e+01 6.731690819745897159e+01 5.365134907968689504e+01 3.518653614015256181e+01 2.827668092756378115e+01 1.824453540129820794e+01 1.011675983001720169e+01 8.037160952564915917e+00 4.629233107061532237e+00 3.485810456505830768e+00 1.516542800232962396e+00 1.522846327649589604e+00 1.044243837028911992e+00 7.577796056493185661e-01 4.503900207314010529e-01 4.691320435893014951e-01
1.039406640583541446e+02 2.104583694493867938e+02 1.228552465780592655e+02 2.216166790156832747e+02 1.542658846175842768e+02 1.258171830934313675e+02 1.299193633092418452e+02 9.188826196015419612e+01 8.606191768138182852e+01 6.641700218860349025e+01 5.318167424212271754e+01 3.440257131114336175e+01 2.797425970506833437e+01 1.822504828697119450e+01 1.005715700949390623e+01 8.190156398047831132e+00 4.645121824906875752e+00 3.515097008178532878e+00 1.445774063721742886e+00 1.560107649878165637e+00 1.101054033493033879e+00 7.263747433102537565e-01 4.734822508281433806e-01 4.651469112293959429e-01
8.874390623030785719e+01 2.146153841157810405e+02 1.245986663617868260e+02 2.028048472763509551e+02 1.512884566932242478e+02 1.210689454648408514e+02 1.366208251627656125e+02 9.647246518646478819e+01 8.791371214460983197e+01 6.709742888181114040e+01 5.354787622823084803e+01 3.466093511852811559e+01 2.844096662776614082e+01 1.833297637219397913e+01 1.032593091696696774e+01 8.001433181557226604e+00 4.703295012542793252e+00 3.563905933280873572e+00 1.460256806252432371e+00 1.536286245594234989e+00 1.032281870843928751e+00 6.930071856285703324e-01 4.374818563510772251e-01 4.651661188909450573e-01
9.582984076204492396e+01 2.369565220676878710e+02 1.240739893858275025e+02 2.185180187263995322e+02 1.524622130300489573e+02 1.218300621680081264e+02 1.336404738798201777e+02 9.477410093437265459e+01 8.737463726551489174e+01 6.668862591022947583e+01 5.342756483292143344e+01 3.453990079175659389e+01 2.818293237721944067e+01 1.814646594396117152e+01 1.028940036276224390e+01 8.102235552479442049e+00 4.521533716222754684e+00 3.500823218223041877e+00 1.482192663672788679e+00 1.526544329937547628e+00 1.080068648046822233e+00 7.328833360178157452e-01 4.668252744266662702e-01 4.632797470392858163e-01
6.244773275308669724e+01 2.085406199852122882e+02 1.340689041461463944e+02 2.307560328457487628e+02 1.504232803666629081e+02 1.281727214440555258e+02 1.311102306966704134e+02 9.798857314672049768e+01 8.806303186625115131e+01 6.666721182524632638e+01 5.306665946332773842e+01 3.433630099407429270e+01 2.817072770482867838e+01 1.839309780214962586e+01 9.447036002041322433e+00 8.049919673612118132e+00 4.634078002091218451e+00 3.461724873684010717e+00 1.411972067537113462e+00 1.496385091764668829e+00 1.077749948611940845e+00 7.650988680203355541e-01 4.588195748887699543e-01 4.521182487515668091e-01
9.399577815867314712e+01 2.216522040961452831e+02 1.174188889088140826e+02 2.258274978308267578e+02 1.546647811191562027e+02 1.196991543548944037e+02 1.331580381432801516e+02 9.497787842680767767e+01 8.841627319769848725e+01 6.626962668951239266e+01 5.326660212404089378e+01 3.455680561940113193e+01 2.832096360231546228e+01 1.826153110812935410e+01 1.003414465200859418e+01 8.079026050858775676e+00 4.633037388830435255e+00 3.469646121097288205e+00 1.491665567605634957e+00 1.491979402870522664e+00 1.036963479730661275e+00 7.378084409341315597e-01 4.713150278170584739e-01 4.699403909151603775e-01
8.588366636356624895e+01 2.158507194409411625e+02 1.343690006742442620e+02 2.249635907386584108e+02 1.457221013237900422e+02 1.279465849979045657e+02 1.277895554996645444e+02 9.354238557628781336e+01 8.823011648222782810e+01 6.614584420728456848e+01 5.308339238450233211e+01 3.473743922904337467e+01 2.821486042593990717e+01 1.843576044539711134e+01 1.008121423733578936e+01 8.328734485222522466e+00 4.573172707957621874e+00 3.445418527047659829e+00 1.422962737633627128e+00 1.535474062240353321e+00 1.054723758854382742e+00 7.331121504099724628e-01 4.748018383704087353e-01 4.818452235187900001e-01
1.049486439632819383e+02 2.085764094449456252e+02 1.273956160196912606e+02 2.191104653663246324e+02 1.533451077394659308e+02 1.201814899287939227e+02 1.344899853336796127e+02 9.640618181843855439e+01 8.791185171366488760e+01 6.598559322103540126e+01 5.329211658528720363e+01 3.495775753912479189e+01 2.784182518579651955e+01 1.862629897588444550e+01 1.027342116391555393e+01 8.224806832378472876e+00 4.555094617244605182e+00 3.476384841466135356e+00 1.456017674364265879e+00 1.529078467044225897e+00 1.090058075691398898e+00 7.143120879077713425e-01 4.545825650150561725e-01 4.335157604127254927e-01
8.573030113831791255e+01 2.009030116199459997e+02 1.160564947003047678e+02 2.198255179580285699e+02 1.548511486900368652e+02 1.241814593788966192e+02 1.348403823229233183e+02 9.360592685200226981e+01 8.711452919494897174e+01 6.657520578264069400e+01 5.367328665476478733e+01 3.424483953854088014e+01 2.818246363744752969e+01 1.811860787781073512e+01 1.005218128593275573e+01 8.109370795811692290e+00 4.554887135155886391e+00 3.552119569623240825e+00 1.500563447314263721e+00 1.533955445527016570e+00 1.068858366780931268e+00 7.432924233709125028e-01 4.750836956267442956e-01 4.617873309877815191e-01
7.459323621393436099e+01 2.137024277661503504e+02 1.152828785592421355e+02 2.350318291488735269e+02 1.599040953062942947e+02 1.162666663386281556e+02 1.332104466924198221e+02 9.620025096394995501e+01 8.582701169332243296e+01 6.533473447734999695e+01 5.376696827056800743e+01 3.499500358544578660e+01 2.768043687540520992e+01 1.860036539233148289e+01 9.956781927487133643e+00 8.152025713355225633e+00 4.634983450833266794e+00 3.476248733593012563e+00 1.437823221365539972e+00 1.541672136303482876e+00 1.042711882262021827e+00 7.615560394916488507e-01 4.662976718855844638e-01 4.367177170796895935e-01
8.499129048373848150e+01 2.209912779498710336e+02 1.162513964464777843e+02 2.196649950564091398e+02 1.471588849132630514e+02 1.254785169766489616e+02 1.308135831272005305e+02 9.498693139970875166e+01 8.638781322990648448e+01 6.516287532885627343e+01 5.249688105031287932e+01 3.429304159246887451e+01 2.862847982103107825e+01 1.830571769734375565e+01 1.036383987689139197e+01 8.101398931902927814e+00 4.638445911838786628e+00 3.547165489792852178e+00 1.468140801605041679e+00 1.562576798621151397e+00 1.059975046511434815e+00 7.474409218923898646e-01 4.768842408196408145e-01 4.740190789627978796e-01
9.707618453454172425e+01 2.333908191864211403e+02 1.251409680273263376e+02 2.200843096886889896e+02 1.513433859222557203e+02 1.186032444857270178e+02 1.328390664524401643e+02 9.506002442467790559e+01 8.767023411488496265e+01 6.645068439487047840e+01 5.478053993666522103e+01 3.474806482584067169e+01 2.774850970587996102e+01 1.844407023165230797e+01 9.819959564536221208e+00 8.225437731247023265e+00 4.471728265452693307e+00 3.481795882276383036e+00 1.489071371577125102e+00 1.529153378470825997e+00 1.117692250287110056e+00 7.337515590459240400e-01 4.636768311799095432e-01 4.698345778240012871e-01
7.629148140057283456e+01 2.099140622571874530e+02 1.223021610249137012e+02 2.179872095439754958e+02 1.562728861515213055e+02 1.241831848228937361e+02 1.330808642039291954e+02 9.386089558425199186e+01 8.604852700518458164e+01 6.642905940376684271e+01 5.358735927441059488e+01 3.481965184471955865e+01 2.826808711232463978e+01 1.861004341707106491e+01 1.030838449842380555e+01 8.227877606566226021e+00 4.711080859347287486e+00 3.483832126838038779e+00 1.507742013673385229e+00 1.511444045419079840e+00 1.050004099180851247e+00 7.464447620625641600e-01 4.685044721770055265e-01 4.633468375940668071e-01
9.254202778154663633e+01 2.379189616558900582e+02 1.193862495891866331e+02 2.128110875943037570e+02 1.488036494183330944e+02 1.272267727726996327e+02 1.329169590253129911e+02 9.315134109979966581e+01 8.732928828973614088e+01 6.545732808832796934e+01 5.359377029462670095e+01 3.441187170283485131e+01 2.808108221599050935e+01 1.841570755269572501e+01 9.886244646970144601e+00 8.190271698934056488e+00 4.618600583766651724e+00 3.508032440852325795e+00 1.371782231545789266e+00 1.469737318857670560e+00 1.041296648282915793e+00 7.466826043820385950e-01 4.466626499679026141e-01 4.575675596907597398e-01
1.206045675388162692e+02 2.028418132237245857e+02 1.292051720859826389e+02 2.230377803132694794e+02 1.531576030789451863e+02 1.211850545592511850e+02 1.334248514789873923e+02 9.468722147011536094e+01 9.057533762735194216e+01 6.606859682833906788e+01 5.308229414457222362e+01 3.440320682051365964e+01 2.833549616343481858e+01 1.831419981265371888e+01 9.850575661716131748e+00 7.980091051467297802e+00 4.680436539337474500e+00 3.624085117686786095e+00 1.404445636481582715e+00 1.520297129186998664e+00 1.057451890395293859e+00 7.356272469670038783e-01 4.241948832132322877e-01 4.380176815498298959e-01
7.162193933560592995e+01 2.175713822095881653e+02 1.272440832768786834e+02 2.200578739828438586e+02 1.461384199154726389e+02 1.212481948496518243e+02 1.329362066012588173e+02 9.622088590048296908e+01 8.692875083712208095e+01 6.596655933286402274e+01 5.311959367107556318e+01 3.427398609925965189e+01 2.806141970407171016e+01 1.828393948918414935e+01 1.030902190398071561e+01 8.261079094253064525e+00 4.507932167858434092e+00 3.484706936108239450e+00 1.424842155580605674e+00 1.497478175523542676e+00 1.039486090259765128e+00 7.765860084209313952e-01 4.819856511065603866e-01 4.880388700235350763e-01
8.576317421555425824e+01 1.976081129940591268e+02 1.274440874449798571e+02 2.208464627006937917e+02 1.567687499375804236e+02 1.226735348700436674e+02 1.323210514485511169e+02 9.407653377190872845e+01 8.711771909495935517e+01 6.687795617034458928e+01 5.322908208387453044e+01 3.513402228645031755e+01 2.849335577754751725e+01 1.854054305176128636e+01 1.020412487553681480e+01 8.310033985763766395e+00 4.593662710824423456e+00 3.394690164798245480e+00 1.383409236071369230e+00 1.511813954698427276e+00 1.083725118936961440e+00 7.161940241554227704e-01 4.508179286238514494e-01 4.446150215394881755e-01
5.747251197489202212e+01 2.124578761547727481e+02 1.165578872497786449e+02 2.168717688614851795e+02 1.578614525726201521e+02 1.255578578600179043e+02 1.243737015781821071e+02 9.423724918039835075e+01 8.779957165105864192e+01 6.673733217986291777e+01 5.230423020960029845e+01 3.416980161893442869e+01 2.833429808994014465e+01 1.856841197989491121e+01 9.974378060735702434e+00 8.301994453511611027e+00 4.526223940709600768e+00 3.646366278340742451e+00 1.465891681650197897e+00 1.545047841783192766e+00 1.089593803123407145e+00 7.516415892512373631e-01 4.607212641822222565e-01 4.696148171069694510e-01
8.842665286533457447e+01 2.167166232111861461e+02 1.174399926576180917e+02 2.386763435668526654e+02 1.586722808922891090e+02 1.258272015487964381e+02 1.302957086622981819e+02 9.543655220786719440e+01 8.674125306110580880e+01 6.609077875332346252e+01 5.395585390273374315e+01 3.449859461057697985e+01 2.831934528378119253e+01 1.826805663481932029e+01 9.867650959972126046e+00 8.102779895344433214e+00 4.570823681942139061e+00 3.463701955153546397e+00 1.476580291018091629e+00 1.494641393390734319e+00 1.057193550980078944e+00 7.356296957425022542e-01 4.539733348432122839e-01 4.334095391441507572e-01
7.877513654877469662e+01 2.210250140114010264e+02 1.071223584371016386e+02 2.215728496936848160e+02 1.546125614881680974e+02 1.236282917847093614e+02 1.325346502154863231e+02 9.309005010826895443e+01 8.722334856598828878e+01 6.582083475652470383e+01 5.384830029737031509e+01 3.474964026186762567e+01 2.841845534017329200e+01 1.864950130898352754e+01 1.016324477343112953e+01 8.220754608081348280e+00 4.542361843471362626e+00 3.492230441668282115e+00 1.416669121611430882e+00 1.555741431644066308e+00 1.063971185256145091e+00 7.344618687386461620e-01 4.673145024220332622e-01 4.721074041529926268e-01
1.134511388001056815e+02 2.134048170469603178e+02 1.245995849777210225e+02 2.237689433333347608e+02 1.567204560012069123e+02 1.224885539066958273e+02 1.318849595895542564e+02 9.114594007900045369e+01 8.799750253493951391e+01 6.610834610443158965e+01 5.291571058461788368e+01 3.484279344912042831e+01 2.785496676898627655e+01 1.848396987386015056e+01 1.019899730603287047e+01 8.150429970486287701e+00 4.665435374258159129e+00 3.475642611581096997e+00 1.532705757955639791e+00 1.551456880110098746e+00 1.073150540879586501e+00 7.247248420250435030e-01 4.395683167094582289e-01 4.295416007433794370e-01
9.459996485783757691e+01 2.330701939424768625e+02 1.286289880780586543e+02 2.141395457608126662e+02 1.535432619897632662e+02 1.241119763100657849e+02 1.347138461156980895e+02 9.651613144079441042e+01 8.917318975140952375e+01 6.698244112435367015e+01 5.361567426409565229e+01 3.423636335971464462e+01 2.800738183331446862e+01 1.844298837871472685e+01 1.032754334587222189e+01 8.114549261898204691e+00 4.557613985831555858e+00 3.572090269647126171e+00 1.568058166599492154e+00 1.579286982815876872e+00 1.017127450004222888e+00 7.436368432374138582e-01 4.709828249808527545e-01 4.637750261365308768e-01
9.872806056556603949e+01 2.207802472758190220e+02 1.256351861450955170e+02 2.182787329970608710e+02 1.507307242438222659e+02 1.284804278649098706e+02 1.380138610485410027e+02 9.388250852733600027e+01 8.786264676185965072e+01 6.711523437967569805e+01 5.304092558388904166e+01 3.507193996886805820e+01 2.797211135664890236e+01 1.836450132118488554e+01 1.002251405985202837e+01 7.884369163825092564e+00 4.460355331826004743e+00 3.506487966451820704e+00 1.483885321901194487e+00 1.532763495495405914e+00 1.084123323482799606e+00 6.812239166752405151e-01 4.441899496668248459e-01 4.312503984651707145e-01
6.233387748390031646e+01 2.129589968455442204e+02 1.264702172819839632e+02 2.248695371010820452e+02 1.557854927204980697e+02 1.269830350059742727e+02 1.342798545720761467e+02 9.605761437524897417e+01 8.958613726025825486e+01 6.565239140794929540e+01 5.405217303539758689e+01 3.500375646862439538e+01 2.837600875756924168e+01 1.832999261965930415e+01 1.006462021328420597e+01 8.153972534058491206e+00 4.507300157607014413e+00 3.513920353870514379e+00 1.496780481571995836e+00 1.502793499949447442e+00 1.064231525866243366e+00 7.223211585845025207e-01 4.513229880685364903e-01 4.532653426108638195e-01
6.785710528362260163e+01 2.125731421536375194e+02 1.133822916347382517e+02 2.333896040333702331e+02 1.551971291506453952e+02 1.233314394519056805e+02 1.315188503310814099e+02 9.211287549462409174e+01 8.778477851709963886e+01 6.532888014424383982e+01 5.471838798558692218e+01 3.474487737579791258e+01 2.787000581034225988e+01 1.819411943831924461e+01 9.685064844274620555e+00 7.953942330489732981e+00 4.638955425917536957e+00 3.539044230761912768e+00 1.558324607469149470e+00 1.504366470322058502e+00 1.037574303708533208e+00 7.515258480431773469e-01 4.452766688499381065e-01 4.800862087327140149e-01
9.479092059914546553e+01 1.990155103717046075e+02 1.194403390984644773e+02 2.252013232246169991e+02 1.526309048838843410e+02 1.239859289028666183e+02 1.320630213389808318e+02 9.367304576034052843e+01 8.655740115962927916e+01 6.689402260927577970e+01 5.430755326846063014e+01 3.578574236855691026e+01 2.828385768153169622e+01 1.853562751075153159e+01 1.010520318287210983e+01 8.205545218626843607e+00 4.544119783000338586e+00 3.545337673805878165e+00 1.459445421700545698e+00 1.498086853057385648e+00 1.074476520852837069e+00 7.036146538148235763e-01 4.369917373700218377e-01 4.494520101851726679e-01
1.027676427658867766e+02 2.157043486646842041e+02 1.349798236446185342e+02 2.184288651203974041e+02 1.576956227518541880e+02 1.220910655340921807e+02 1.316144139569556444e+02 9.374660006309512994e+01 8.656616189945671636e+01 6.585752492779636214e+01 5.491048804196829991e+01 3.473743345466114363e+01 2.821905463863021879e+01 1.826807125386006092e+01 1.004881551935652340e+01 8.142707523806143044e+00 4.648374438869194769e+00 3.609447643082296597e+00 1.463504441907490294e+00 1.539242032216039169e+00 1.071844537345196580e+00 7.040306066171718724e-01 4.619320380571145801e-01 4.708141707283566291e-01
8.727549942567573282e+01 2.114289215199476075e+02 1.173073944744286052e+02 2.253809974447262903e+02 1.546986039524113323e+02 1.250345050561878821e+02 1.326986917560664381e+02 9.522679635068922721e+01 8.672839345641604325e+01 6.645354504130170881e+01 5.415839983470175412e+01 3.489835460391240218e+01 2.839718734028769020e+01 1.832747112379715659e+01 1.027196716740812477e+01 8.012701482658016516e+00 4.575314375747349338e+00 3.465695073301549023e+00 1.451915987656718476e+00 1.531103401147301479e+00 1.089031025005019249e+00 7.350315679555803339e-01 4.633163323917687260e-01 4.517600594614122889e-01
7.023118288582084290e+01 2.045621055967473865e+02 1.174081997269714321e+02 2.221821507706962393e+02 1.599280192528269708e+02 1.229469739229177350e+02 1.353073800773282755e+02 9.381131966569886060e+01 8.917323374525696522e+01 6.739691012334746745e+01 5.246614281867292107e+01 3.435258191364533786e+01 2.781365670392662892e+01 1.814157018771070895e+01 1.025661056543071048e+01 8.074624477266370448e+00 4.624050073561226881e+00 3.411248698890799069e+00 1.525566093739936457e+00 1.466963334391844898e+00 1.087178382940763299e+00 7.430138383766095034e-01 4.599218236578075381e-01 4.551410873715198147e-01
7.794823710861351174e+01 2.123182024121043412e+02 1.269834018614035784e+02 2.236954379692781174e+02 1.556223020151490459e+02 1.218008251240183029e+02 1.365983062310509979e+02 9.538289795796281112e+01 8.608543641079832298e+01 6.548554733861000443e+01 5.386375867999651490e+01 3.447623150268740488e+01 2.824247556318207941e+01 1.850537695138081418e+01 9.991187025215666040e+00 8.212443839531117007e+00 4.565366282074064586e+00 3.460801909837035506e+00 1.453481907093843173e+00 1.516976982420351394e+00 1.063662221524730445e+00 7.260829933870360797e-01 4.360119995793439451e-01 4.682125383181178768e-01
8.511866968253218602e+01 2.113136823760266623e+02 1.134555699533648294e+02 2.102583813268592223e+02 1.529966288976021360e+02 1.186234061162089404e+02 1.338611155345163866e+02 9.777364423206272193e+01 8.586453840748947641e+01 6.597541313182500744e+01 5.337218178499067278e+01 3.483407352793105360e+01 2.758545950759484811e+01 1.842922584127594732e+01 1.000910567800447915e+01 8.070878715281640581e+00 4.589939305150618765e+00 3.536345205033930572e+00 1.448437148981693179e+00 1.542508214233339947e+00 1.049515136901093326e+00 7.069415747672908035e-01 4.525356352931496628e-01 4.474971944606553897e-01
9.213003906498755669e+01 2.180707039251175843e+02 1.336164112906189132e+02 2.268023353329918166e+02 1.512045949173399322e+02 1.182350791190593213e+02 1.335236399707289650e+02 9.640699229024228600e+01 8.831630287308345828e+01 6.746514378280893709e+01 5.362732214841363998e+01 3.518889630187165096e+01 2.830144789898288238e+01 1.816973793095223044e+01 1.005613681126910031e+01 8.167970080691759449e+00 4.569070451994639015e+00 3.492241644336597783e+00 1.337572554156370996e+00 1.562665858241278682e+00 1.062889120640005514e+00 7.545084883530563946e-01 4.464108288675156522e-01 4.646716861396443798e-01
9.199792461304068070e+01 2.110506423598236836e+02 1.223539992640847771e+02 2.117277473056281849e+02 1.584544118043650940e+02 1.255984440923757575e+02 1.314590189140290022e+02 9.443076635014045905e+01 8.730062570861237248e+01 6.702137690330273756e+01 5.275904195064902069e+01 3.445357503357153206e+01 2.812915278688354448e+01 1.835968973249396186e+01 1.027814680668128133e+01 8.019676082414855856e+00 4.635988971334363384e+00 3.437156345224787746e+00 1.467169551914796699e+00 1.513051731382602183e+00 1.075740625143545293e+00 7.314583165147513499e-01 4.704522113159967933e-01 4.502873074729104030e-01
1.076147031747318294e+02 2.244818994018636147e+02 1.313442424660165102e+02 2.196151550943419295e+02 1.524857449372315727e+02 1.246360051337456696e+02 1.317289390945721266e+02 9.231389389496436593e+01 8.776441033393074065e+01 6.696292221731384586e+01 5.451088889664038817e+01 3.465901255014563276e+01 2.787933616609843313e+01 1.849753500955876717e+01 1.001778189883574122e+01 8.112040324229717214e+00 4.702108943403030317e+00 3.520917332485403506e+00 1.440508695174272935e+00 1.465126787975843170e+00 1.065209434714670333e+00 7.276308237284786484e-01 4.659860343707299402e-01 4.784830043954484413e-01
8.843270782383855533e+01 2.262676499819060041e+02 1.318027228405757683e+02 2.172787840267603769e+02 1.524972787683790045e+02 1.187581323866804723e+02 1.319228665267593499e+02 9.602095801926411411e+01 8.817098452307241985e+01 6.626831779764492580e+01 5.355982302767935010e+01 3.431851363070657612e+01 2.770800270322040859e+01 1.843273323666458552e+01 9.683062675168022437e+00 8.236512123979618849e+00 4.590239974877949436e+00 3.561249128910492168e+00 1.353673348189317949e+00 1.476872541204419242e+00 1.068205852892899932e+00 7.020284678681065760e-01 4.602666963460087524e-01 4.545605233553802194e-01
9.178997197902226901e+01 2.104763674411946681e+02 1.250198694172992333e+02 2.196900407907856163e+02 1.548017490497868209e+02 1.231901860128379127e+02 1.295989861230965516e+02 9.309300436933342837e+01 8.626619468084908249e+01 6.692724162541458099e+01 5.366445336171196345e+01 3.489831836359362427e+01 2.848634248579764972e+01 1.879744131697695408e+01 1.002884806478710544e+01 8.012623273816963376e+00 4.578908560796599581e+00 3.503173829273094952e+00 1.492125534603763404e+00 1.560137158167538729e+00 1.082109185003988339e+00 7.061076979432002743e-01 4.666750679708036031e-01 4.560602370852558374e-01
8.529033298126107354e+01 2.148487775660750287e+02 1.221675429540992326e+02 2.283242648152098013e+02 1.516069328201660937e+02 1.209481794070145355e+02 1.319054653759009739e+02 9.421566346435561456e+01 8.619268314020698085e+01 6.583763959818377032e+01 5.308719911022968319e+01 3.473557038943198449e+01 2.859096937857216503e+01 1.831280467927956579e+01 1.011070778939000903e+01 8.111288531383664235e+00 4.499635420219029847e+00 3.476876605959675626e+00 1.468315133184553867e+00 1.488243278009793613e+00 1.076811875712241795e+00 7.205343894285390904e-01 4.592130532479862248e-01 4.396377525532967900e-01
9.588961141089951923e+01 2.128824713475218857e+02 1.338072382648169878e+02 2.212820833573026391e+02 1.562421435918575980e+02 1.221913575593398491e+02 1.342126406766597029e+02 9.373896694723271139e+01 8.751647833347084315e+01 6.636294232229766976e+01 5.332834755431691320e+01 3.457188961125473270e+01 2.833324596386804117e+01 1.806858319725685647e+01 1.001488815834444601e+01 8.147162838191908563e+00 4.506792893606809791e+00 3.412854665899477613e+00 1.435625058356620798e+00 1.521164231379938059e+00 1.076744688432106578e+00 7.264484728208457920e-01 4.468557913273932258e-01 4.446788741584756233e-01
8.870681468027373739e+01 2.160654641622510894e+02 1.194670485457823759e+02 2.174920138936898582e+02 1.552209682025567759e+02 1.233211182612255925e+02 1.307702527767197012e+02 9.473014781905723680e+01 8.664572066738479350e+01 6.676125154523178651e+01 5.322428961726199503e+01 3.460497886085441621e+01 2.846842621365560433e+01 1.847866575972375358e+01 1.007052727190532515e+01 8.101566656584736847e+00 4.571193761073657491e+00 3.553847664947935581e+00 1.495766088972737107e+00 1.523516826133228141e+00 1.050403856268582459e+00 7.409101998101137454e-01 4.756044699747076221e-01 4.597630127858718385e-01
8.515825651749064207e+01 2.046511617143300157e+02 1.184660522461319658e+02 2.198810355169970592e+02 1.565314056141962453e+02 1.177230888358912892e+02 1.311538258160177861e+02 9.335007399157045427e+01 8.769710172718608021e+01 6.739342571717887154e+01 5.390670042407877816e+01 3.481330675384852924e+01 2.806730007992041465e+01 1.851069224088523058e+01 1.005082963001689222e+01 8.258828103170566592e+00 4.687983630233169663e+00 3.543022424173455143e+00 1.428676082604830810e+00 1.515243655846234550e+00 1.067317180136461818e+00 7.304109909464767680e-01 4.682694099678252897e-01 4.509369296610736821e-01
8.055608963760990093e+01 2.116873940209959812e+02 1.290264471076737891e+02 2.168301964629145004e+02 1.561415026832662818e+02 1.257750202102672574e+02 1.308240414856176415e+02 9.397555612138638992e+01 8.695489607083842998e+01 6.586609435554908032e+01 5.366633014434347615e+01 3.495635429362320679e+01 2.801349130446318725e+01 1.858662582704534927e+01 9.988325233169485173e+00 8.164852094319130060e+00 4.567224116255251154e+00 3.439638460939380860e+00 1.511246204919776126e+00 1.520552220059238069e+00 1.071706400019550642e+00 7.352229996486457919e-01 4.643604520740052255e-01 4.627526850192832941e-01
7.265272962642472976e+01 2.104500505731999738e+02 9.711469246785144094e+01 2.232163911552059972e+02 1.534756439062898608e+02 1.199011624812784618e+02 1.340538921223696889e+02 9.542973142260493091e+01 8.930185404652303305e+01 6.646908623753776624e+01 5.327172228178424973e+01 3.457246312347970019e+01 2.774953286537643748e+01 1.857838325531339407e+01 9.905940195947513516e+00 8.184430481309698635e+00 4.564684780638526895e+00 3.536651533425711147e+00 1.519545162716321229e+00 1.504591100833482242e+00 1.062727555987022399e+00 6.965439789061717013e-01 4.336759266585265005e-01 4.358987613993721699e-01
8.153659887089469294e+01 2.106494491625539922e+02 1.157207502988440240e+02 2.069688503831138746e+02 1.493922726169442114e+02 1.200995598537513871e+02 1.337957934967060112e+02 9.443488351250384483e+01 8.836930637986453974e+01 6.576115958059192224e+01 5.284355206336067567e+01 3.454908953979440867e+01 2.797453927943896446e+01 1.867189637589223494e+01 9.862120238297627850e+00 8.138679389967011346e+00 4.547896248416626541e+00 3.490007210590607034e+00 1.501515194150332633e+00 1.566400342037922888e+00 1.036026216573700420e+00 7.075058788539444476e-01 4.596207521943309615e-01 4.767613134476094694e-01
8.098529725809676449e+01 2.122141763194266275e+02 1.154399104276144641e+02 2.219146585974778247e+02 1.574167373606811111e+02 1.253515886440436589e+02 1.298485008362353597e+02 9.617772584079550313e+01 8.726857228862878912e+01 6.632061977375644801e+01 5.390877857463020462e+01 3.465640874015764439e+01 2.846817664328247943e+01 1.856261166550789099e+01 9.916599530989714140e+00 8.180615832738038051e+00 4.664339810036120859e+00 3.446628189843958356e+00 1.516357956235337534e+00 1.554222925407192424e+00 1.046031085047659070e+00 7.044058091790759146e-01 4.377892642806553991e-01 4.418001981233612430e-01
6.574472793283007377e+01 2.225163656267505417e+02 1.206810978957102662e+02 2.220970280171998752e+02 1.569707045426771685e+02 1.196583627272927970e+02 1.344273757288461013e+02 9.473941908937085543e+01 8.911305196989789579e+01 6.747135342417598736e+01 5.383375526458671345e+01 3.502649018101000422e+01 2.820772788168561362e+01 1.830157826829278989e+01 1.023940294046981414e+01 8.106539220816863178e+00 4.611785446541177613e+00 3.510493507255794121e+00 1.450967714320977597e+00 1.443797386126224325e+00 1.044351945809274707e+00 7.236826594644888422e-01 4.328570228311797718e-01 4.524620366267579352e-01
8.834755007237265545e+01 2.059806900673271173e+02 1.316321691452446601e+02 2.204215191056137257e+02 1.553906357490113805e+02 1.239000288847305455e+02 1.340020511978338504e+02 9.611960545444799209e+01 8.726984942988131877e+01 6.692421455757506976e+01 5.443107956762780475e+01 3.487354082787383902e+01 2.846563830409127505e+01 1.852033768679830317e+01 1.019419038677443368e+01 8.136561640548002572e+00 4.611008540699009117e+00 3.453597075278105333e+00 1.445318771675623060e+00 1.555489876117121417e+00 1.053982043057250184e+00 7.121594035459395400e-01 4.657231414103613076e-01 4.675819143068339345e-01
7.957550718652569799e+01 2.094491370496147056e+02 1.354741787899350811e+02 2.212918677211599743e+02 1.528320022337794342e+02 1.211930115384124207e+02 1.360318711982290836e+02 9.647618879896984367e+01 8.837622091348845288e+01 6.644508508612602782e+01 5.438492011526619763e+01 3.521256816321749028e+01 2.783196523443753989e+01 1.839603475454774539e+01 1.008691197315986265e+01 8.121738297534463413e+00 4.668736365599875704e+00 3.540612793755531396e+00 1.441209983152404561e+00 1.530955215152178361e+00 1.069056420095077842e+00 7.454381512793301079e-01 4.625558991235400597e-01 4.448764939567016463e-01
8.828235042614572592e+01 2.186372745454945061e+02 1.213242835842595468e+02 2.299343162139595620e+02 1.544987004913226656e+02 1.189692295054518070e+02 1.330424025210105867e+02 9.458556133515384090e+01 8.778367771969752198e+01 6.777442396638996058e+01 5.317481865275101427e+01 3.434647200690221069e+01 2.806682514569654430e+01 1.837996337364809207e+01 1.013672025483968930e+01 8.121788351830556252e+00 4.641021640837305284e+00 3.587611132626161936e+00 1.421199855934124789e+00 1.525886167391464987e+00 1.072406002502203526e+00 7.205806662074817348e-01 4.492634046835818906e-01 4.449885530512384668e-01
8.782350238400850628e+01 2.140682735398421812e+02 1.171583717447496724e+02 2.219515612315764770e+02 1.502174107466848625e+02 1.227591021123413242e+02 1.343453612850220509e+02 9.414720039798993412e+01 8.813441300506690368e+01 6.528351205349532904e+01 5.395124630062764481e+01 3.461502544120910585e+01 2.833555645640020870e+01 1.853117642154343159e+01 1.014296960030560690e+01 8.199302924162212847e+00 4.568467405314258656e+00 3.508720198942334889e+00 1.453402368126148980e+00 1.510419128282255441e+00 1.035787567203454218e+00 7.205439559066461053e-01 4.562367133181667311e-01 4.795219323483637663e-01
9.764478597158147011e+01 1.851434196986718632e+02 1.155127890438576799e+02 2.177576481095297538e+02 1.466799071646100572e+02 1.230475349787458157e+02 1.302033722144574313e+02 9.537261207642029603e+01 8.487044881407338437e+01 6.627052535350807716e+01 5.469838912247745100e+01 3.466806842947750766e+01 2.837518421499208898e+01 1.813319345750308642e+01 1.038706842065704983e+01 7.885468822066323824e+00 4.407307171455284944e+00 3.464285745306614483e+00 1.361622692249846223e+00 1.436545407996422830e+00 1.036537507063695074e+00 6.953904704503592882e-01 4.553217215651126359e-01 4.269008650109668568e-01
7.993478603464120624e+01 2.077734003038121102e+02 1.335637214736475755e+02 2.164701954649534059e+02 1.584313607562245920e+02 1.153407149338896431e+02 1.315926983830747474e+02 9.724862123797529989e+01 8.931228357558174480e+01 6.802467420035192447e+01 5.309681953953060685e+01 3.500328669842197371e+01 2.761608213801441636e+01 1.863684044880610102e+01 1.023102877097735153e+01 8.094879178109366080e+00 4.660520272795383612e+00 3.466501572481827331e+00 1.458784336005684468e+00 1.556930601241312662e+00 1.053644608891051160e+00 7.636830594664801852e-01 4.977005300088052642e-01 4.554677663399599452e-01
9.033677151303578512e+01 2.100010652609067563e+02 1.241281288516609465e+02 2.284767245665241546e+02 1.540668792365412116e+02 1.211222399518187700e+02 1.341779221924534795e+02 9.388380369621384602e+01 8.761963442313411576e+01 6.600628308574692937e+01 5.423680513620961108e+01 3.550591980325853569e+01 2.822224124203539475e+01 1.815858199206231660e+01 9.902702513438088161e+00 8.169795725560563326e+00 4.705541017633654732e+00 3.498428154231916665e+00 1.408433039073075710e+00 1.518104159934864805e+00 1.104708339911817161e+00 7.352297142508654737e-01 4.864628167775784107e-01 4.733419992940843812e-01
1.046973997437161756e+02 2.071377306155671363e+02 1.182858902801837502e+02 2.230920231543127557e+02 1.518833560056889098e+02 1.224117995670171695e+02 1.328550256290893685e+02 9.444844582786930687e+01 8.749008332679933631e+01 6.684202297382205415e+01 5.319476853220448476e+01 3.475977062871471190e+01 2.794280160624861153e+01 1.868656483739725260e+01 1.002840750675732018e+01 7.966255454749792797e+00 4.679332094205615356e+00 3.507374826625636821e+00 1.479491942583869957e+00 1.518910185225029741e+00 1.092346676116876081e+00 7.348294946200764066e-01 4.639228806256229798e-01 4.321357077352688814e-01
6.234814933100071244e+01 2.123992383535427564e+02 1.310106000056956361e+02 2.133348655929625863e+02 1.509634571025535195e+02 1.242484717255522639e+02 1.333968756939586342e+02 9.242828208068054607e+01 8.737021477316963569e+01 6.683506794227560022e+01 5.353496968546591717e+01 3.442089657113821488e+01 2.724267203465597831e+01 1.882913113601541610e+01 1.003904788476859444e+01 8.207475472599730537e+00 4.589852415741597191e+00 3.469467289609557081e+00 1.479554374036233355e+00 1.520413935917579895e+00 1.073895413314071456e+00 7.347168933235616040e-01 4.857393179554634899e-01 4.775695816905825564e-01
1.085899841673711848e+02 2.063583492679385358e+02 1.197710356365389259e+02 2.242086515175278407e+02 1.534794257812039007e+02 1.156445685306557039e+02 1.309057481752878971e+02 9.544674472267725207e+01 8.492143507466865060e+01 6.701560123812632241e+01 5.393808422264553570e+01 3.443439216997732899e+01 2.797297962145664840e+01 1.857376577205920398e+01 1.001487707040010733e+01 8.090559975897550160e+00 4.565261651917161601e+00 3.516885530874345633e+00 1.432861435897538227e+00 1.493510679732737545e+00 1.046305791524577034e+00 6.874431280604449412e-01 4.508481898872212512e-01 4.528757168433457103e-01
7.230132919320790563e+01 2.180415445525914606e+02 1.235601627338066066e+02 2.234826492881966260e+02 1.539910349500128177e+02 1.247701093782514903e+02 1.322335303042653720e+02 9.510756032560121298e+01 8.810404603061090256e+01 6.674806887724187732e+01 5.406538643143547773e+01 3.476049371496123541e+01 2.821650851611983768e+01 1.812435234645253956e+01 1.057774984700314569e+01 8.130575641217673066e+00 4.770977488143371303e+00 3.461988958041374076e+00 1.443484194046973368e+00 1.543458056467071238e+00 1.070485775460327416e+00 7.325305067209422205e-01 4.526430586670418532e-01 4.613871845963605223e-01
5.590038132981833030e+01 2.135260669819647603e+02 1.254607834418569752e+02 2.267793204032124947e+02 1.598604601644909735e+02 1.243874787528325214e+02 1.308222021000536870e+02 9.407221316148530832e+01 8.852562575251955934e+01 6.643906973710244301e+01 5.386547889055425031e+01 3.506706051892638953e+01 2.833371354717382928e+01 1.837064217868638494e+01 1.015462756007109490e+01 8.168213414947397055e+00 4.620987405498311773e+00 3.506739639817311183e+00 1.452672486749863046e+00 1.521907248306722416e+00 1.054122483460957937e+00 7.181512202339319639e-01 4.642412033509958347e-01 4.797003247986453833e-01
8.878693830358680827e+01 2.231461658839461109e+02 1.257728284692082212e+02 2.269764759150862972e+02 1.537592419797072978e+02 1.177371079252419577e+02 1.348803223364825499e+02 9.417252679770676593e+01 8.823743240440768432e+01 6.534626683947408310e+01 5.376028881320130637e+01 3.446311013256070765e+01 2.787170841128327581e+01 1.835366522277569956e+01 1.013708257857242856e+01 8.111003020915321216e+00 4.564744161266870215e+00 3.528128412065478337e+00 1.475124779993769231e+00 1.504879084179255644e+00 1.071760398514335133e+00 7.452217677867727375e-01 4.535730673144997005e-01 4.546184948178837448e-01
8.704318912055566670e+01 2.119071111800784308e+02 1.229932865939480848e+02 2.198599820424968243e+02 1.534090434747288612e+02 1.217500348867403375e+02 1.319894091912706244e+02 9.417224302028786553e+01 8.689695420315092633e+01 6.613764626312473638e+01 5.324554167064952281e+01 3.458769190261052273e+01 2.801066867499306667e+01 1.828463232946008432e+01 1.001347519616214932e+01 8.098875504115625290e+00 4.577486478889033705e+00 3.491568735357478914e+00 1.444668570910282224e+00 1.515485937979637043e+00 1.069786815319387241e+00 7.256606857883842743e-01 4.542948493824537359e-01 4.451990479426946035e-01
9.530232423344419601e+01 2.104877449255972692e+02 1.181946798017399232e+02 2.199663269803214405e+02 1.554961798417498358e+02 1.205002399326038329e+02 1.287450165835065832e+02 9.379925001267159246e+01 8.729576824986725114e+01 6.686051441704168496e+01 5.324455097760216660e+01 3.467403043779326310e+01 2.835792659583310638e+01 1.832860266370716928e+01 9.999105667706853495e+00 8.196734727031159906e+00 4.667703321072320222e+00 3.525588358834199187e+00 1.506021473547396461e+00 1.498650938479527017e+00 1.099094138553387667e+00 7.408854215387995490e-01 4.658724005246793198e-01 4.659416449517710390e-01
9.385887013719738547e+01 2.130948270064320127e+02 1.231505070919036342e+02 2.214554042300342473e+02 1.553648996987224962e+02 1.245423566243457145e+02 1.341910494254579191e+02 9.219525694937028959e+01 8.586650564666733487e+01 6.756862632629214716e+01 5.312749892495573789e+01 3.507014459714672228e+01 2.810620143048539887e+01 1.852312255854509360e+01 1.019371141257683711e+01 8.145656749396389174e+00 4.591076538407223850e+00 3.435473836337382014e+00 1.496076440294984877e+00 1.543803907556308808e+00 1.063754554390212048e+00 7.340634192108231870e-01 4.470654292977292443e-01 4.446624499996402746e-01
1.017680170541816125e+02 2.152851884050531339e+02 1.164643690946388404e+02 2.281478384516438211e+02 1.515251048660247193e+02 1.227772371783948699e+02 1.309057542587590603e+02 9.471066212283167829e+01 8.699263784916463749e+01 6.501191683561350487e+01 5.354695830782390686e+01 3.526857997148849222e+01 2.796828894248439923e+01 1.819081080844905074e+01 1.010889459311324678e+01 8.050272067190656244e+00 4.658014927890832269e+00 3.501324224610928404e+00 1.434257945753697916e+00 1.520309098167202277e+00 1.053494831635956031e+00 7.525784632382417350e-01 4.476642555810537161e-01 4.353884901426299248e-01
9.499758662250724228e+01 2.079364313225235890e+02 1.289689931334088158e+02 2.128297811425442205e+02 1.497916665612376619e+02 1.200965840422776125e+02 1.341614319062684331e+02 9.418643974082542059e+01 8.846241440486294039e+01 6.550735408739446086e+01 5.413785374518569427e+01 3.469368292183136759e+01 2.810057146291228847e+01 1.848140483263836842e+01 1.006791257529634542e+01 8.168954620934233191e+00 4.603055953317695348e+00 3.523426183542893497e+00 1.492733039175482279e+00 1.528859395848300551e+00 1.068082514834006291e+00 7.243224823512209865e-01 4.714071565989131907e-01 4.693429286481256568e-01
9.523464653496492360e+01 2.127194956893186202e+02 1.340590980977198399e+02 2.217678981199742623e+02 1.568239082054341509e+02 1.235014200248653680e+02 1.335835549919725906e+02 9.432677097709039060e+01 8.826370254852331243e+01 6.659093606251383335e+01 5.319607551862183925e+01 3.469686616549315517e+01 2.803803778242963674e+01 1.849411404828009964e+01 1.007094368396309392e+01 8.076455686070884710e+00 4.698787633152900156e+00 3.431045195406847270e+00 1.465008109730185026e+00 1.554960870802337247e+00 1.044826260954905495e+00 7.433911126202770170e-01 4.609142696604508482e-01 4.565353786234540578e-01
8.708964606319024426e+01 2.094246328368503498e+02 1.248813654766552190e+02 2.178975889345946939e+02 1.524868581892847601e+02 1.192049620381484516e+02 1.328606601616181422e+02 9.392625658245052023e+01 8.807368806481609624e+01 6.715250819681207872e+01 5.367523474125324157e+01 3.451475072046277148e+01 2.826324559947404325e+01 1.843104274358456607e+01 9.996663225178435752e+00 8.084121251809625264e+00 4.716450109889787967e+00 3.559134861867383037e+00 1.478800721859898415e+00 1.508046330936749779e+00 1.057617833314862033e+00 7.102394935371015849e-01 4.734548966516556878e-01 4.722836810302475374e-01
9.112641963015839508e+01 2.092624054339582642e+02 1.330123416330112889e+02 2.150971335315646513e+02 1.597214018961592785e+02 1.217452726377843533e+02 1.395688733683238354e+02 9.311375367678036241e+01 8.747941916837079646e+01 6.690329056153710496e+01 5.369910156058904249e+01 3.447480099967356892e+01 2.820600777609961085e+01 1.854946458833269318e+01 9.862389866130593319e+00 8.065849539150848457e+00 4.607478004520890735e+00 3.388275072994930692e+00 1.451609944889665549e+00 1.512204993322167512e+00 1.085150535980278885e+00 7.234198485837278758e-01 4.441042045961829388e-01 4.288407943774587006e-01
9.687921931683165155e+01 2.130559634788632195e+02 1.180450081622737031e+02 2.155075887016962497e+02 1.566516264431946581e+02 1.233567343357132415e+02 1.313823917431027439e+02 9.612259818404072576e+01 8.642609232204185332e+01 6.653353344896699184e+01 5.385446523319739498e+01 3.499202653450706890e+01 2.817429430610432206e+01 1.858424485134676374e+01 1.014911729629372417e+01 8.243083108237176049e+00 4.763315132722106604e+00 3.535337647847427434e+00 1.476157831553603028e+00 1.559559447468458648e+00 1.047088049309905955e+00 7.183978950489446902e-01 4.281893155232158743e-01 4.389366821499428584e-01
9.378173378843844432e+01 2.078301884587866084e+02 1.109870313395996675e+02 2.197602311883925381e+02 1.560725556879703788e+02 1.213516090414759532e+02 1.330069127985694308e+02 9.338908977675146161e+01 8.879708316333744733e+01 6.657245226020270934e+01 5.257002826700045262e+01 3.493652616109488207e+01 2.792010954528134192e+01 1.834358357875165879e+01 1.021014457835457989e+01 8.128797497556423224e+00 4.531716330164710094e+00 3.529019261122981366e+00 1.427865438976476664e+00 1.536249853696454615e+00 1.063809936987157867e+00 7.108553689450983759e-01 4.489685090712099980e-01 4.564353914386886091e-01
9.584589980583521651e+01 2.048690070398411933e+02 1.248064102103297301e+02 2.194024851463871357e+02 1.536137949904515665e+02 1.243663260539472617e+02 1.309771928801361582e+02 9.448155907640622786e+01 8.724545399250884259e+01 6.558749029384092921e+01 5.334273150596825275e+01 3.482209690331296059e+01 2.817861563991522900e+01 1.836501680947139548e+01 1.010850531049754863e+01 8.111909697486948900e+00 4.629168545144058733e+00 3.442378285256689097e+00 1.438715517065774163e+00 1.536962089951237731e+00 1.048532943135586315e+00 7.128640995572870231e-01 4.508898422083874036e-01 4.562879254904865234e-01
1.002104599332017045e+02 2.087824245840577078e+02 1.249241040279873687e+02 2.208775729760311037e+02 1.593836111362033137e+02 1.221949391402611127e+02 1.336706140547077837e+02 9.903851629726359818e+01 8.818023757329184775e+01 6.753422737258864572e+01 5.364101855448980416e+01 3.498880930463136707e+01 2.807089624750574330e+01 1.839579542789645927e+01 1.032219256798000728e+01 8.053910687708327742e+00 4.625356338540434820e+00 3.544611970405127543e+00 1.423546685908445575e+00 1.512418255334188721e+00 1.051982727856264344e+00 7.429628129898306899e-01 4.630815129392144014e-01 4.529515009545264093e-01
6.997326262345846715e+01 2.297953761363416731e+02 1.410163953386446281e+02 2.155032556567232689e+02 1.518527185414896223e+02 1.218441166827164608e+02 1.304149869367336407e+02 9.606425567237693031e+01 8.962635702355605360e+01 6.543346108335720146e+01 5.241087408139412673e+01 3.472737892412109773e+01 2.816425853086926878e+01 1.820258431765096319e+01 1.002430706982299213e+01 8.056609199321721704e+00 4.535897470890310146e+00 3.601716945411942206e+00 1.398501432332362127e+00 1.469189111906308964e+00 1.068247737618738702e+00 7.207362340895383523e-01 4.153125662467894164e-01 4.546280809061863382e-01
7.962464936157182649e+01 2.149260020206335469e+02 1.309618660884406438e+02 2.230753973929504355e+02 1.616067742069569420e+02 1.262131269266810705e+02 1.349783860342193691e+02 9.439372048461220288e+01 8.651574139024636168e+01 6.681616257097795142e+01 5.383305436239584196e+01 3.465112979974615115e+01 2.810995218603275347e+01 1.858218761682030262e+01 1.016933117924031649e+01 8.138812360494048548e+00 4.522538646053599010e+00 3.558001178870277226e+00 1.441454406449190540e+00 1.526097177665057147e+00 1.057706012077090918e+00 7.042342057197497063e-01 4.543638869444434625e-01 4.522216487189262280e-01
8.732255422719276794e+01 2.174164606283052308e+02 1.236907284734489991e+02 2.199453872246707249e+02 1.523611997353411880e+02 1.196904097613900575e+02 1.309298302084092143e+02 9.293348412672142445e+01 8.798945093364511649e+01 6.545378262317626650e+01 5.337106965790268021e+01 3.466858224751149464e+01 2.819208290720905197e+01 1.828618112304082999e+01 1.002784526738468074e+01 8.107688278662703141e+00 4.516926953617769414e+00 3.456331771944639364e+00 1.511146253668266715e+00 1.505910531586117429e+00 1.064631011160808605e+00 7.278465669146352290e-01 4.434928832372557750e-01 4.452374350748004583e-01
9.070627524710617706e+01 2.127983837469709556e+02 1.296838221098955444e+02 2.218932450465113391e+02 1.551012235664179002e+02 1.245548348715412317e+02 1.319036027446556147e+02 9.422957306398355115e+01 8.705627663548612816e+01 6.660102215547485116e+01 5.338273474815003539e+01 3.466005015208907025e+01 2.804948917921515772e+01 1.840718524972116654e+01 1.019569364858901750e+01 8.126956836295168074e+00 4.602592751447062369e+00 3.525676842603297612e+00 1.472078649954105645e+00 1.522890844322054127e+00 1.062629286562371211e+00 7.215640899224305960e-01 4.586309616592043614e-01 4.579582221083121074e-01
