7.040153642092832342e+01 1.863094015704786557e+02 1.868395770550887391e+02 2.183371872412118364e+02 1.440594295019580784e+02 1.115006743649902603e+02 1.225900725011414352e+02 1.019267676156798785e+02 7.439187592118032910e+01 6.021944354305549751e+01 5.246511568327298392e+01 3.168309051331514326e+01 2.776637032739692401e+01 1.796603142012765630e+01 1.048887188183509878e+01 7.477998853215813035e+00 4.648327662756456036e+00 3.002481605060930203e+00 1.562321141741606745e+00 1.277971165849397295e+00 9.236445031913572690e-01 6.396639117060491930e-01 4.613191560122116286e-01 3.906624581833677001e-01
7.087840726296725791e+01 2.001748871201314444e+02 1.787509924573831483e+02 2.169828538838770271e+02 1.383263891912622512e+02 1.125659105503709014e+02 1.233889639618321468e+02 1.009317114896212928e+02 7.488840859055250121e+01 5.899398092637493818e+01 5.253114308062868787e+01 3.090234828010000356e+01 2.829131208522499819e+01 1.783500821096410505e+01 1.049670381180299827e+01 7.387872049992993517e+00 4.521159717771435105e+00 3.028950704805064120e+00 1.594854711644196454e+00 1.260955040885163525e+00 9.137104321043711952e-01 6.318208360988232242e-01 4.433855911228510860e-01 3.820390159904821781e-01
6.076035233733704644e+01 1.941988096215858661e+02 1.726761201908665271e+02 2.053852068140920721e+02 1.378305611777428510e+02 1.174801115490843273e+02 1.215855388183398702e+02 1.013001142785053048e+02 7.531070183722940214e+01 6.006954723570878940e+01 5.338869586437107984e+01 3.136603455688518949e+01 2.833790740154552878e+01 1.762634374939457516e+01 1.073466717139119453e+01 7.449362027545999965e+00 4.558885399251516368e+00 3.035704313318248193e+00 1.643305809274631324e+00 1.313376899791167007e+00 9.045332776833788779e-01 6.173843093427513473e-01 4.649769861945358684e-01 3.815430528301663737e-01
7.965199258469806409e+01 2.011621045341715615e+02 1.790347730167978568e+02 2.286524821789455473e+02 1.496613675423192831e+02 1.144790463292364393e+02 1.210615221910527879e+02 1.017297897143966026e+02 7.362706797742909259e+01 5.925164387545536471e+01 5.304375079439122942e+01 3.146639635999581941e+01 2.819276885411611033e+01 1.792959555833080287e+01 1.075657225537084827e+01 7.429377841669992932e+00 4.525203337535517178e+00 3.021789881232994190e+00 1.660390340008198296e+00 1.302825693000914109e+00 8.966866126119458213e-01 6.632852093244594460e-01 4.655377574688996378e-01 3.817946537806190532e-01
8.477698721834994444e+01 1.697547750835499585e+02 1.932494222113703302e+02 2.044494168390753543e+02 1.439683503375892144e+02 1.161824891032329958e+02 1.243366867524750745e+02 1.018118117104457525e+02 7.341009113917023399e+01 5.951136728305123569e+01 5.279386518382707294e+01 3.135594495014301231e+01 2.895548800879814522e+01 1.761592040662430847e+01 1.043044461849519777e+01 7.537551485122515160e+00 4.445782635251889658e+00 2.978459156117541973e+00 1.679676396657493465e+00 1.329248882290212430e+00 9.243355217575007776e-01 6.700755902628167116e-01 4.549294679310138534e-01 3.740128239053880921e-01
7.783912563542021701e+01 1.894370602588953716e+02 1.726633384712204133e+02 2.108592174072960290e+02 1.500376874581747870e+02 1.158294101201926622e+02 1.210832498138079245e+02 1.018293561270519945e+02 7.401333585689754102e+01 5.835484238999514162e+01 5.242318737671168094e+01 3.107064906710776242e+01 2.819152874974373901e+01 1.770822837248877590e+01 1.062434286227826341e+01 7.506993289255035506e+00 4.518091290510250602e+00 3.116313411695719626e+00 1.593784535193524476e+00 1.261861206009686542e+00 9.067187767541072807e-01 6.238001280400685689e-01 4.308771867248921694e-01 3.639009624496029049e-01
6.991233343329960803e+01 1.968036462809432692e+02 1.829346370460625337e+02 2.157861387809909672e+02 1.442391020633298524e+02 1.152693010438032957e+02 1.253916544516178107e+02 1.017650330511950614e+02 7.500081760106641582e+01 5.961493986458354044e+01 5.257098608673009466e+01 3.176086415609422531e+01 2.852088812548415930e+01 1.759170189411827323e+01 1.052824443553158140e+01 7.649715272880156292e+00 4.540900700401744317e+00 3.024992403375499794e+00 1.586233362198427699e+00 1.296119698473725768e+00 8.782915542014337884e-01 6.546385131897887177e-01 4.660208778110154770e-01 3.620042475927967018e-01
8.512133198041922810e+01 1.658047404168224546e+02 1.671481651953266123e+02 2.234971626601334265e+02 1.486605645509901592e+02 1.153568810388947554e+02 1.221334900182780672e+02 1.017955450384470026e+02 7.436676524532072108e+01 5.949980933478514800e+01 5.266884063132194882e+01 3.156162256468307703e+01 2.842841092965906569e+01 1.733165831965592574e+01 1.051096244840567095e+01 7.447671705461084812e+00 4.565417011034094585e+00 3.154187072517522505e+00 1.614493206704201045e+00 1.278186215501514900e+00 8.681318014014038908e-01 6.344131029937098987e-01 4.293669241012949556e-01 3.589653909025600220e-01
9.008637130250485825e+01 1.966632971665664797e+02 1.803519102676227135e+02 2.152293397799763000e+02 1.433602307086749192e+02 1.174719149879037587e+02 1.219571289373796361e+02 9.961144565991452282e+01 7.394579523570025970e+01 5.957964704999932337e+01 5.080531760596340973e+01 3.113357976844500996e+01 2.819309344874612933e+01 1.789603601151216239e+01 1.066280534806687896e+01 7.468032501488996111e+00 4.417755858427919513e+00 2.975710773385041197e+00 1.608455747692471682e+00 1.283268569485004118e+00 9.171918514096728536e-01 6.647943251245055363e-01 4.478607666994105507e-01 3.579693253225555427e-01
8.653540983017164478e+01 1.941170877280400475e+02 1.879933448834624130e+02 2.073583951339645353e+02 1.491715391929381838e+02 1.138520759757156071e+02 1.251910407476515701e+02 1.046752803723177294e+02 7.476721075268828542e+01 6.036867079990521034e+01 5.270191776542739603e+01 3.202903516970181386e+01 2.844777220924345684e+01 1.744201305092363796e+01 1.054184788854462163e+01 7.289358920215047277e+00 4.624934064481417195e+00 3.035510154651172243e+00 1.659312371528589125e+00 1.298402591064064637e+00 8.596154898246822773e-01 6.674995547896791503e-01 4.524729608805246883e-01 3.854567684659958027e-01
9.147753000283626079e+01 1.896168856182411275e+02 1.790037795872859192e+02 2.130206137113600562e+02 1.459115486832835700e+02 1.177567139294351506e+02 1.192140793846194384e+02 9.925054208988946414e+01 7.294976529618890027e+01 6.009877419914002417e+01 5.235390003237640855e+01 3.101474132303799180e+01 2.806224203444898180e+01 1.741242059088375171e+01 1.049912313188579915e+01 7.427939445525422180e+00 4.604129897404181548e+00 3.075355431662917471e+00 1.585619943134518595e+00 1.339409867706250479e+00 9.325493026115164730e-01 6.502061738103748212e-01 4.769474304440818324e-01 3.907770277629452060e-01
7.719842448636700283e+01 1.974932745896215920e+02 1.782480719769086193e+02 1.934811968142634555e+02 1.392657839913855184e+02 1.139250382949663560e+02 1.258910594151239906e+02 1.035756128920316854e+02 7.465249085910532756e+01 6.078177989122160341e+01 5.269601514701038525e+01 3.159481824738688616e+01 2.823974046853615860e+01 1.752586330419087446e+01 1.088302508054862372e+01 7.277334467529759543e+00 4.568537246639756688e+00 3.103421009408930065e+00 1.586130688070426231e+00 1.310149879601335554e+00 8.918842696222616384e-01 6.067244705566912089e-01 4.361348032764730820e-01 3.774950284360329422e-01
8.521620277643677355e+01 2.087676112994052744e+02 1.766759192859663017e+02 2.129472730216890284e+02 1.408205825353105922e+02 1.136299898345301642e+02 1.247129411397210816e+02 1.016514145516462548e+02 7.376516159791685823e+01 5.945821515290621306e+01 5.198305669584777178e+01 3.130418150739634697e+01 2.816904202520172618e+01 1.739507880178380006e+01 1.080210676034209882e+01 7.372570334065643216e+00 4.501426494656564081e+00 3.016788040543985971e+00 1.623015885839085515e+00 1.276140241831306588e+00 9.079889683149270363e-01 6.426837717537020600e-01 4.695406400693314941e-01 3.863460607032145333e-01
5.120106660356236006e+01 1.926228562168092253e+02 1.835164102356631304e+02 2.260623284296957536e+02 1.401580654715590697e+02 1.195260554230386703e+02 1.207974802792007267e+02 1.059519662648788056e+02 7.456371054428392142e+01 5.960620949495078236e+01 5.233616993866132816e+01 3.108359004043262885e+01 2.794077693192753742e+01 1.782783371469745504e+01 1.003406589806336058e+01 7.273752431610891023e+00 4.566368631732418137e+00 3.035046025818513460e+00 1.560403225812690531e+00 1.275248621855868514e+00 9.009612650828614511e-01 6.757554165725405682e-01 4.647891575836632927e-01 3.758905570969342524e-01
8.162192919546900782e+01 2.085858031719922678e+02 1.700728397843496396e+02 2.202085352578590971e+02 1.458085822132731550e+02 1.121783388850035408e+02 1.226892411727824310e+02 1.029444274153500629e+02 7.632453734411909352e+01 5.971565678135046085e+01 5.228295347053967390e+01 3.133769704302469350e+01 2.826464255659591629e+01 1.766870724546787486e+01 1.058069525753168705e+01 7.315404111874867610e+00 4.609103249253206691e+00 3.020181178247906661e+00 1.632111345525959045e+00 1.264705659679630001e+00 8.710159798955601218e-01 6.549794048940700275e-01 4.732950481124072462e-01 3.960846807155096738e-01
7.757742721276962072e+01 1.911469223102419903e+02 1.897082169286353519e+02 2.228140284118782404e+02 1.366957559954899466e+02 1.218611858194344961e+02 1.173671094384243503e+02 9.906461165980240935e+01 7.529465499312891552e+01 5.978847318781354403e+01 5.253369052546440798e+01 3.137344961058847659e+01 2.806922214798690263e+01 1.753825172914245201e+01 1.067882339324773078e+01 7.599770942717768207e+00 4.590250798528853871e+00 2.992681477047881344e+00 1.564769165697906583e+00 1.312681124821987844e+00 8.810482665308739803e-01 6.415640631357105717e-01 4.851603450629842218e-01 4.019448352451649997e-01
9.252535088727302082e+01 1.926221872437062359e+02 1.799923217536654363e+02 2.074193329910567059e+02 1.408220308953633548e+02 1.180607543729962146e+02 1.234005631340469620e+02 1.025555162400196849e+02 7.384844105136342307e+01 5.874736553577448461e+01 5.223227673053812481e+01 3.133743390592053402e+01 2.812262175758444016e+01 1.781503615047261135e+01 1.070595684381381574e+01 7.553825042723553373e+00 4.503076169135803219e+00 3.013896000122326502e+00 1.569154286647543639e+00 1.294677627869623482e+00 9.381154323872220591e-01 6.091273407075182833e-01 4.497420512273412885e-01 3.507980675290847117e-01
7.383944663057944524e+01 1.891876612229315242e+02 1.639321227141547865e+02 2.066433402022043992e+02 1.496457929308959081e+02 1.157029896523890216e+02 1.243103871555133964e+02 1.023705096451010377e+02 7.448188747708987023e+01 5.982472577459377305e+01 5.316634546615391343e+01 3.119947152360787257e+01 2.818824871880778460e+01 1.732800652879059200e+01 1.059276442875577473e+01 7.324917554060757396e+00 4.473190115516919363e+00 3.068745214696587897e+00 1.623942825035509685e+00 1.316489543254063532e+00 9.051725645167153500e-01 6.520237290172755662e-01 4.736243091352498880e-01 3.783499217291961259e-01
6.946014265260394893e+01 1.991917923882012929e+02 1.805804072421126705e+02 2.277496709138349331e+02 1.432007697157991970e+02 1.083765449307001774e+02 1.242922096022475245e+02 1.045155286645109243e+02 7.324578180111008407e+01 5.880957767361527999e+01 5.247686304871923113e+01 3.141462169492803014e+01 2.768940961198366679e+01 1.780875485246007628e+01 1.050146079095394036e+01 7.418380328824587089e+00 4.571874505395733479e+00 3.038623704977432727e+00 1.585278068303244803e+00 1.303058785101172345e+00 8.722936621207691976e-01 6.768815307680700055e-01 4.584816877321884476e-01 3.623735130715589059e-01
6.835570267667576161e+01 2.039619321684558884e+02 1.728002303268939670e+02 2.146096887100718789e+02 1.383806451826249315e+02 1.194882851031730411e+02 1.198182244459804480e+02 1.009941590566140093e+02 7.281507886740484992e+01 5.906208659438583197e+01 5.162000042082622286e+01 3.103138733704413710e+01 2.863819381338912251e+01 1.754768306098247166e+01 1.088159899121105312e+01 7.461220781939839952e+00 4.589557885448029673e+00 3.095939153665970167e+00 1.614228312607025595e+00 1.338905103794564955e+00 8.779612055126070347e-01 6.712430980238296430e-01 4.816860130987015154e-01 3.973337816285667512e-01
8.561342820936046394e+01 2.140371991967811027e+02 1.781576519237978005e+02 2.108972625438395596e+02 1.382883391617495761e+02 1.123318880471934165e+02 1.237577394092057546e+02 1.027325473249806436e+02 7.411320748130265201e+01 5.973728399654100940e+01 5.368539555792098383e+01 3.141225690211563304e+01 2.770128160239467618e+01 1.774103080894665396e+01 1.039788456111975101e+01 7.481012947674310354e+00 4.426722991106407434e+00 3.009522755721609322e+00 1.617971853208937327e+00 1.293164185915444131e+00 9.487323152445984453e-01 6.632967159228015941e-01 4.625520252812347355e-01 3.894391596422020485e-01
6.387515929031669515e+01 1.888751089288242042e+02 1.788092348266149827e+02 2.118992466407795519e+02 1.470180948736087885e+02 1.184343456990993531e+02 1.229330242876872035e+02 1.001931222848950682e+02 7.335442845308655535e+01 5.981986318992507989e+01 5.298219281021363969e+01 3.152574854648127811e+01 2.819250653726592049e+01 1.789455637868528370e+01 1.079188320977602977e+01 7.487375934946667755e+00 4.674004516527874742e+00 3.030155949521587733e+00 1.621835519625838939e+00 1.262139835613569572e+00 8.877165899050997178e-01 6.670451614008762187e-01 4.615775841440671323e-01 3.851419640830430202e-01
8.012024161483370222e+01 2.168637769765650489e+02 1.803136801879155939e+02 2.044658566560485156e+02 1.409925483819490069e+02 1.195636642059986485e+02 1.234360554175075322e+02 1.022463266506319997e+02 7.302119212270477533e+01 5.886881312671156508e+01 5.280862598931844332e+01 3.112036843932686025e+01 2.801042962256491364e+01 1.744790819942043925e+01 1.034261581186714096e+01 7.351555736689825871e+00 4.581041348238945154e+00 3.068953604482794528e+00 1.558337392087199236e+00 1.225926756974988097e+00 8.815208794392708214e-01 6.806063130546463613e-01 4.497370154607736037e-01 3.829282856835397597e-01
1.041911107204073090e+02 1.768436011880926060e+02 1.813025028816116730e+02 2.150744997499894566e+02 1.455301784881636706e+02 1.123201214431276185e+02 1.222670730430841957e+02 1.011163854055399867e+02 7.746815454756398367e+01 5.906202764690603857e+01 5.195888195986384517e+01 3.127796495788572884e+01 2.825400397243832273e+01 1.762417085753453350e+01 1.048103103660997171e+01 7.271605813772275440e+00 4.604645696624993789e+00 3.151186446335997982e+00 1.559708392775984720e+00 1.301386756638662989e+00 8.861995095893230312e-01 6.466253130743897515e-01 4.248036797113111662e-01 3.650068791432021231e-01
5.911296310899454909e+01 1.966605758476154051e+02 1.781516461892522329e+02 2.125798627363224114e+02 1.347400100533817806e+02 1.137954536203521201e+02 1.216282137405240036e+02 1.021672415372428162e+02 7.446083221690516041e+01 5.957664967195528760e+01 5.214683312205170296e+01 3.122215694173087641e+01 2.814680003486253312e+01 1.764600372822177476e+01 1.079977584052213224e+01 7.536590940753516321e+00 4.464853428567006510e+00 3.005098690165052489e+00 1.584362471347367407e+00 1.261468351748155303e+00 8.694204863593555377e-01 6.950754976292045084e-01 4.763371527265874983e-01 4.054538894519685854e-01
7.373480640332603286e+01 1.815181559484513798e+02 1.784291576705782632e+02 2.115317243920753469e+02 1.488739440715480384e+02 1.167481951471443580e+02 1.220975813430666932e+02 1.021955277228037033e+02 7.334442558881981711e+01 6.019775985660751871e+01 5.252051326329754488e+01 3.162844439636518956e+01 2.815622150421410197e+01 1.779165183882243539e+01 1.063866951959072438e+01 7.581726933987018135e+00 4.587455243949210448e+00 2.943273860976396428e+00 1.534992470159715960e+00 1.279962956301357702e+00 9.069745280093920448e-01 6.387880499997447004e-01 4.515780941191143705e-01 3.649229695452816391e-01
5.432916998283247523e+01 1.947338532788733403e+02 1.711719619808380344e+02 2.085700184736008964e+02 1.445999519483127358e+02 1.183065448249214313e+02 1.151040705855823347e+02 1.002404549764274151e+02 7.414248908817194206e+01 6.028472823448014850e+01 5.204486336428023918e+01 3.100186189947731918e+01 2.836758815723934291e+01 1.795294280904501960e+01 1.048475796496554757e+01 7.543449914348463459e+00 4.458338715830183929e+00 3.182025960441013268e+00 1.578779254492835626e+00 1.307183886057681210e+00 9.121881685033006448e-01 6.698699031114649927e-01 4.558075535352613117e-01 3.908760856290573460e-01
7.286908772188238004e+01 1.944969605924541156e+02 1.716761089846508810e+02 2.277282504071135065e+02 1.492572211162515998e+02 1.188951100019884706e+02 1.201920979383952641e+02 1.020761626134972175e+02 7.368956059134625036e+01 5.959022342753563350e+01 5.262809250273507899e+01 3.133788973458731419e+01 2.820421872596984159e+01 1.756668054232468990e+01 1.045452289259695711e+01 7.363711190132089079e+00 4.504113271540969521e+00 3.006570146887248107e+00 1.618942109864717871e+00 1.278311970874719705e+00 8.964073069219153922e-01 6.523177979976594321e-01 4.557981106961744855e-01 3.576929802334723463e-01
6.311377491041556453e+01 1.923416623972737796e+02 1.619638400925772146e+02 2.178680574109909571e+02 1.457294053773085523e+02 1.156588605868786601e+02 1.218752563379708675e+02 1.003662568582025898e+02 7.477286921992518387e+01 5.912548066057297547e+01 5.274650671342656238e+01 3.110203315072443786e+01 2.820250629403003728e+01 1.806141215150015356e+01 1.076892915384678062e+01 7.385510738337679904e+00 4.515789298032641064e+00 3.016904517164191279e+00 1.560505933541183721e+00 1.325280788086245387e+00 8.880122811964713536e-01 6.457648499719235158e-01 4.567353627163878715e-01 3.860112776974995441e-01
8.672899845642179173e+01 2.001884283046575490e+02 1.823906820144725600e+02 2.088077768540253487e+02 1.455020168911222527e+02 1.177006481223639156e+02 1.218623659113589923e+02 9.953780869025564471e+01 7.456311233941733008e+01 5.979266598476898054e+01 5.235411513987753551e+01 3.154728085294751239e+01 2.801154851493485154e+01 1.781952607112150133e+01 1.066278432082775574e+01 7.485230903514857204e+00 4.627817764743638485e+00 2.975861064032326198e+00 1.683602432678113825e+00 1.308401011745015774e+00 8.964832386305932044e-01 6.458238498967308061e-01 4.388383699760275425e-01 3.539632969091099923e-01
8.205544486965979445e+01 2.178318660722595723e+02 1.843157097180354924e+02 1.981939425251861451e+02 1.455092713733742471e+02 1.198966831073639412e+02 1.235936182662231886e+02 1.049380097488415373e+02 7.555404073175654389e+01 6.002933312749627959e+01 5.248102717746834855e+01 3.090533457055803268e+01 2.800526341484695791e+01 1.776297170687287164e+01 1.084993483910287715e+01 7.427242674322783955e+00 4.516478892618526864e+00 3.109279605167487581e+00 1.700133089382316109e+00 1.330624867206417150e+00 8.561219409240709011e-01 6.619713435115827105e-01 4.507017113062298241e-01 3.873618985044093854e-01
7.949037494214692856e+01 1.963075773735588427e+02 1.752754765922178706e+02 2.076885223229910480e+02 1.425071673415918383e+02 1.201475973879059893e+02 1.275210377916215236e+02 1.028200889016869866e+02 7.476348282177043814e+01 6.074644703526964662e+01 5.216305627902829656e+01 3.160675013497769825e+01 2.812705425162908313e+01 1.792386776266279114e+01 1.054181326180251332e+01 7.187849661761743114e+00 4.507645248845187247e+00 3.064689956504714541e+00 1.657473158552384529e+00 1.310510214911633664e+00 9.181508611599397129e-01 6.111746398578239425e-01 4.406924778784090946e-01 3.470157817460369776e-01
5.635862435845498197e+01 1.965420691195533891e+02 1.821609376395059030e+02 2.139395112335747058e+02 1.484966269166745860e+02 1.197316300777980445e+02 1.235905674834912134e+02 1.035884775043269173e+02 7.659316225141564871e+01 5.949695576189754576e+01 5.302192209125941957e+01 3.171779006748137775e+01 2.824334111543284820e+01 1.743215305010543403e+01 1.060971081562049179e+01 7.527722036758145663e+00 4.518528829770402488e+00 3.013784405127893695e+00 1.658020674114895510e+00 1.290396559545575972e+00 9.019336617754402097e-01 6.426960501906119338e-01 4.629004705400361908e-01 3.734230648283481946e-01
5.530854605221642828e+01 1.923837926296619116e+02 1.740112941058941658e+02 2.240666607871375220e+02 1.476804904431532179e+02 1.165671068310564777e+02 1.209202153824724917e+02 9.940596083511826464e+01 7.413717275446158794e+01 5.888639543161497869e+01 5.341615118609006885e+01 3.165797716280823693e+01 2.780006608532352175e+01 1.761580495180455586e+01 1.028784124735781269e+01 7.201794715975897709e+00 4.591349020631388278e+00 3.093416249583678557e+00 1.654846796986455981e+00 1.284536264600759647e+00 8.591953918625980791e-01 6.626672519242782222e-01 4.458334729139629693e-01 4.008183189351885445e-01
7.552871013823727253e+01 1.879225153615245461e+02 1.697348060508307697e+02 2.160891559879368913e+02 1.447981067484906816e+02 1.180996955190348672e+02 1.212981958662601585e+02 1.010551816080760545e+02 7.305264034949364316e+01 6.001216074038777748e+01 5.307084823021229170e+01 3.216707057926169711e+01 2.831073768917032751e+01 1.786209928772414557e+01 1.065780319740975912e+01 7.430271943751172614e+00 4.470839775966165774e+00 3.076519994990380980e+00 1.588464012337202469e+00 1.280144830365397723e+00 8.963852359394168801e-01 6.261801867498721919e-01 4.386809597214528789e-01 3.722613574933308356e-01
9.032799958786647210e+01 1.969305632814049716e+02 1.848590473161122816e+02 2.161204629585309078e+02 1.458659977709401687e+02 1.140931732168967727e+02 1.212144222796485593e+02 9.986725296263243479e+01 7.450109991887302385e+01 5.902674420622982154e+01 5.420965998788940254e+01 3.120240187688482081e+01 2.837789647655381131e+01 1.771706482361232560e+01 1.058699009379628464e+01 7.431766215171569101e+00 4.602370393539845672e+00 3.150567597132993392e+00 1.601129260399696275e+00 1.314187418145319697e+00 8.949360897722136166e-01 6.134504705410037673e-01 4.605788163989492645e-01 3.922600838707953064e-01
8.000804233610695348e+01 1.907003988757016373e+02 1.701572071450333965e+02 2.163548454514822481e+02 1.473656717662191227e+02 1.187320618391233467e+02 1.238054083444039719e+02 1.020195761404029327e+02 7.418624748614639941e+01 5.922248662742173764e+01 5.291202430762433551e+01 3.144052248099205471e+01 2.852809794327066939e+01 1.766005012326490942e+01 1.074402832272185293e+01 7.280457404048261694e+00 4.547735202116948372e+00 2.987154862043732706e+00 1.606667252157551351e+00 1.291472801529300884e+00 9.108834683466564552e-01 6.434290924856314042e-01 4.587718949036774796e-01 3.683478891968502422e-01
6.766594580697970684e+01 1.837033029086722706e+02 1.715938763244821530e+02 2.157665544482838982e+02 1.485974496576226613e+02 1.158218280133150984e+02 1.244313050547874866e+02 1.030082123251844592e+02 7.494908839272804357e+01 6.089971145230424554e+01 5.127217269120124854e+01 3.110590283825975533e+01 2.793673423212722540e+01 1.744206923802833131e+01 1.082818965290091562e+01 7.340475983993481890e+00 4.543053762967420361e+00 2.915915106516084432e+00 1.683882352802745563e+00 1.249564979737651793e+00 9.249203704134723036e-01 6.591792681937539422e-01 4.676992650279032659e-01 3.701082571557009482e-01
6.560575050161136801e+01 1.949504876870510088e+02 1.790757510959883803e+02 2.111860514069345527e+02 1.442073705433323880e+02 1.152443628701122122e+02 1.235639971034603519e+02 1.019704535729297277e+02 7.315590807234968906e+01 5.873959236430467001e+01 5.279816352764097331e+01 3.148449168550464350e+01 2.806317973151421796e+01 1.782360603586129244e+01 1.061355840863422806e+01 7.530179554003970210e+00 4.605220131629607749e+00 3.025088024030668343e+00 1.626473719752531855e+00 1.308326377482089686e+00 9.040729406362131293e-01 6.533387609309395661e-01 4.436879347832612952e-01 3.815614548881903767e-01
7.250058429746374600e+01 2.069091609461888766e+02 1.495497948988859491e+02 2.014535531385697595e+02 1.493327092235814177e+02 1.129976735566312129e+02 1.223760741675940551e+02 1.031688309778089092e+02 7.326672784946792660e+01 5.906326529272068626e+01 5.207155522894395006e+01 3.148331918427911447e+01 2.758926276253275134e+01 1.775041195610298672e+01 1.060175396339461429e+01 7.304174757579715127e+00 4.560256132937304585e+00 3.085638454058144742e+00 1.622449103485102739e+00 1.320965146850501926e+00 8.740944779980082124e-01 6.299983311772869854e-01 4.504156909274022458e-01 3.812126230999480780e-01
7.948143972372621135e+01 1.973559456605928233e+02 1.916865731254999901e+02 2.196291379402418897e+02 1.410126843150533205e+02 1.066967717751046933e+02 1.225777612113847681e+02 1.041878290087192767e+02 7.581857000334275654e+01 6.051949423250968607e+01 5.222400087702711602e+01 3.198622344986360844e+01 2.842812192382951864e+01 1.751959235798268821e+01 1.063146338343178421e+01 7.464625924517340749e+00 4.459442777136770175e+00 3.063138531247670659e+00 1.473096010513067933e+00 1.334399162117956061e+00 9.038984280095256896e-01 6.668281379593016256e-01 4.399993339653111568e-01 3.887145227768525335e-01
7.277984670799045830e+01 1.882417829665662623e+02 1.719170382304738496e+02 2.112733173764086700e+02 1.481008374023921874e+02 1.154754719364334647e+02 1.204417615471455036e+02 1.012028441150696665e+02 7.447008090028641902e+01 6.026105725013523084e+01 5.213192407086527425e+01 3.081309689215606085e+01 2.795340928308841910e+01 1.771011608040356577e+01 1.083990732691187553e+01 7.351863823236420181e+00 4.499332342916932070e+00 3.023092743032235408e+00 1.625945799345001719e+00 1.287144741175884510e+00 8.711911153798186369e-01 6.585987776420278994e-01 4.668631177833656998e-01 3.743988339325454717e-01
7.203711694136363519e+01 1.931876599755949542e+02 1.753234251157413155e+02 2.080343398090376184e+02 1.426504921624912186e+02 1.183560598274467281e+02 1.224782582070054247e+02 9.925376288074116360e+01 7.484860588307533646e+01 6.002050087524195021e+01 5.345767481587181891e+01 3.116002992227274149e+01 2.776318661816148747e+01 1.780055904928434529e+01 1.061978977611745201e+01 7.394793375799546098e+00 4.576247220284377804e+00 3.028906856822467741e+00 1.597076375034977902e+00 1.246448883896934756e+00 9.198086165010589399e-01 6.547252765248769979e-01 4.738511175137756770e-01 4.000467194945829807e-01
7.648132535315885150e+01 2.052482891298953405e+02 1.864951482672124996e+02 2.142381418783019740e+02 1.448997032836714425e+02 1.141683515108399973e+02 1.224181825518137572e+02 1.029928457164955660e+02 7.506198777681103707e+01 5.941581230849689632e+01 5.253893179708108363e+01 3.101681594300142208e+01 2.810510428549389417e+01 1.775562090785030023e+01 1.028744658634889753e+01 7.561398258967921393e+00 4.558049611749384056e+00 3.101464954763193838e+00 1.499590802647970289e+00 1.278331064693528862e+00 9.182749131063542292e-01 6.316490498422009381e-01 4.598211595905030147e-01 3.773809849362331215e-01
7.919858854382708557e+01 1.942564946541880886e+02 1.795339858470386787e+02 2.143451007910692567e+02 1.467132347776792187e+02 1.165107095945111411e+02 1.215717363201709276e+02 9.993749696348496059e+01 7.368969330593030520e+01 6.019547198748541916e+01 5.261166163446123534e+01 3.141348927823476700e+01 2.839697956776904064e+01 1.810100683679372224e+01 1.062583503615446467e+01 7.274830861977897634e+00 4.490032111996899111e+00 2.993711861967096599e+00 1.599835200344632558e+00 1.299825355649519398e+00 9.043719188115277863e-01 6.260645752991502722e-01 4.688709056547424869e-01 3.691825401538589846e-01
7.276546010888823446e+01 1.880550196420487623e+02 1.758590667878405043e+02 2.223603470050867372e+02 1.414997754353602488e+02 1.140362393375617813e+02 1.216253151047301060e+02 1.002751574464866309e+02 7.355834414641432772e+01 5.944747594919731171e+01 5.147238273747602477e+01 3.101695641660982616e+01 2.846609075357283203e+01 1.744955539698494107e+01 1.073080622359984204e+01 7.389366445875225509e+00 4.498946846723264947e+00 2.959505376227147710e+00 1.586769360196756740e+00 1.220270443392316828e+00 9.235471974424890318e-01 6.367033487277615755e-01 4.612487927899394102e-01 3.672021969015281107e-01
8.343009383554446856e+01 1.875956683080168261e+02 1.875872879323478912e+02 2.129529077432745794e+02 1.486670037481704583e+02 1.146902263267965481e+02 1.233501056262353046e+02 9.981997918220369570e+01 7.385383104038959345e+01 6.013587024553168447e+01 5.188651513255365444e+01 3.140227884161604877e+01 2.833239743261813359e+01 1.742877665136528975e+01 1.047987728289508702e+01 7.451487575931404095e+00 4.482578629104864376e+00 2.951096234391126671e+00 1.542757825815167294e+00 1.302905439805321031e+00 9.016535205133470177e-01 6.455816917871382010e-01 4.578964357630267989e-01 3.665210106435897730e-01
7.662029964064504384e+01 1.854032248653164174e+02 1.631993813785510952e+02 2.143706543516191800e+02 1.478941521793129539e+02 1.188642301542711834e+02 1.207552362691375549e+02 1.006253971765959250e+02 7.381805359144043166e+01 5.995658167647962244e+01 5.206354374683564146e+01 3.133582047150639482e+01 2.837660560554567013e+01 1.770587592508442754e+01 1.057526473664580990e+01 7.423809965154909207e+00 4.540526206485552052e+00 3.100548162109682870e+00 1.649421718267983117e+00 1.290165954530308579e+00 8.862563376286941574e-01 6.478085198580614268e-01 4.791410555067459609e-01 3.890557276792165897e-01
7.266741561920468939e+01 1.845717350212325982e+02 1.761495323798637287e+02 2.133897562251119950e+02 1.456620474666988798e+02 1.123027052575687321e+02 1.220847487096670534e+02 1.008649410639583692e+02 7.490416322332589516e+01 6.041493660996279402e+01 5.324353611786604290e+01 3.160428475371693580e+01 2.823651215624368760e+01 1.780892312443633330e+01 1.058870456841077612e+01 7.505736303996058290e+00 4.598514828836038681e+00 3.061429698593646442e+00 1.563566385373606593e+00 1.264926967156268400e+00 8.912457608089211503e-01 6.493989427659970781e-01 4.641100648757305880e-01 3.740825471738974395e-01
7.159752132127864854e+01 1.910929853114947434e+02 1.869627512522195616e+02 2.068372197988058474e+02 1.439698030343900541e+02 1.197683829952700307e+02 1.198131717172622928e+02 1.009551352531856594e+02 7.414197688642605044e+01 5.908849005895935846e+01 5.255914528190983503e+01 3.168089274363082453e+01 2.791350349127002062e+01 1.775007242264356933e+01 1.052854847337040667e+01 7.454492611297061977e+00 4.516177435646301142e+00 2.995511719570259412e+00 1.683999445384615434e+00 1.285597014048178721e+00 9.097011595816174578e-01 6.603999289709580056e-01 4.571078830011794381e-01 3.789898825656560222e-01
6.925945860554001854e+01 1.873419033032432992e+02 1.509737902104067473e+02 2.074779377434904006e+02 1.437857653686307629e+02 1.152271548056135373e+02 1.241372859890849298e+02 1.037977393990988588e+02 7.594136301055353044e+01 5.969900055090077728e+01 5.276700552525448984e+01 3.135636552276687183e+01 2.766277744480094469e+01 1.785015968814106913e+01 1.052804752753010575e+01 7.445018068017802193e+00 4.503573005474692970e+00 3.080244560526784969e+00 1.586600649968964882e+00 1.291542138926752070e+00 9.209444418457006787e-01 6.235389213984743328e-01 4.415639193284434105e-01 3.613701666758102893e-01
6.931373527946425384e+01 1.895842258156974367e+02 1.735539118352107266e+02 2.008852343851858109e+02 1.368493054400939570e+02 1.125988777671379211e+02 1.224038352203272240e+02 1.019251142617356862e+02 7.410534425000112435e+01 5.947981443660965084e+01 5.237643554049853378e+01 3.107425669657743583e+01 2.810380111969675099e+01 1.798365499670237710e+01 1.032635603813520930e+01 7.394463347331939218e+00 4.542451918901827312e+00 2.987599927148743006e+00 1.592627509891983983e+00 1.335524314318790928e+00 8.725325299774054910e-01 6.175379103328598740e-01 4.523740926263878914e-01 3.966423800339395345e-01
6.597286442020627817e+01 1.919507096460003766e+02 1.815879725601030259e+02 2.122471338037139503e+02 1.447092092276359665e+02 1.197898904883499540e+02 1.201132091203476193e+02 1.020339153140862010e+02 7.438318362656642080e+01 5.962936917812501747e+01 5.264265531786845287e+01 3.136086284390549750e+01 2.818372943330123093e+01 1.775821640825953907e+01 1.061840413186464538e+01 7.441985502790381624e+00 4.636468347487664232e+00 3.008913324259251620e+00 1.676773077209379847e+00 1.336098698441805954e+00 8.942538391007318621e-01 6.239953677793504960e-01 4.286779707061991740e-01 3.638245203034374819e-01
5.332922036128645971e+01 2.002605055905873712e+02 1.767873391991263361e+02 2.087151768537350733e+02 1.469545096727310067e+02 1.153779104938032418e+02 1.252910773749140958e+02 1.031354824225817026e+02 7.537607965612725991e+01 6.079473065079579897e+01 5.311397728607854418e+01 3.146897848124084973e+01 2.825646332862690002e+01 1.766278350366082250e+01 1.069211449798458524e+01 7.506717582503998010e+00 4.557837278132685022e+00 3.000883571489359358e+00 1.613769343548289159e+00 1.233935154292188363e+00 8.929805050162482605e-01 6.363076354178531790e-01 4.346952440065236511e-01 3.643172361566600626e-01
7.415474975703935456e+01 1.869194874990099322e+02 1.883147941161929282e+02 2.114731866615886418e+02 1.479916473778175146e+02 1.154668151353704246e+02 1.235494148820012583e+02 1.024988632372134703e+02 7.488217528077669272e+01 6.034096010940866250e+01 5.323016428953643953e+01 3.174940514956003668e+01 2.836621436365703275e+01 1.765782023839161141e+01 1.075129664160809817e+01 7.404511470100326065e+00 4.597346410822932938e+00 2.979906665188236659e+00 1.591419870774158474e+00 1.304379643452512783e+00 8.901410997102630063e-01 6.222713737774506759e-01 4.627046104877095001e-01 3.887467021790482202e-01
7.283113353262693579e+01 1.885851440711564635e+02 1.845219685739281203e+02 2.147156373182347124e+02 1.449662763489059216e+02 1.136111317276867396e+02 1.251896197644527575e+02 1.035262044006871918e+02 7.474062308946768951e+01 5.970851254738850855e+01 5.292917068594063323e+01 3.189668426279788349e+01 2.775413466874297441e+01 1.771117182499844844e+01 1.069105016067563696e+01 7.368243295097046897e+00 4.599502813679518631e+00 3.032329371696309117e+00 1.590551625667604219e+00 1.274667845040498237e+00 8.791619522708591372e-01 6.635656323635995557e-01 4.560398654456804812e-01 3.656841507026271088e-01
7.061842585908327408e+01 1.975626921048358611e+02 1.750490765614815984e+02 2.248562838883519248e+02 1.438572518903206401e+02 1.131443471281211259e+02 1.223845326817372552e+02 1.012544175716790278e+02 7.474423361331116666e+01 6.079121669446861631e+01 5.251728019647739387e+01 3.098695295446057685e+01 2.791412125060134031e+01 1.774034652704687787e+01 1.059603620240926425e+01 7.424893131439020522e+00 4.563244187905046267e+00 3.135731669419999701e+00 1.568482785337209195e+00 1.285698170590211742e+00 9.102410553415019034e-01 6.356720731526437351e-01 4.469463802990419898e-01 3.698481843041569461e-01
7.534552712132921215e+01 1.946771678144244504e+02 1.722688414994711934e+02 2.128336385973370568e+02 1.441350566091921053e+02 1.167349541195110305e+02 1.239240519172543173e+02 1.010184423531209177e+02 7.428196972708821022e+01 5.898821837026439852e+01 5.308945856133573926e+01 3.136020837729624233e+01 2.830337165408885269e+01 1.789415216639917006e+01 1.072089729617523091e+01 7.417269102448707407e+00 4.564229355900136120e+00 3.034214528787351206e+00 1.599166015784434958e+00 1.289447190011057121e+00 8.681752078327391597e-01 6.378398012834126662e-01 4.573583517628406758e-01 4.003360472243710499e-01
8.503170075055801647e+01 1.721876168582362823e+02 1.671403541805693180e+02 2.043443476452322329e+02 1.368120917583059963e+02 1.157543346861844782e+02 1.203652315297123039e+02 1.016259788940236035e+02 7.278769274770816367e+01 5.913182800965702057e+01 5.323741220301677401e+01 3.116532631557491584e+01 2.818257173989695374e+01 1.743261843832878455e+01 1.088493959352297757e+01 7.319209246780912892e+00 4.411544585199911772e+00 3.054098016641996427e+00 1.457379705897746902e+00 1.232570453535345223e+00 8.776635017820729745e-01 6.238347487098325761e-01 4.588770296627865397e-01 3.566160016953913159e-01
6.743238918192565734e+01 1.832129755567593747e+02 1.848976668687577387e+02 2.112521167231107313e+02 1.476148271432152228e+02 1.094995457000666619e+02 1.223542736260069006e+02 1.037469687847764135e+02 7.635937012711382010e+01 6.066177035987639243e+01 5.156086243413049175e+01 3.118400402292603957e+01 2.783477788597852864e+01 1.796274725315847220e+01 1.065866814254937722e+01 7.356721089270394920e+00 4.625761177701235738e+00 3.000605494452211808e+00 1.571085639620511287e+00 1.319172954965381450e+00 8.932335306906928896e-01 6.639865082856439837e-01 4.964898574546019461e-01 3.745038938869181266e-01
7.713900210242115918e+01 1.917810339882203152e+02 1.796505483983203533e+02 2.208585310866533007e+02 1.430034866703541070e+02 1.167869733286072744e+02 1.215942758972783793e+02 1.012858244397170608e+02 7.466055695121460190e+01 5.903288073562799099e+01 5.338560816521557228e+01 3.222996100921476170e+01 2.813580486020782701e+01 1.745676230469968004e+01 1.059957148017198136e+01 7.447466205069005696e+00 4.631157789081333576e+00 3.066092838785923647e+00 1.557852219710372133e+00 1.287080699062380873e+00 9.349080665153952641e-01 6.495631769102789832e-01 4.800080469099629044e-01 3.930508660279271593e-01
9.206629685512248784e+01 1.839162986051984205e+02 1.709978762574359905e+02 2.179846986719521738e+02 1.447788763041127709e+02 1.149818111638885796e+02 1.223858021349697083e+02 1.011325429684803368e+02 7.352282665743857137e+01 5.987400710002714987e+01 5.227482049925479402e+01 3.146887456888682877e+01 2.800679000077102643e+01 1.790004844967189257e+01 1.049642908382739392e+01 7.276092104086698598e+00 4.660211781644840734e+00 3.015661009571863449e+00 1.630118956458118218e+00 1.308179201847592843e+00 9.258329673886367406e-01 6.541859982937269224e-01 4.555854269441823590e-01 3.589774318180762869e-01
6.226929466836658378e+01 1.901188408793399276e+02 1.805228494339739029e+02 2.130293237099008081e+02 1.392650254299763617e+02 1.193588102715864352e+02 1.243596644293832583e+02 9.933076120417375421e+01 7.546215458192340009e+01 5.967558231609241659e+01 5.209734223435161482e+01 3.096315295564593484e+01 2.727292939115629267e+01 1.828592511399216392e+01 1.055744676146174221e+01 7.448251887635622737e+00 4.643823214588832293e+00 3.005245571036653018e+00 1.601053466898497923e+00 1.295515229001380275e+00 8.893294026620593984e-01 6.422472902861952049e-01 4.957498641499984426e-01 3.891397524662503771e-01
8.475384037978483320e+01 1.854903359309754762e+02 1.738501798523068089e+02 2.168976529015344568e+02 1.451178737710738460e+02 1.103457563768914014e+02 1.199703577649088828e+02 1.020582023874522406e+02 7.176249841631161530e+01 5.993197881002306104e+01 5.289415338806283984e+01 3.090490011655781188e+01 2.787564230755646122e+01 1.779385976575106909e+01 1.047429471790600353e+01 7.349022645860973313e+00 4.539553215884854609e+00 3.070769857130659641e+00 1.584345613892970128e+00 1.269160377362700709e+00 8.846391378257976168e-01 6.199634882137264880e-01 4.543555526168875924e-01 3.822775047280035920e-01
5.975301263499439131e+01 1.966107115007622497e+02 1.780756907794987001e+02 2.156140956798476509e+02 1.437082020222573817e+02 1.204893334237359284e+02 1.221239018819860433e+02 1.019698182629880421e+02 7.486679589407731328e+01 6.010937992775024696e+01 5.295655189333263735e+01 3.138566570382402077e+01 2.805154867890906090e+01 1.737884391373921744e+01 1.102318720525522444e+01 7.223167523188622319e+00 4.680543454594492836e+00 3.031278612026529817e+00 1.569793684644601228e+00 1.330560172377563299e+00 9.116473604109567308e-01 6.388321006799753121e-01 4.492989327100471164e-01 3.821262259500562974e-01
5.615105409909926948e+01 1.925921241570716802e+02 1.796109793679262907e+02 2.161380871627871727e+02 1.499233808588094803e+02 1.167534175813343751e+02 1.204467971358036067e+02 1.011650169563304473e+02 7.536372946571893294e+01 5.957213677398612361e+01 5.285009772377522097e+01 3.138662979076203641e+01 2.811743015760926312e+01 1.762856548576865379e+01 1.069548887068545362e+01 7.436392201201083907e+00 4.594015187348492013e+00 3.053842356793859292e+00 1.589769955640291998e+00 1.308320512297319160e+00 9.010169299738236548e-01 6.346987257176164299e-01 4.658865259200253850e-01 3.955889384762871774e-01
7.641816693825994378e+01 2.024682078651503616e+02 1.797769005016803590e+02 2.219416023530630184e+02 1.421361689329627609e+02 1.102316543309046182e+02 1.242829950831689985e+02 1.011473351454257994e+02 7.487228564729554137e+01 5.880593797014881829e+01 5.272251165404735929e+01 3.114245664974571071e+01 2.799422211584462872e+01 1.785580630744818365e+01 1.068511399487488944e+01 7.396400927541620263e+00 4.512100487525105841e+00 3.063320847621676446e+00 1.606596874102127925e+00 1.280942679768964476e+00 9.017725785679707728e-01 6.546585400882681816e-01 4.592688442183500697e-01 3.731513263286775350e-01
7.383072309456393612e+01 1.917057833367938429e+02 1.768690501275243605e+02 2.121027454161586263e+02 1.440071491302091999e+02 1.143449638181087238e+02 1.215567264405350869e+02 1.009754424719938868e+02 7.368565362882188197e+01 5.955680060894788852e+01 5.192563461143340930e+01 3.123064592398038641e+01 2.805282834535060132e+01 1.759924927926071447e+01 1.056383682835525484e+01 7.394487134246666926e+00 4.548933950766495649e+00 3.030771235076247461e+00 1.579697841788760382e+00 1.294989101348682281e+00 9.067275521857315335e-01 6.459585622677486150e-01 4.577764555535390745e-01 3.670856199388511376e-01
8.033807183859252632e+01 1.834030229987037330e+02 1.772278842669262247e+02 2.123463575197825719e+02 1.487431779263599196e+02 1.145570928070392256e+02 1.177898077125542926e+02 1.004178527771500740e+02 7.427238646608330441e+01 6.058182988637157962e+01 5.217777282823723795e+01 3.117898406657615951e+01 2.832087181311798219e+01 1.760199522920818893e+01 1.056234954176652430e+01 7.398140338695907481e+00 4.637389659839052491e+00 3.066521642574641771e+00 1.674854605835145449e+00 1.268771623740581056e+00 9.366570222214172237e-01 6.643412306403163603e-01 4.637065073577036345e-01 3.913001679824247847e-01
8.391630850358161808e+01 1.887710601503778491e+02 1.763522883893634514e+02 2.102325109298734844e+02 1.452258831719098566e+02 1.183465162635248760e+02 1.212785827861356580e+02 9.963418259171430691e+01 7.233136198681080486e+01 6.031133577642067678e+01 5.232027989788111455e+01 3.148365481347038397e+01 2.823342714630958028e+01 1.794007922061281590e+01 1.081970721957903159e+01 7.460756940693163308e+00 4.544904621938722578e+00 2.993490532757988376e+00 1.589940196776007175e+00 1.288346641565539130e+00 9.052784826156222708e-01 6.705193787231307212e-01 4.634095679180901262e-01 3.691829405951451704e-01
8.921060468662327025e+01 1.952736870933258047e+02 1.652521793826485066e+02 2.203334301804197821e+02 1.419867033527471278e+02 1.141380098442027418e+02 1.199356516184412556e+02 1.014690423108944515e+02 7.373555812589221148e+01 5.823048964110277126e+01 5.254558154463786224e+01 3.160860817487029095e+01 2.804272232456905911e+01 1.739928217549742229e+01 1.057296781736251212e+01 7.311976094682285598e+00 4.615933135637511064e+00 3.047136611872131251e+00 1.575223402338605361e+00 1.283662162745065283e+00 8.829134306129525767e-01 6.632497182184435847e-01 4.415561340305595439e-01 3.526066838010525895e-01
8.269315289039423078e+01 1.894310806576550306e+02 1.818324380547913393e+02 2.155732100004101142e+02 1.433073080979247038e+02 1.146821775655956657e+02 1.234093026636897434e+02 1.011025972633309067e+02 7.548478981192937454e+01 5.906538313099895277e+01 5.301467128788097227e+01 3.142874989710471922e+01 2.799277647868206031e+01 1.780360673526801918e+01 1.062099573692691834e+01 7.400258568654626501e+00 4.541927053660871572e+00 3.043002422811871721e+00 1.638565651520708988e+00 1.293958393424820663e+00 8.941025003269971183e-01 6.547364078368167473e-01 4.746899355961409772e-01 3.895291622217347816e-01
8.281978663962210874e+01 1.919135715007203657e+02 1.880187557395425131e+02 2.138245980153980668e+02 1.470342575896389690e+02 1.166226554567139715e+02 1.230895608654280267e+02 1.013744428769524148e+02 7.502079250224032592e+01 5.979662955798509927e+01 5.216256803477469361e+01 3.129597178046134687e+01 2.799753340157410975e+01 1.777796239789182664e+01 1.060103559176945964e+01 7.338966518393088556e+00 4.643963065498474485e+00 2.960704510125039768e+00 1.611626679690338459e+00 1.322864211225010189e+00 8.765983142226269065e-01 6.578852905789630556e-01 4.596016362315639703e-01 3.764902350100551853e-01
7.452502471837578923e+01 1.930235100183764416e+02 1.788198354462072075e+02 2.098841178191854624e+02 1.403411086471834608e+02 1.156394787801369688e+02 1.220784244578385653e+02 1.008284262081818810e+02 7.489293286987313536e+01 6.006075632392548869e+01 5.278937021654219564e+01 3.094281216475313201e+01 2.820643836328876475e+01 1.777545179255282903e+01 1.058606794170246879e+01 7.377487679802008813e+00 4.621126104687573566e+00 3.085614998861942126e+00 1.609061991149873805e+00 1.284646633056007348e+00 8.914846364235120557e-01 6.295247649526047873e-01 4.671968561985025414e-01 4.016232864616017806e-01
8.378165325052557932e+01 1.891038582221427760e+02 1.832084168209559607e+02 2.042347392637921075e+02 1.476940725957032612e+02 1.145942708113263535e+02 1.276195206983905450e+02 1.022250586138867163e+02 7.462608835927380824e+01 5.951798656472761451e+01 5.325660871968593568e+01 3.158763540740730846e+01 2.824711086955169037e+01 1.791436462134661056e+01 1.024544291412069086e+01 7.292294632651064035e+00 4.571609482664858781e+00 2.936881603913667149e+00 1.579259713681109289e+00 1.289482704924250989e+00 8.986524201708041559e-01 6.305781061375508312e-01 4.335503641381566742e-01 3.449924456367599035e-01
8.445974273826635681e+01 1.923202363255553564e+02 1.719577421479157522e+02 2.111807832848300279e+02 1.403865815297008339e+02 1.153271290762853880e+02 1.209644819320267715e+02 1.029649773549863312e+02 7.268253102838689017e+01 6.048261664279779382e+01 5.277682762599390287e+01 3.156245236398553544e+01 2.809018297751213922e+01 1.788918534329996035e+01 1.070991716447835351e+01 7.532510066610530686e+00 4.695157808056474202e+00 3.086825839939559391e+00 1.615450041327495256e+00 1.313744261532097779e+00 8.789486353148767694e-01 6.337419274542261949e-01 4.245539660928649428e-01 3.585405599891560713e-01
8.139731205518512525e+01 1.866982741200648661e+02 1.724039911949836323e+02 2.130471571297804019e+02 1.486423380678665751e+02 1.126105499250970610e+02 1.240323261748033588e+02 1.003820850098728812e+02 7.591805239309722708e+01 5.952937708462607702e+01 5.200014216522934873e+01 3.132569577882004452e+01 2.796926617686695238e+01 1.765434712586786148e+01 1.082413856222222037e+01 7.416585967742352459e+00 4.534683376230930207e+00 3.066968427648978590e+00 1.581460340606052561e+00 1.333969258643956435e+00 8.834902972850527947e-01 6.428356991332081494e-01 4.361302437244218289e-01 3.722646521443360168e-01
8.097406211401704468e+01 1.844255351382442427e+02 1.762318146118780362e+02 2.120441134341874658e+02 1.450124228678590157e+02 1.170324099054657268e+02 1.202794469512173237e+02 1.024655892158851174e+02 7.402220721255622493e+01 5.887501238376786006e+01 5.233477030930598772e+01 3.158391643729932241e+01 2.819613889833703624e+01 1.775337107826050342e+01 1.067161702647263155e+01 7.371255431321061202e+00 4.597123012411565846e+00 2.987396882052740121e+00 1.590618350611815224e+00 1.316308077908016072e+00 8.815049076244041437e-01 6.402078721727030297e-01 4.498552949731375317e-01 3.771990247413512520e-01
9.360488456400067037e+01 1.882468727305584935e+02 1.775677556199257197e+02 2.170277374683090272e+02 1.490071274178316401e+02 1.137483807702405585e+02 1.257206165194368168e+02 1.054464863275816953e+02 7.397801863457605975e+01 6.088270560490494887e+01 5.291186973909282898e+01 3.159439026739976342e+01 2.798209885347215931e+01 1.762194775340626407e+01 1.087350259485228854e+01 7.301836347812571404e+00 4.586633043992224046e+00 3.071135240098124441e+00 1.559713126281039974e+00 1.266347292136007274e+00 8.701221091623608794e-01 6.406938107474945410e-01 4.682639558832374371e-01 3.845315944422097454e-01
5.279856220050517379e+01 2.102277243124438257e+02 1.974269407284417639e+02 2.063747243964627103e+02 1.468402611394684811e+02 1.144984232101404160e+02 1.218565797967893474e+02 1.025409866002435137e+02 7.593982438645389266e+01 5.886401430241139821e+01 5.176447610525535481e+01 3.126972248166348578e+01 2.802522549914105454e+01 1.759840903700160197e+01 1.064549982400389183e+01 7.397905689654053596e+00 4.425845882877438520e+00 3.141067247081515745e+00 1.552041726567739532e+00 1.251294062018484698e+00 8.994325064161415861e-01 6.375625246870487706e-01 4.204983624695252109e-01 3.708049929951479640e-01
6.729156638420195691e+01 1.946022057895462467e+02 1.855921681923746576e+02 2.139476994678244353e+02 1.515908264395312415e+02 1.179715888639235146e+02 1.231680960228703583e+02 1.026156912553941254e+02 7.372307898990125352e+01 6.013910589105368132e+01 5.243296414458327348e+01 3.134507510305445521e+01 2.819945140602687061e+01 1.791857366110656002e+01 1.072576640248296265e+01 7.331764953829838838e+00 4.517476525257668740e+00 3.104552687888285867e+00 1.560361864998173198e+00 1.308740890422444458e+00 8.980293755943093981e-01 6.180885540289273727e-01 4.486462591908300657e-01 3.758707980173909280e-01
7.292357265504485042e+01 1.870623488300363704e+02 1.785144328462399983e+02 2.131969343265969883e+02 1.423485308337895390e+02 1.142025297036411189e+02 1.193959688952288190e+02 1.002211637398442718e+02 7.503330554937451780e+01 5.826207325060322972e+01 5.213291704094371681e+01 3.134465552719694870e+01 2.832941298185180656e+01 1.752930430568335396e+01 1.056980869766562137e+01 7.389598914745960201e+00 4.502199529317703508e+00 3.012960182611844395e+00 1.633396315901212814e+00 1.268256419936382384e+00 9.162750576149677473e-01 6.466666988008598072e-01 4.412465085017313604e-01 3.708140080287101736e-01
7.542933903246131422e+01 1.812929523816512472e+02 1.835902455946037719e+02 2.107916727097684486e+02 1.470331557039467043e+02 1.170374519725259290e+02 1.227887863270302518e+02 1.012283597386115588e+02 7.399278632658960930e+01 6.001392431511685999e+01 5.242463315922021394e+01 3.123683580945539973e+01 2.806525407899684055e+01 1.771989145748139194e+01 1.072327397653201508e+01 7.404063230980263199e+00 4.574066123097714431e+00 3.055812452351946096e+00 1.593756948007361451e+00 1.295847904949596341e+00 9.070004894333847378e-01 6.395798332087603288e-01 4.561980573103706083e-01 3.796225758963016061e-01
