6.832852756118421667e+01 2.319315418946403895e+02 1.897747228039777667e+02 2.405288269179113740e+02 1.233132742366461656e+02 1.175140250691658395e+02 1.258769894142757977e+02 1.173944614768941506e+02 8.139516859320113440e+01 6.516591345621212383e+01 5.735003564524341613e+01 3.479253793982135079e+01 3.015505382426825776e+01 1.916347987453232449e+01 1.145578289551410656e+01 8.270373385915711140e+00 4.843372113864415240e+00 3.600809341655585971e+00 1.642127717132183307e+00 1.295486437304788074e+00 1.010612903743235869e+00 6.815910542245152692e-01 5.318877060765130338e-01 4.384956602563727102e-01
6.814851640161356272e+01 2.466278637001294385e+02 1.916769366168424540e+02 2.450112292556290754e+02 1.182134961235413471e+02 1.192410465838599123e+02 1.268906813657776098e+02 1.168858944832988982e+02 8.183897944574489713e+01 6.380454655542387599e+01 5.714834384482260532e+01 3.409497660518439943e+01 3.052126832201874862e+01 1.910256764271123942e+01 1.139370140053486047e+01 8.288900678384852228e+00 4.738590481501836926e+00 3.606136167264117010e+00 1.706910813846248542e+00 1.296007242279562099e+00 9.980373224795087150e-01 6.694058787218762907e-01 5.260763808900756899e-01 4.333586325616657353e-01
5.578238230973433787e+01 2.443666441117449608e+02 1.884563616315087700e+02 2.332116783456552582e+02 1.192347663499630386e+02 1.236722881178058202e+02 1.230881570246324657e+02 1.176308941970517026e+02 8.306506742175241698e+01 6.478438205058756694e+01 5.764218568301342316e+01 3.433215076683389100e+01 3.056251175957303801e+01 1.891059405962399254e+01 1.163611561863095645e+01 8.283052093322703868e+00 4.745088079545372040e+00 3.620368892142795669e+00 1.722299367258235181e+00 1.342360375056409483e+00 9.761008238884057997e-01 6.595651462717889713e-01 5.331959498384760687e-01 4.333352887128561481e-01
8.023912015691423960e+01 2.581225533155232483e+02 1.892049809149795578e+02 2.560737385743728964e+02 1.303425670916063552e+02 1.227267080064226548e+02 1.236941926083116670e+02 1.180887450763199809e+02 8.040972698443299294e+01 6.394987253713125597e+01 5.752664421533604155e+01 3.465970614208033140e+01 3.048488882765600749e+01 1.909444533983157299e+01 1.167461781184620762e+01 8.273736083262317464e+00 4.676288741925801240e+00 3.604469136164997867e+00 1.764499334164545408e+00 1.355173918679200229e+00 9.889752900901792598e-01 6.928078002644946221e-01 5.387313213724170824e-01 4.343999060880848750e-01
8.332818892500448271e+01 2.196299442445663033e+02 2.024049660380368323e+02 2.328577924875986298e+02 1.231530227560408122e+02 1.219509440150442003e+02 1.280218558342907613e+02 1.176184846080407169e+02 8.097667709391627966e+01 6.406998029742656797e+01 5.741819167012379665e+01 3.449605899733843017e+01 3.126607315056525849e+01 1.881967206170419260e+01 1.145759074860586857e+01 8.400194578177179849e+00 4.709071622534710677e+00 3.554987225649374860e+00 1.762961409523003287e+00 1.376025579573695534e+00 9.781838759053663734e-01 7.053047912450411960e-01 5.248582580669978181e-01 4.224279749370703496e-01
7.825039014596949016e+01 2.338469773484614223e+02 1.804957878295790863e+02 2.359673193979028554e+02 1.279939448048634034e+02 1.222015163787107497e+02 1.247225282400041237e+02 1.180498182184500564e+02 8.146695263706000389e+01 6.209387634608390272e+01 5.717864110883130024e+01 3.410569718714908305e+01 3.038028071725785395e+01 1.899432224360420207e+01 1.153248076009948164e+01 8.344409640148613860e+00 4.675283437794306884e+00 3.741090752103584105e+00 1.694647123062111849e+00 1.304187569058730345e+00 9.800754740208137417e-01 6.600874251842724361e-01 5.032119362195888179e-01 4.146977349759096709e-01
6.963766920437065266e+01 2.479650206797562362e+02 1.918326116959341903e+02 2.467607372900602627e+02 1.235840936331759963e+02 1.221991909807147891e+02 1.275519185368750357e+02 1.176942170278226030e+02 8.163978291008167787e+01 6.426400142939129978e+01 5.742329616449801932e+01 3.497311130815559466e+01 3.067120107854474398e+01 1.877510623310213589e+01 1.146660604734270805e+01 8.491046422443822905e+00 4.750205609476642721e+00 3.604927539362675848e+00 1.693387741632994103e+00 1.345578931478535134e+00 9.569574652191429331e-01 6.912461854529218241e-01 5.350305287741854432e-01 4.112186860617456086e-01
8.611667460215309688e+01 2.173542945245267504e+02 1.800748603053393992e+02 2.487774426833478287e+02 1.301840855669050256e+02 1.215397686911887405e+02 1.238802619101040676e+02 1.185586855061572606e+02 8.086092389080171472e+01 6.370003907301391166e+01 5.710989068511352684e+01 3.455796344679288978e+01 3.066893190156385529e+01 1.857314733142062479e+01 1.148019140439004460e+01 8.309998366163105388e+00 4.771844901234789660e+00 3.764135784530282525e+00 1.717281981666826329e+00 1.317995163305663242e+00 9.345533821627145521e-01 6.674290455877669448e-01 4.978892566710092504e-01 4.073459856990975236e-01
9.152380791333403920e+01 2.477424486532433718e+02 1.945446637222817401e+02 2.420982112121955083e+02 1.220327923796477307e+02 1.229158949219165038e+02 1.260896153224988581e+02 1.151263387402489542e+02 8.107369136499414708e+01 6.389966291261643505e+01 5.546394380447235761e+01 3.416283727855847019e+01 3.044854830541025947e+01 1.910645248230348159e+01 1.167320612607376340e+01 8.274581925885348355e+00 4.588622607660625796e+00 3.552609806078371069e+00 1.698124693098616245e+00 1.337932793644501572e+00 9.994615948854498333e-01 7.111286284772431188e-01 5.209005682050312780e-01 4.111100909157285876e-01
8.758122088165811192e+01 2.439119079070829059e+02 1.985118019050164264e+02 2.341833479860347040e+02 1.284459732416836459e+02 1.214193962357688292e+02 1.284584660671841903e+02 1.214525613340755115e+02 8.218088918158500178e+01 6.495125645115139434e+01 5.748649456451282447e+01 3.521022602932701062e+01 3.075551832388801188e+01 1.868339093671926321e+01 1.148149669127272787e+01 8.112872028066446362e+00 4.798592988301685125e+00 3.617987075325259649e+00 1.770527561279676476e+00 1.335490023187201336e+00 9.384696079945927805e-01 7.031461722475008669e-01 5.206566221787195525e-01 4.392900114211529816e-01
9.297845221274958760e+01 2.448205014341050401e+02 1.908440051154854302e+02 2.410763777488924688e+02 1.226645820435677905e+02 1.236774280978163887e+02 1.240265456703350537e+02 1.156908238928555903e+02 8.007453430121213955e+01 6.429787022829241039e+01 5.719687912862963231e+01 3.409509397071803249e+01 3.024487503676044398e+01 1.873119194857588710e+01 1.145016327264828071e+01 8.269797079961399788e+00 4.847569129881605043e+00 3.683922460070676141e+00 1.678163912048836082e+00 1.355787863695234741e+00 1.012429286691270747e+00 6.898011103846544145e-01 5.499048426039181425e-01 4.420337711146443693e-01
7.730435994440614422e+01 2.440858647714189260e+02 1.924818126331495876e+02 2.187594402039875661e+02 1.200321920261014270e+02 1.198623004054830403e+02 1.290494756110764456e+02 1.194735344063853972e+02 8.175192942617105984e+01 6.476183151545335193e+01 5.762713753183106036e+01 3.451133897898293412e+01 3.067074668193813380e+01 1.876977453453774203e+01 1.192737044378674405e+01 8.091647126435816517e+00 4.776577575644931350e+00 3.647424476194571774e+00 1.686285417088459582e+00 1.346308906339402922e+00 9.562183678856519542e-01 6.381507319376589216e-01 5.077375167476960716e-01 4.334538520618612112e-01
8.426714595137725894e+01 2.680394815270390154e+02 1.872653283981705385e+02 2.402356982610076841e+02 1.206671940491142436e+02 1.217958056958649564e+02 1.276522378251395793e+02 1.181359950516602169e+02 8.137899739511347263e+01 6.415934907313088331e+01 5.696782590458311546e+01 3.440395426894111353e+01 3.052125806651545403e+01 1.868442157069424781e+01 1.165991239847675054e+01 8.242998777483775186e+00 4.675506863642678645e+00 3.599765354995140942e+00 1.726263817743052931e+00 1.312958856875740210e+00 9.858418500405324858e-01 6.750525261161191004e-01 5.393374999075962739e-01 4.405802891125356058e-01
4.610292356097576061e+01 2.412402222794154341e+02 1.926267872137653114e+02 2.529300918432636536e+02 1.234006218345521688e+02 1.272179471657206022e+02 1.244453822256623710e+02 1.226158176426744859e+02 8.193823385890158306e+01 6.424286612587889067e+01 5.683109383799342140e+01 3.443533538942957506e+01 3.024453771221048370e+01 1.897723794620452864e+01 1.079900871288904440e+01 8.140449974076320316e+00 4.784789241412028105e+00 3.564785831183439058e+00 1.661351532865219749e+00 1.297889014560529963e+00 9.869132243127304305e-01 7.182703558068433969e-01 5.401881925701222942e-01 4.293059241010158678e-01
8.937364972579595701e+01 2.621899767709837192e+02 1.793632021463328954e+02 2.489668314396810729e+02 1.251455597049346267e+02 1.202370808552217341e+02 1.254720992530277783e+02 1.188835510272793243e+02 8.317812220256475086e+01 6.403214619321231282e+01 5.681505686075060169e+01 3.446981059828845417e+01 3.055265155568499580e+01 1.896442675854361681e+01 1.152255447646598618e+01 8.131168280283192829e+00 4.802555242692989168e+00 3.635541658811350274e+00 1.744929502762435192e+00 1.304007613790905129e+00 9.436853155351246913e-01 6.895082902006482994e-01 5.457537736981283860e-01 4.499648165166464930e-01
7.484093693363072930e+01 2.443154143508531035e+02 1.955978429919470898e+02 2.504388047130879045e+02 1.155037365472570769e+02 1.285581859998388552e+02 1.208150454634241981e+02 1.158098289798108738e+02 8.254727375842341530e+01 6.420109382000710241e+01 5.704213547684021535e+01 3.447559148231943738e+01 3.036171130878277324e+01 1.861795880152788740e+01 1.151743667687681594e+01 8.389604412877199380e+00 4.822223227689647729e+00 3.570020578026231295e+00 1.637985531468586275e+00 1.342381001189391299e+00 9.377182197780903339e-01 6.753295938359793471e-01 5.548614514148096921e-01 4.579416904677084399e-01
9.416276957958667992e+01 2.387617547036544750e+02 1.934903587096041804e+02 2.363189655054333969e+02 1.219902929833732799e+02 1.234741051016989815e+02 1.266486885468284527e+02 1.190884660111542814e+02 8.164908271104887660e+01 6.323128373089883780e+01 5.680035047414186522e+01 3.423456260036395093e+01 3.025852171998926465e+01 1.909466287523406791e+01 1.167389016397694768e+01 8.370815926298595500e+00 4.682118011989762074e+00 3.591005164916071468e+00 1.655871606379629490e+00 1.323249734153889801e+00 1.022034492214914048e+00 6.522834081904907988e-01 5.194898584844690470e-01 3.975339779836204457e-01
7.388182429814023067e+01 2.398771769685879178e+02 1.772344234465445822e+02 2.343223075440146204e+02 1.286256916681668940e+02 1.210054051528115764e+02 1.270866518432975738e+02 1.180391517654749407e+02 8.229710514662323817e+01 6.440246889924613072e+01 5.780467131820564219e+01 3.434578487234949762e+01 3.039376597560200466e+01 1.848941530361981123e+01 1.152872104284254817e+01 8.202698102837695515e+00 4.656961147720647176e+00 3.657164676682346460e+00 1.722714228173956474e+00 1.346133039294163058e+00 9.788741410584476110e-01 6.871454060849420120e-01 5.446738326680834463e-01 4.323300152626385340e-01
6.848000525185175036e+01 2.439874553673275557e+02 1.916034237986729352e+02 2.610468019631115908e+02 1.245376940658521079e+02 1.145515946014479169e+02 1.277391641407327825e+02 1.202684391440545113e+02 7.992823090387830121e+01 6.352016575206632609e+01 5.742341335494380417e+01 3.437310729727112601e+01 2.981042839574539016e+01 1.901321230231469173e+01 1.142305443183527736e+01 8.226384604396745459e+00 4.737426690940296226e+00 3.561646277969402252e+00 1.677056379130214214e+00 1.328264958768957005e+00 9.504475731029167207e-01 7.106447290898946223e-01 5.311294616409040215e-01 4.139671142930708703e-01
6.792458655148455193e+01 2.520699759418324675e+02 1.822445688588677513e+02 2.417770631932786500e+02 1.167816397920673950e+02 1.283099318220345140e+02 1.229063918037862635e+02 1.177068611733854766e+02 8.099277063608639082e+01 6.356175957150298217e+01 5.636729513478094589e+01 3.409400912088882052e+01 3.091734451214469459e+01 1.878457330967742678e+01 1.176039169160660158e+01 8.301337519423100275e+00 4.769551291338124166e+00 3.687024856897763048e+00 1.718636479126031791e+00 1.379179623681410893e+00 9.747165741739299838e-01 7.006773717271398416e-01 5.534332366206340392e-01 4.497693929144648273e-01
8.666064849884209309e+01 2.666813648496222982e+02 1.851463533041051335e+02 2.377447222567377594e+02 1.171364821514473533e+02 1.193872880545832231e+02 1.258721348898801864e+02 1.192102995175898315e+02 8.196196561515270673e+01 6.432308537400010096e+01 5.833556183157789121e+01 3.457469876496404737e+01 2.983812756343970918e+01 1.899378325731522921e+01 1.132260664683616014e+01 8.318037258406034695e+00 4.595760162775468949e+00 3.592774998240998219e+00 1.735557519198447363e+00 1.337727181305821578e+00 1.026525572787713170e+00 6.967406184547543235e-01 5.353592770737715112e-01 4.440820534146554532e-01
6.317361714897947422e+01 2.417576302857951021e+02 1.889903217028907818e+02 2.370528402780549300e+02 1.255567420584236231e+02 1.247718897334663239e+02 1.264024872068151808e+02 1.166778144244659643e+02 8.076244150190467508e+01 6.414109841308578552e+01 5.799727943512551320e+01 3.449690768145311637e+01 3.044728002658537847e+01 1.924849945931412165e+01 1.176817958136809850e+01 8.364161009840042738e+00 4.889241459443331550e+00 3.593382009112985109e+00 1.726418566630723461e+00 1.297623757729481131e+00 9.693558498017474934e-01 7.054571446065970308e-01 5.309107722556885012e-01 4.387763985327585714e-01
8.075415238499692805e+01 2.666105746046450236e+02 1.868162592215125244e+02 2.342028293832459838e+02 1.216122129543620787e+02 1.286991026373160878e+02 1.262101611488442501e+02 1.177758860473768578e+02 8.081334838826774103e+01 6.291136964844142199e+01 5.782357160319454437e+01 3.432576528712769459e+01 3.025513995382845422e+01 1.869898843096578744e+01 1.124625860003618882e+01 8.204092652894315663e+00 4.757683787025078992e+00 3.626990357531989950e+00 1.623117522758334985e+00 1.267183448273512925e+00 9.476060004623336752e-01 7.082379985180661253e-01 5.203488388241440665e-01 4.285059454781386945e-01
9.403121528731645640e+01 2.309821990815840707e+02 1.912028355471420014e+02 2.436897738156914386e+02 1.265302391002124978e+02 1.202511752887798195e+02 1.253467834641764114e+02 1.179251133641104161e+02 8.415946564626932513e+01 6.351430484006711907e+01 5.708832225124029236e+01 3.422455324359825823e+01 3.048818639187321011e+01 1.879227175553538842e+01 1.136075150021618896e+01 8.145246570883493575e+00 4.837673150934890032e+00 3.737669747637675233e+00 1.652880259115248718e+00 1.331293490621081377e+00 9.673937317778916745e-01 6.845072771111909704e-01 5.035139517620783600e-01 4.071380337595808530e-01
5.707852215338053981e+01 2.479016912942448698e+02 1.874435267640838845e+02 2.408119740438657459e+02 1.161248385077979322e+02 1.209297217057991958e+02 1.270444434739994364e+02 1.192232055846867524e+02 8.120442506777973790e+01 6.379671990682002303e+01 5.680924174577283026e+01 3.410830930429912655e+01 3.026328275510553922e+01 1.877839983396729906e+01 1.175853352651654760e+01 8.334837899783952508e+00 4.668960968074664208e+00 3.613079944350315209e+00 1.663545257430548707e+00 1.295107817817577445e+00 9.555320094308847878e-01 7.258438098219232026e-01 5.533195223954158193e-01 4.592712485673358103e-01
7.456135878534904293e+01 2.292248400263146948e+02 1.930010969430139198e+02 2.387165087514988500e+02 1.283098884160984596e+02 1.219293129100668267e+02 1.254174329372028893e+02 1.190076346345771157e+02 8.088144437525347996e+01 6.430961108484513034e+01 5.732465736404440548e+01 3.444033545730644619e+01 3.062746072040220469e+01 1.893029278764861090e+01 1.162673558440543076e+01 8.389354471424883997e+00 4.795943655176825082e+00 3.510456913096568154e+00 1.617290065562848600e+00 1.333243653059412059e+00 9.801193352061053909e-01 6.668467543297951217e-01 5.224601573620126782e-01 4.099871071522305788e-01
4.196841289272762054e+01 2.424893913056927772e+02 1.870918367473749697e+02 2.351997052669179311e+02 1.235262732403662937e+02 1.256114420871959396e+02 1.176018972586850282e+02 1.161696921460681580e+02 8.244588272533690088e+01 6.505000303929101335e+01 5.668118373131553511e+01 3.388321027525865503e+01 3.037998201966041023e+01 1.916354406594104276e+01 1.134654625964684449e+01 8.447820995060851601e+00 4.664211677392620992e+00 3.748746184388839442e+00 1.690437906530068091e+00 1.340090021898046269e+00 9.959419441850235755e-01 7.039014816042166167e-01 5.311544258136888796e-01 4.418496021142581665e-01
7.286138649794065714e+01 2.467495916747446074e+02 1.809645083085976864e+02 2.571862026983838518e+02 1.284177551637293107e+02 1.259012370335331923e+02 1.233266477049161693e+02 1.183496393728559326e+02 8.121046977143025458e+01 6.406026020537761667e+01 5.739564181056684333e+01 3.440989432657344338e+01 3.041377775929285221e+01 1.875916732043175017e+01 1.133736972474587823e+01 8.201400120943040051e+00 4.685618968337594836e+00 3.609610323753665639e+00 1.716835703035233918e+00 1.307800648791049625e+00 9.718565039088964408e-01 6.914130407542453671e-01 5.265516889375151388e-01 4.079258200562896342e-01
6.235315719384276889e+01 2.452644390584105452e+02 1.705950012050655857e+02 2.432288605478343300e+02 1.245684891195647879e+02 1.222637465908443914e+02 1.254707284716647848e+02 1.174858300636956443e+02 8.175386476575967265e+01 6.376928308583995886e+01 5.731142825880552749e+01 3.443325162124115479e+01 3.040199065403162848e+01 1.918026189030191375e+01 1.168714240076978328e+01 8.312776522765076948e+00 4.644178323573056488e+00 3.605309790709882112e+00 1.670979032077912096e+00 1.366677325757029715e+00 9.544879489705314635e-01 6.946168889641529676e-01 5.312555531026363909e-01 4.398796126148354357e-01
1.117799307018076576e+02 2.432885853307613218e+02 1.867204377579453194e+02 2.453193558979330930e+02 1.246576995323454327e+02 1.239176068800736488e+02 1.248718916585926735e+02 1.158359910497849938e+02 8.163262670971126056e+01 6.409426145694946797e+01 5.690253672145088615e+01 3.447890816116882462e+01 3.016153468523902248e+01 1.906436536658399916e+01 1.148805738587193837e+01 8.345632918659770638e+00 4.821644991911203881e+00 3.550518730150716173e+00 1.784819775949241683e+00 1.336323151296442857e+00 9.670568111196402583e-01 6.729006348118576897e-01 5.040304050002115677e-01 3.980365025619609365e-01
8.271741704573943821e+01 2.702819656230737451e+02 1.963767962773591762e+02 2.209094415706906034e+02 1.245364596364537135e+02 1.272817535460779652e+02 1.266430246107314730e+02 1.211749984661977777e+02 8.344091597657192949e+01 6.462929949202212754e+01 5.741877079282510721e+01 3.402990368086487649e+01 3.043431429434252777e+01 1.887276175247932386e+01 1.186609976652203180e+01 8.293444175875260171e+00 4.662595096833950237e+00 3.700615887315807928e+00 1.795682926468766816e+00 1.384684537802554960e+00 9.158951563179177358e-01 7.044868595249382803e-01 5.330891966117059511e-01 4.340497436204779902e-01
7.999159093692108513e+01 2.420883558693133750e+02 1.886485983793359367e+02 2.380126098093051610e+02 1.217151150379198157e+02 1.268592833226641545e+02 1.308152191064146450e+02 1.184857429028934206e+02 8.222958411200478679e+01 6.503475355998864416e+01 5.689559057039030421e+01 3.506808064858163476e+01 3.022018461724564986e+01 1.909856188323897541e+01 1.142664571575332921e+01 7.942650999953833946e+00 4.623628541323372865e+00 3.615126296483823776e+00 1.783943052911004079e+00 1.357088429439048172e+00 9.885023212757454436e-01 6.328790080376517357e-01 5.131849338341215594e-01 4.036086515405370445e-01
6.185543090438152802e+01 2.499754114502947573e+02 1.923203807881177454e+02 2.486335156628829282e+02 1.249815133121738597e+02 1.268758089005503820e+02 1.256746710180374862e+02 1.199056806869426453e+02 8.348455346595275728e+01 6.334181740554686257e+01 5.793824606251055798e+01 3.505199879642923122e+01 3.054983392406428777e+01 1.873434365423972281e+01 1.147693817676601213e+01 8.355289003160034866e+00 4.671698353452833352e+00 3.617111445960132787e+00 1.774480596957703549e+00 1.324817565886909021e+00 9.760675820171573758e-01 6.768821118277730253e-01 5.325366576882439862e-01 4.239365059081409703e-01
5.384779591555162170e+01 2.496917689461210159e+02 1.875303835235031613e+02 2.551373715297451383e+02 1.265083014090468936e+02 1.238342914449845011e+02 1.244079825416254153e+02 1.161712097440145612e+02 8.124948481693205338e+01 6.307429557182722846e+01 5.820691619716934895e+01 3.469944141436047857e+01 3.001872841492537347e+01 1.871560068363330132e+01 1.114346928947094995e+01 8.104193300825121682e+00 4.796011469713538311e+00 3.683705017384669045e+00 1.747168907909438573e+00 1.317944749438270113e+00 9.261399188512813296e-01 6.971051778573280622e-01 5.195300411860696022e-01 4.510744299191326023e-01
7.427730626332299835e+01 2.382886759725185186e+02 1.787408642255654740e+02 2.422396700444447504e+02 1.228342963041575899e+02 1.250088481362679289e+02 1.237783748803217065e+02 1.173121156214534295e+02 8.051030078694871861e+01 6.406782682053531630e+01 5.788542039267040451e+01 3.524832632266006982e+01 3.040691933653518575e+01 1.908293336340172530e+01 1.151306892055135300e+01 8.273230686896733133e+00 4.683898987959424609e+00 3.678092795133285353e+00 1.688917114073014369e+00 1.322926404134559641e+00 9.687063021857187373e-01 6.548486555612095250e-01 5.008736233754613743e-01 4.210473815029733280e-01
9.170967986632335567e+01 2.480795417933678095e+02 1.899940820318819874e+02 2.425949257576059779e+02 1.262943016710115955e+02 1.222686576577001460e+02 1.246678499449156732e+02 1.165109023369221717e+02 8.157325009855026110e+01 6.339196902690546409e+01 5.898347761430184732e+01 3.447469328135928635e+01 3.067244915532819860e+01 1.886418226477119120e+01 1.153028539057954838e+01 8.262565096365912964e+00 4.761048620752642790e+00 3.728834586879366420e+00 1.700149059919934036e+00 1.349315047050780425e+00 9.709747128546717398e-01 6.516936520881083661e-01 5.322153980279561436e-01 4.453814018398140062e-01
7.687230082223332772e+01 2.415096961049189304e+02 1.786419262712109060e+02 2.436808678705588420e+02 1.255498195142856588e+02 1.246620099261968448e+02 1.267397192397002357e+02 1.187406166517818207e+02 8.128164110092663464e+01 6.350925238509719151e+01 5.759633037567127900e+01 3.476776351970888612e+01 3.057060441077801016e+01 1.882101429816762206e+01 1.166101529067307219e+01 8.115250990528792840e+00 4.711089322655809042e+00 3.563142527327460840e+00 1.712954623631738560e+00 1.328921518935126445e+00 9.859172452925718533e-01 6.782571961800190063e-01 5.351349349140833711e-01 4.223713522050636660e-01
6.730891511755874035e+01 2.343164725225741449e+02 1.773735813139809920e+02 2.414081984190539458e+02 1.280850676900576843e+02 1.229598283467843203e+02 1.277584430211453110e+02 1.190682430939703664e+02 8.291412015816101189e+01 6.550091392505402155e+01 5.638959672815956026e+01 3.414990334899130886e+01 3.020223484213575560e+01 1.861001031669678696e+01 1.175566884955134661e+01 8.220514477289819766e+00 4.750310442403768540e+00 3.500102440679661253e+00 1.804234418549615082e+00 1.269872707874059703e+00 9.984157544564419284e-01 6.944514628084142993e-01 5.428141954244182221e-01 4.249235402630347491e-01
6.499407408267197184e+01 2.431332439455576093e+02 1.895673936369618673e+02 2.358241523471168364e+02 1.246378543215394359e+02 1.208510367440366622e+02 1.282671047957273913e+02 1.184169861940658421e+02 8.065255188824691857e+01 6.299531618886405226e+01 5.792288691280980117e+01 3.441848708160096493e+01 3.044818962017273734e+01 1.906667646603248301e+01 1.149906916939910495e+01 8.420981270699778420e+00 4.749187475850802365e+00 3.611854182738805985e+00 1.721128948985346963e+00 1.339713705996442572e+00 9.753304968208790227e-01 6.750335029739479298e-01 5.141310440724644604e-01 4.417531040190176839e-01
7.252090281257524396e+01 2.369199089312296849e+02 1.647490873948834462e+02 2.301498370092350854e+02 1.269644316966475515e+02 1.191606360725954374e+02 1.268047793293711436e+02 1.202874870873002777e+02 7.984306299306686583e+01 6.312308155966782408e+01 5.687401421439498961e+01 3.454074568206841889e+01 2.968651068322453668e+01 1.897077493868603071e+01 1.140714857803887661e+01 8.130339441361126518e+00 4.734920471091626837e+00 3.706829306368946142e+00 1.714227846777582664e+00 1.351196473349309590e+00 9.533841186949941759e-01 6.647529136617525980e-01 5.229764212972316528e-01 4.286590296753478024e-01
8.001849584637112400e+01 2.496107380519621017e+02 1.941725156910376313e+02 2.417753590006195736e+02 1.199860459483242039e+02 1.124134940254952824e+02 1.243939901863605542e+02 1.203034676641323131e+02 8.291468829886993319e+01 6.531586431131137260e+01 5.694471231433102076e+01 3.511232254079220638e+01 3.049950688683080813e+01 1.873515032006945802e+01 1.163381040682324574e+01 8.305953679468496276e+00 4.715713891143702874e+00 3.665581526791254596e+00 1.562296374402900367e+00 1.367482786846516030e+00 9.799032844979274071e-01 7.069865027263827484e-01 5.082348468680242259e-01 4.374815642981818020e-01
7.278228685566098477e+01 2.515947238715881156e+02 1.855788882756633882e+02 2.325164839760205098e+02 1.276868927259550617e+02 1.233900971562935212e+02 1.255980334242506018e+02 1.174442261681157333e+02 8.170820010054100635e+01 6.453492242440322002e+01 5.654855983187342616e+01 3.401318366084237965e+01 3.016483511149161245e+01 1.908537405776645457e+01 1.176996684402278071e+01 8.289292660757245912e+00 4.740450325642162177e+00 3.610622022655241459e+00 1.757426021056209597e+00 1.311760015153980774e+00 9.537310627872692681e-01 7.017735753992531134e-01 5.498602793443040371e-01 4.221603040826855668e-01
7.197616816096645209e+01 2.483055391408691435e+02 1.852723787028606921e+02 2.375903953198268823e+02 1.211487450241758239e+02 1.267931785441145536e+02 1.259378610203337985e+02 1.155532515788644048e+02 8.165698778758371645e+01 6.438426229144401702e+01 5.817206949235797708e+01 3.395286776750806723e+01 3.009276901327547193e+01 1.910816615695236820e+01 1.155568452696632775e+01 8.242072018329862360e+00 4.777272465357371267e+00 3.657292347487624884e+00 1.670978655725439577e+00 1.258720111180611223e+00 9.952207952559584125e-01 6.983022058660657283e-01 5.387609031789171166e-01 4.462987196848169913e-01
7.667173693697677095e+01 2.527314375652511274e+02 2.006084563916055856e+02 2.414544562073432701e+02 1.242534080744942457e+02 1.185131166065964976e+02 1.270700243391025310e+02 1.199122286051067334e+02 8.269381875299716000e+01 6.409230403399024567e+01 5.723103345883004778e+01 3.398667067758105986e+01 3.028848422296219667e+01 1.888478103012356257e+01 1.118573439908116463e+01 8.417233999910438413e+00 4.732167157888133247e+00 3.711404874184813796e+00 1.578856326072032523e+00 1.336351801675103035e+00 9.869666484930402772e-01 6.662094856381148844e-01 5.275963625369075594e-01 4.261580177584520790e-01
7.969461313340762842e+01 2.456808652352652871e+02 1.865317432047350223e+02 2.397116794627679610e+02 1.271758572087309176e+02 1.233414918842079686e+02 1.229272915480179762e+02 1.161447199363489773e+02 8.070160382343436822e+01 6.452189203622702962e+01 5.747683117681900455e+01 3.466847291787454566e+01 3.061950108293556383e+01 1.938493668319961216e+01 1.155069341515288528e+01 8.094088567283771241e+00 4.708889748931870400e+00 3.625027456422349026e+00 1.695157029384435576e+00 1.355267213051712272e+00 9.774587200843473100e-01 6.492363404882998124e-01 5.434177343540519400e-01 4.238080100843765741e-01
7.284115402246973758e+01 2.406323624873638778e+02 1.835652131514518146e+02 2.481009351109717613e+02 1.210467800216410268e+02 1.219226698702962466e+02 1.241623060103605098e+02 1.172405703339765637e+02 8.044718248770911373e+01 6.330813210859285789e+01 5.666868606340545256e+01 3.438233001833241786e+01 3.076596097769629878e+01 1.867822037991255613e+01 1.156424626167614456e+01 8.249385749024991554e+00 4.618526380504460072e+00 3.545036143783547811e+00 1.698472784477693232e+00 1.260303240410367343e+00 9.958558783032367412e-01 6.698158084767047438e-01 5.288059027041308591e-01 4.173815933793599275e-01
8.426238657459134629e+01 2.374045174576068575e+02 1.980423013049760073e+02 2.407773559480355914e+02 1.327731644507557007e+02 1.223329927240851305e+02 1.267400133491081959e+02 1.159307193283699320e+02 8.173969455841836407e+01 6.418069187088345018e+01 5.667251370601716332e+01 3.474954443646442570e+01 3.055860615670528446e+01 1.863754507595591292e+01 1.139060482123431228e+01 8.212618794649749532e+00 4.712585553298343832e+00 3.535017199344602457e+00 1.642737828501169561e+00 1.339086215585401529e+00 9.952827119349517693e-01 6.722825888446174458e-01 5.194169966779723646e-01 4.181401202819960972e-01
7.137176617356197994e+01 2.357351817119372015e+02 1.643978214846931678e+02 2.404548239929031865e+02 1.248910307320756772e+02 1.218361647712137881e+02 1.241643247418183194e+02 1.170896449307655161e+02 8.165400579684514071e+01 6.435277087677260965e+01 5.677789405715468973e+01 3.475913990935450215e+01 3.066295488649478784e+01 1.890545201041021883e+01 1.155530831573254602e+01 8.195687261859244899e+00 4.743866931678830667e+00 3.675499773794558500e+00 1.792859827528534122e+00 1.334714077817337641e+00 9.663902872609200223e-01 6.768082233859811225e-01 5.456018704392873175e-01 4.421499148946422819e-01
7.258967384809065493e+01 2.345906230507232522e+02 1.825447903159451926e+02 2.405726060930449535e+02 1.250583643409906784e+02 1.191564511660436239e+02 1.248469980932175645e+02 1.171636419246116958e+02 8.178734427992547751e+01 6.468499039698092190e+01 5.780242320352951424e+01 3.463158976418632307e+01 3.044013615820517060e+01 1.907716537176726845e+01 1.143568111434674606e+01 8.362274891041957758e+00 4.792686392265967932e+00 3.635292130823514878e+00 1.658447508879101528e+00 1.300302287663664957e+00 9.663145136973362304e-01 6.723653562808321604e-01 5.347933956738125660e-01 4.224667322754804277e-01
7.160320363312879977e+01 2.421420340390503156e+02 1.955435696681311697e+02 2.365753481493205470e+02 1.226527688618963339e+02 1.271184563559674103e+02 1.247591399431631629e+02 1.173035987161144220e+02 8.169200079236073009e+01 6.373005508796865826e+01 5.719129699789960597e+01 3.466900668293375531e+01 3.029397542124749521e+01 1.899277703322688637e+01 1.144210354499976390e+01 8.298214794698592911e+00 4.726283884764866272e+00 3.591806969246653214e+00 1.779381619297154549e+00 1.322239884829179202e+00 9.935236659590467312e-01 6.908544118399161382e-01 5.340125348061298682e-01 4.339082091266123764e-01
8.094827196086734489e+01 2.394692466301142417e+02 1.686930267663997540e+02 2.350994988515579962e+02 1.241841228420385050e+02 1.226975851670095921e+02 1.279090639432295688e+02 1.201084828666896698e+02 8.349874851659129149e+01 6.418942836323364531e+01 5.715803623067311179e+01 3.437065832350425865e+01 2.975969759684153360e+01 1.906823071815400894e+01 1.144618910640914677e+01 8.314805596065065529e+00 4.693820187766073460e+00 3.640380617690804232e+00 1.717937170235173783e+00 1.327117601957910065e+00 9.901591618329110833e-01 6.489606426509967330e-01 5.022145094852904501e-01 4.128742379208365509e-01
6.866834465684705435e+01 2.397177833399587712e+02 1.863149638894725513e+02 2.264494298690828202e+02 1.197921248010617745e+02 1.225556024789136131e+02 1.267199503944435577e+02 1.183822424864340093e+02 8.223401939015036533e+01 6.339905038837731155e+01 5.654116163367094572e+01 3.448048534932957665e+01 3.029877809891857510e+01 1.919010427603415181e+01 1.134497770620069090e+01 8.218394063211952982e+00 4.712712725790106916e+00 3.613803656976577461e+00 1.702601838883641472e+00 1.350722699124621728e+00 9.287993977011929081e-01 6.494501059175827873e-01 5.215867967493872381e-01 4.482266352246273566e-01
6.529629136093208785e+01 2.427647170712391755e+02 1.893036307838109451e+02 2.416723593468654201e+02 1.246989935998210939e+02 1.256341867507747025e+02 1.224329193918046315e+02 1.188408077253963882e+02 8.200479220679434889e+01 6.402697009978814435e+01 5.734479050652295484e+01 3.481363677911316046e+01 3.035011764952564306e+01 1.900252879524055416e+01 1.153426577414259135e+01 8.317407405307681856e+00 4.808731351778434693e+00 3.542394754986474492e+00 1.771046872171151199e+00 1.356701564159119133e+00 9.712865575973604892e-01 6.466591698203224547e-01 4.988515271678206631e-01 4.081999231414915053e-01
5.972152286978578672e+01 2.534377480223195676e+02 1.840527861047069109e+02 2.370324771621991431e+02 1.248474453661623755e+02 1.224758312868868018e+02 1.266263383155700240e+02 1.184566052085282735e+02 8.419955997711410589e+01 6.526122504030752225e+01 5.763635418177482705e+01 3.451891696865273218e+01 3.022788715525457803e+01 1.887517729604522643e+01 1.159952499480616872e+01 8.331820552281985925e+00 4.764735064408376353e+00 3.626169144346781614e+00 1.697644915553991440e+00 1.272661789513300334e+00 9.616083123170408031e-01 6.679829277024009748e-01 5.003294023675356472e-01 4.146306195399989125e-01
7.545139035647945036e+01 2.393945697400019981e+02 1.954712902324186814e+02 2.389652320158014902e+02 1.294860812619589296e+02 1.230770946133711163e+02 1.269046537907548213e+02 1.185444106469326755e+02 8.245835020320213005e+01 6.507492543184292799e+01 5.828475008853932593e+01 3.492583722592733153e+01 3.065555512339059163e+01 1.894416756460185880e+01 1.152671841649765838e+01 8.190672250516064068e+00 4.758482730446798037e+00 3.539293143149735865e+00 1.697659066619341850e+00 1.338363374983172260e+00 9.546540341302730548e-01 6.531184916454206846e-01 5.306233682319407841e-01 4.421288193400139677e-01
7.289695309635544618e+01 2.442198427268725425e+02 1.938853391719954118e+02 2.429744538459300145e+02 1.245298081643185100e+02 1.207006936972631763e+02 1.284627245295119451e+02 1.196166884215719648e+02 8.236604640456251047e+01 6.436520789414790045e+01 5.784917496387721059e+01 3.496963524087189512e+01 2.989921082193326995e+01 1.894495723456234160e+01 1.159365409095146227e+01 8.205614703252548381e+00 4.812480101425762768e+00 3.632879542760128366e+00 1.696730982665579868e+00 1.320655488448132520e+00 9.586287670126579785e-01 7.064109929026681778e-01 5.281081568617864708e-01 4.159544477029872844e-01
7.044684451677946413e+01 2.489028981837014953e+02 1.844379543920258868e+02 2.532554767924226837e+02 1.228051291410665300e+02 1.197174350532318243e+02 1.256272451942034536e+02 1.177031427129938805e+02 8.191930908153645419e+01 6.528971688996035994e+01 5.727861837711206761e+01 3.406342804047259420e+01 3.022999543985205761e+01 1.896047678352761778e+01 1.155012186088171333e+01 8.249758823199352165e+00 4.744041311644486392e+00 3.722120083145069813e+00 1.660345233631693285e+00 1.328963875572285236e+00 9.871026187433772359e-01 6.696536489992404029e-01 5.168794661580666805e-01 4.221415949251549615e-01
7.558023009549265225e+01 2.457937155692705460e+02 1.810696009296875104e+02 2.402773317845138479e+02 1.237144708155916817e+02 1.222426248629903682e+02 1.272522302931556055e+02 1.173341499982576153e+02 8.222063599023448432e+01 6.324470656229193821e+01 5.790059515468748685e+01 3.450356751661608712e+01 3.060132111427487800e+01 1.913670708685600275e+01 1.165049112685607291e+01 8.279484966617410180e+00 4.749573054242278936e+00 3.619449074144801770e+00 1.707653563229318605e+00 1.335750690346161340e+00 9.487746750923689021e-01 6.694290365985294811e-01 5.235988333562984209e-01 4.565210064159959669e-01
8.603978490301435045e+01 2.190726406983169454e+02 1.806497074201554085e+02 2.336346731087993192e+02 1.144280245531759590e+02 1.223534382425535227e+02 1.239833623406622110e+02 1.176131423514419225e+02 7.957515980025696933e+01 6.356700727094515457e+01 5.822289369487231880e+01 3.441960970791674868e+01 3.067983716094292390e+01 1.874236356303627105e+01 1.173162224302957668e+01 8.035391306917203380e+00 4.556614549801684788e+00 3.656926825955393756e+00 1.555199248319259153e+00 1.269748951595783604e+00 9.592365978053661868e-01 6.547496975342445014e-01 5.308143962776119551e-01 4.013852529695731697e-01
6.785579496287600421e+01 2.405878297782003585e+02 1.916534747568451849e+02 2.377236068471791839e+02 1.260148030929705669e+02 1.157207524466484330e+02 1.261662360795398143e+02 1.205156795622439034e+02 8.396258412479713229e+01 6.566926681550543776e+01 5.714063078107018612e+01 3.433377920850642795e+01 2.986419435806590172e+01 1.913548102281948360e+01 1.173231849016050354e+01 8.240999585687575291e+00 4.835897162452691411e+00 3.621882851135778125e+00 1.703187262224347798e+00 1.366099336483098226e+00 9.793287209570040730e-01 7.086034034773460721e-01 5.767800597251906414e-01 4.279149725370081092e-01
7.746333550126371392e+01 2.398572033510896233e+02 1.898577927780954440e+02 2.498064005956645133e+02 1.215973598282171650e+02 1.226162187443887035e+02 1.252157892363696590e+02 1.170947610515610933e+02 8.157277638104173434e+01 6.376893659185822827e+01 5.786514636458188221e+01 3.540868221718005771e+01 3.041435286066114685e+01 1.861650449899706317e+01 1.135279716286563811e+01 8.334689491208143508e+00 4.858476394552194044e+00 3.665275456118809227e+00 1.663243048263213009e+00 1.336215762266622864e+00 1.020505606800607312e+00 6.906491655744751990e-01 5.568800406025423699e-01 4.477250957033953038e-01
9.364720548888402618e+01 2.342126798988796565e+02 1.803060624864740191e+02 2.448663947731873805e+02 1.236903731699749471e+02 1.219495547928733430e+02 1.251472411507199638e+02 1.182813646564334817e+02 8.104572719720582086e+01 6.439036936169522107e+01 5.702068260645503273e+01 3.473316124295286045e+01 3.029466059118747978e+01 1.920128113240517465e+01 1.141394770583770679e+01 8.104435522986563001e+00 4.826124825420032849e+00 3.629942828692805712e+00 1.739749450745764481e+00 1.335188478632599374e+00 1.003007591284645672e+00 6.848932456147671655e-01 5.233896230166563690e-01 4.076816519661908833e-01
6.130274399258733808e+01 2.385704737783973712e+02 1.907277220705342131e+02 2.384600739419774982e+02 1.187838088469642486e+02 1.241081561814980745e+02 1.266805981747132392e+02 1.159326382558462427e+02 8.189864685982010428e+01 6.403941461856621231e+01 5.680258600541395708e+01 3.406954903837515047e+01 2.938877080879421655e+01 1.947333162515608151e+01 1.141631389951121101e+01 8.272930572228277768e+00 4.807016438752891752e+00 3.608802113838030401e+00 1.723515498723703132e+00 1.322554498078901908e+00 9.561663888197901029e-01 6.834750870031218728e-01 5.662700014803974113e-01 4.406007722651075209e-01
8.569935367241113511e+01 2.380629083299395461e+02 1.832539756802157740e+02 2.481168278586158920e+02 1.242893880148259314e+02 1.159617123850524933e+02 1.242365282541352514e+02 1.192085321990772115e+02 7.911845733825541060e+01 6.488748424542460214e+01 5.761050312167269993e+01 3.395024714290575929e+01 3.007038971561053486e+01 1.900780246721383193e+01 1.152309727908594184e+01 8.231667894938549779e+00 4.751056849083411748e+00 3.600181991621076438e+00 1.675201862334555702e+00 1.311193702301489683e+00 9.626837300790868079e-01 6.504862533080091325e-01 5.227656074076988402e-01 4.312534471216706855e-01
5.868777518653345737e+01 2.479667101552817883e+02 1.894072264626154549e+02 2.453954752730595885e+02 1.231071330881585055e+02 1.267081877551373452e+02 1.244942481646956196e+02 1.184366643466090920e+02 8.241410445226966885e+01 6.437925470682149864e+01 5.758214115556708634e+01 3.447274181380437597e+01 3.026098720960929001e+01 1.868697017955434347e+01 1.195508919527482838e+01 8.167798856403345908e+00 4.861005734232136888e+00 3.606763960468605923e+00 1.681879336951555004e+00 1.357402994439787625e+00 9.704919497299273612e-01 6.807802549390464808e-01 5.214297382943319237e-01 4.337216556626894981e-01
5.485676086871674784e+01 2.435488233963044991e+02 1.897545819662934434e+02 2.439543459107711385e+02 1.296843222768702333e+02 1.236758446679188950e+02 1.235648368262395849e+02 1.176241282206301548e+02 8.285069441452819206e+01 6.399311780921180315e+01 5.766613459561303756e+01 3.453718834479553834e+01 3.036746312489068345e+01 1.885325548774206084e+01 1.162814948651116254e+01 8.291090186416081309e+00 4.787323734348860604e+00 3.647648804545893242e+00 1.691459442631254584e+00 1.347007979632656394e+00 9.757992371142665267e-01 6.680928666051254572e-01 5.380193641803585614e-01 4.496558895171410830e-01
7.669789116801341322e+01 2.536472815500150375e+02 1.896497209188648583e+02 2.481847935295471075e+02 1.219483429187184811e+02 1.181878589701868378e+02 1.277492390302125500e+02 1.174573683398077293e+02 8.225880250967361462e+01 6.293194998294958253e+01 5.734129897649557961e+01 3.420722666230568620e+01 3.024306158281303780e+01 1.903561051608359378e+01 1.162102177415588145e+01 8.189291463519491998e+00 4.692679546158639248e+00 3.671256665488503490e+00 1.713411617372807116e+00 1.316029015819618841e+00 9.771902809899171150e-01 6.958144363946495714e-01 5.289043354573916833e-01 4.207719408353667867e-01
7.407132479573364492e+01 2.422308984981770834e+02 1.868666698365991863e+02 2.395147618636651998e+02 1.236430129982969532e+02 1.211182467117392747e+02 1.248619383409794921e+02 1.173489010389262575e+02 8.103392861755501997e+01 6.399252141396615201e+01 5.666996691202379566e+01 3.436786112018080530e+01 3.030334394931750808e+01 1.882715469009853493e+01 1.148702327414210345e+01 8.244473750730769268e+00 4.741346528435161467e+00 3.619965853018779711e+00 1.679701203907269624e+00 1.330330377059141034e+00 9.830655613046362928e-01 6.786472662780709264e-01 5.262284016242410045e-01 4.166084884321494264e-01
8.182634164750079719e+01 2.350056006863562743e+02 1.872580817330835146e+02 2.353484788360979110e+02 1.271168902975168038e+02 1.227078668000968946e+02 1.215587979605637514e+02 1.167009283355058642e+02 8.183710902282983568e+01 6.482014786271007267e+01 5.737319360162361903e+01 3.452852908771846074e+01 3.052443232602516687e+01 1.872554698159798647e+01 1.146644108238646709e+01 8.268016343394391399e+00 4.804155051035642110e+00 3.632049770009647904e+00 1.770183257409575939e+00 1.310947179258571627e+00 1.019807176626651879e+00 6.993441325048060930e-01 5.370300574480237898e-01 4.396422251991583541e-01
8.462342595755548302e+01 2.444590004073980651e+02 1.896344317870003522e+02 2.323871244572171690e+02 1.270705704243564185e+02 1.262307647334529008e+02 1.270470768581757994e+02 1.153232185220379193e+02 7.934527673853622787e+01 6.447392082069001162e+01 5.688003412373018364e+01 3.437967903510769929e+01 3.052132438798431480e+01 1.914948783389226961e+01 1.174733939378621095e+01 8.307046121343535816e+00 4.688159639109818144e+00 3.551068891220320101e+00 1.707549600722957583e+00 1.318630295887669224e+00 9.881034271978663686e-01 7.006958973560528658e-01 5.278647553313521312e-01 4.220572754142684069e-01
9.059491854029097624e+01 2.461996706301510756e+02 1.741757692841565586e+02 2.485415287555060786e+02 1.208952290414239172e+02 1.205383171351167420e+02 1.224494794642373421e+02 1.175595860425920591e+02 8.071705947143307469e+01 6.237966684433236253e+01 5.747443575226133561e+01 3.480427046605194619e+01 3.029736162334504002e+01 1.867747455953420399e+01 1.152672489680290546e+01 8.153570399563921711e+00 4.792188658232984899e+00 3.638528555953401522e+00 1.689405520781386283e+00 1.316768100856239077e+00 9.615426735728853647e-01 6.971924534712825583e-01 5.074219785250179138e-01 4.014109541394487168e-01
8.351959655728126108e+01 2.400687764731392519e+02 1.920353024140659954e+02 2.411971288626240550e+02 1.187208470879931212e+02 1.210818019989840479e+02 1.268100984513134080e+02 1.174819066677293193e+02 8.297355162099839276e+01 6.326289138400166223e+01 5.797566804419015085e+01 3.448619364544815369e+01 3.020953162107764101e+01 1.905511408773539017e+01 1.157976719845318669e+01 8.233302259482140784e+00 4.744467990696310089e+00 3.627053624083331762e+00 1.759073872741356626e+00 1.338208106537255082e+00 9.753493791526466339e-01 6.898572311612223285e-01 5.447380412147254658e-01 4.425646510059220162e-01
8.282287061075737711e+01 2.428130520648810204e+02 1.952306108658607116e+02 2.420198324921340145e+02 1.267388924207058665e+02 1.239427508141938716e+02 1.265642319873291655e+02 1.178606123881280610e+02 8.231270624040493544e+01 6.419533241072751650e+01 5.671957535749213974e+01 3.464076095749219064e+01 3.022630744147221549e+01 1.900375969076059590e+01 1.154160822917507545e+01 8.198554261256884246e+00 4.821191061234828545e+00 3.572863251745036273e+00 1.704326591132863111e+00 1.358545713066917182e+00 9.549255263455725951e-01 6.941242231580194710e-01 5.329147955775470624e-01 4.316976036709059827e-01
7.479337825865518141e+01 2.440678174800157478e+02 1.845042553660117619e+02 2.374861253370256122e+02 1.197042059984535740e+02 1.225919241355502720e+02 1.241216554571511637e+02 1.176422403688949316e+02 8.149376392981892536e+01 6.432553203378809314e+01 5.750395140475583133e+01 3.416044107113859241e+01 3.040232233521306071e+01 1.897679106798264925e+01 1.140638595596827365e+01 8.255016779187499765e+00 4.829314050363228361e+00 3.698129070933130702e+00 1.690161138123049245e+00 1.306235622776176664e+00 9.675749635505150881e-01 6.643243624715399198e-01 5.362817700031817791e-01 4.515493919835386061e-01
8.464751217246494264e+01 2.402316713209861518e+02 1.888180118658505933e+02 2.269383871649590958e+02 1.279240574193947282e+02 1.206188005026569527e+02 1.310506216645904090e+02 1.180915695299737678e+02 8.203989128284398191e+01 6.358742690996679414e+01 5.793085832073671071e+01 3.480862551410506711e+01 3.062201335812780911e+01 1.911288904739887684e+01 1.130382315040560570e+01 8.142761485443973157e+00 4.732629812939373792e+00 3.509868124159484903e+00 1.718665918997051234e+00 1.320416172882494799e+00 9.716627019866808102e-01 6.733435641565693741e-01 5.107926064260661647e-01 3.988670985232589672e-01
8.998586214154664731e+01 2.433073549031012988e+02 1.805979696919270907e+02 2.365516291811875647e+02 1.203765102632781918e+02 1.211201985767374083e+02 1.237003374557949940e+02 1.201748626351422757e+02 8.021689875345437315e+01 6.485818523192732243e+01 5.762960416198787783e+01 3.482672201787878663e+01 3.031292774481747898e+01 1.913044551638581581e+01 1.158607042159170319e+01 8.412512651469278069e+00 4.896386654018244577e+00 3.690444274320106910e+00 1.729835388503006666e+00 1.348397738059031736e+00 9.510211038112884596e-01 6.739702035339346642e-01 4.980391960739203872e-01 4.090389607647506587e-01
8.213172057032950590e+01 2.371628052650537199e+02 1.818530119361991240e+02 2.406827746125950398e+02 1.281363287512788247e+02 1.185710137192127149e+02 1.276891584753322206e+02 1.161780343980226888e+02 8.347474270365907500e+01 6.392962445343185607e+01 5.667203425108380799e+01 3.441899868454799361e+01 3.021629952445869094e+01 1.889025630135430944e+01 1.178970767260329389e+01 8.270869776515519689e+00 4.712927513145035441e+00 3.658384575430215779e+00 1.686951895751854780e+00 1.362859838374573807e+00 9.537946344143714006e-01 6.760964108084243085e-01 5.047750971201752090e-01 4.216642666649044746e-01
8.445375478983257267e+01 2.342928914415547581e+02 1.862741299531062964e+02 2.395788184744596379e+02 1.234673962643106933e+02 1.242872573442673172e+02 1.230217626438586933e+02 1.191145621118057107e+02 8.126563605880672014e+01 6.325767743879170979e+01 5.702214162355673466e+01 3.463291156177283625e+01 3.045059816115390561e+01 1.901027874655225958e+01 1.153747022294620450e+01 8.242532427362261771e+00 4.739373847014387131e+00 3.595612733019420748e+00 1.679708650073979737e+00 1.346462111551052665e+00 9.571964187013002334e-01 6.739979500036339388e-01 5.193924248470062066e-01 4.244204551857175267e-01
8.328116514849693885e+01 2.339130165689348075e+02 1.859961289736457388e+02 2.427574809131387781e+02 1.271945735452086268e+02 1.211474157682453097e+02 1.290517977114143662e+02 1.231508791605647559e+02 8.150246818946386895e+01 6.478129834904319750e+01 5.740369287409536270e+01 3.450624264756481097e+01 3.011539083983306853e+01 1.865842559915997256e+01 1.176051362743896256e+01 8.149579446561117990e+00 4.747982863897126649e+00 3.651947940572922935e+00 1.648495262395573313e+00 1.290204591607224449e+00 9.406197439354940792e-01 6.845967144362240520e-01 5.296125231191475269e-01 4.364612084744365905e-01
5.113065818589819145e+01 2.492891733926598761e+02 2.098859820408776216e+02 2.342756957578826587e+02 1.255295420984685109e+02 1.219370153696784058e+02 1.250042693058907020e+02 1.190942625045670695e+02 8.348115547942903447e+01 6.294275359086565658e+01 5.625402753824011626e+01 3.442579649340715520e+01 3.010534943227077065e+01 1.873887075949766512e+01 1.151633284662205270e+01 8.210536804940517186e+00 4.669218232149912495e+00 3.779345713792955141e+00 1.617387893309772506e+00 1.287305152553726906e+00 9.582942730764615336e-01 6.681332850144273694e-01 4.890334298650239608e-01 4.190423725838496316e-01
6.683924743057305307e+01 2.457025518446909871e+02 1.960358563036098474e+02 2.414422120064604940e+02 1.315578896454123878e+02 1.250382176720402043e+02 1.263193392447284964e+02 1.188542476224745172e+02 8.079690704960297865e+01 6.431874157404838854e+01 5.715375865669861355e+01 3.442618529033013886e+01 3.047530024707224428e+01 1.917673087075866079e+01 1.160775988008123960e+01 8.158002798939469002e+00 4.698563678342564387e+00 3.693822953781034535e+00 1.654404307577057143e+00 1.341470764113160241e+00 9.706786649732613848e-01 6.504905578843169778e-01 5.209718192655328206e-01 4.273968612063019368e-01
7.517394835793027141e+01 2.374571060351473477e+02 1.924814683232689276e+02 2.406831046012238744e+02 1.215713659149367913e+02 1.192603681292830089e+02 1.219931462601359442e+02 1.165875264730990750e+02 8.223648298120630784e+01 6.278011128801843910e+01 5.720304332469176245e+01 3.435688934543686912e+01 3.046797192718259595e+01 1.879788600291216127e+01 1.146509186632931332e+01 8.232092814374517786e+00 4.682066769019053609e+00 3.588734186369638923e+00 1.755470467213479768e+00 1.311555622420321976e+00 9.827050402905805893e-01 6.812082550479540144e-01 5.097586779626813724e-01 4.198948339043246936e-01
7.892535760963392022e+01 2.309621918979898112e+02 1.938906376909920652e+02 2.378926181846923100e+02 1.262606898153548087e+02 1.240599129176409008e+02 1.255120046483187508e+02 1.174107156045092495e+02 8.148737587382846925e+01 6.421890507883558996e+01 5.715543914517257917e+01 3.433879750696213051e+01 3.029823988653854272e+01 1.890760105900890409e+01 1.169783298606454913e+01 8.257347023160159338e+00 4.745709330120595482e+00 3.651687515062805200e+00 1.712415497105414852e+00 1.332566965988772889e+00 9.813909855650359004e-01 6.738161291026701916e-01 5.285691939616640189e-01 4.295263558994812936e-01
