1.081496324994641434e+00 1.081496324994641434e+00 1.081496324994641434e+00 1.081496324994641434e+00 1.081496324994641434e+00 1.081496324994641434e+00 1.081496324994641434e+00 1.081496324994641434e+00 1.081496324994641434e+00 1.081496324994641434e+00 1.081496324994641434e+00 1.081496324994641434e+00 1.081496324994641434e+00 1.081496324994641434e+00 1.081496324994641434e+00 1.081496324994641434e+00 1.081496324994641434e+00 1.081496324994641434e+00 1.081496324994641434e+00 1.081496324994641434e+00 1.081496324994641434e+00 1.081496324994641434e+00 1.081496324994641434e+00 1.081496324994641434e+00
1.081391548139732706e+00 1.081391548139732706e+00 1.081391548139732706e+00 1.081391548139732706e+00 1.081391548139732706e+00 1.081391548139732706e+00 1.081391548139732706e+00 1.081391548139732706e+00 1.081391548139732706e+00 1.081391548139732706e+00 1.081391548139732706e+00 1.081391548139732706e+00 1.081391548139732706e+00 1.081391548139732706e+00 1.081391548139732706e+00 1.081391548139732706e+00 1.081391548139732706e+00 1.081391548139732706e+00 1.081391548139732706e+00 1.081391548139732706e+00 1.081391548139732706e+00 1.081391548139732706e+00 1.081391548139732706e+00 1.081391548139732706e+00
1.081395222066474426e+00 1.081395222066474426e+00 1.081395222066474426e+00 1.081395222066474426e+00 1.081395222066474426e+00 1.081395222066474426e+00 1.081395222066474426e+00 1.081395222066474426e+00 1.081395222066474426e+00 1.081395222066474426e+00 1.081395222066474426e+00 1.081395222066474426e+00 1.081395222066474426e+00 1.081395222066474426e+00 1.081395222066474426e+00 1.081395222066474426e+00 1.081395222066474426e+00 1.081395222066474426e+00 1.081395222066474426e+00 1.081395222066474426e+00 1.081395222066474426e+00 1.081395222066474426e+00 1.081395222066474426e+00 1.081395222066474426e+00
1.081440367726584251e+00 1.081440367726584251e+00 1.081440367726584251e+00 1.081440367726584251e+00 1.081440367726584251e+00 1.081440367726584251e+00 1.081440367726584251e+00 1.081440367726584251e+00 1.081440367726584251e+00 1.081440367726584251e+00 1.081440367726584251e+00 1.081440367726584251e+00 1.081440367726584251e+00 1.081440367726584251e+00 1.081440367726584251e+00 1.081440367726584251e+00 1.081440367726584251e+00 1.081440367726584251e+00 1.081440367726584251e+00 1.081440367726584251e+00 1.081440367726584251e+00 1.081440367726584251e+00 1.081440367726584251e+00 1.081440367726584251e+00
1.081373433559364550e+00 1.081373433559364550e+00 1.081373433559364550e+00 1.081373433559364550e+00 1.081373433559364550e+00 1.081373433559364550e+00 1.081373433559364550e+00 1.081373433559364550e+00 1.081373433559364550e+00 1.081373433559364550e+00 1.081373433559364550e+00 1.081373433559364550e+00 1.081373433559364550e+00 1.081373433559364550e+00 1.081373433559364550e+00 1.081373433559364550e+00 1.081373433559364550e+00 1.081373433559364550e+00 1.081373433559364550e+00 1.081373433559364550e+00 1.081373433559364550e+00 1.081373433559364550e+00 1.081373433559364550e+00 1.081373433559364550e+00
1.081498488563984006e+00 1.081498488563984006e+00 1.081498488563984006e+00 1.081498488563984006e+00 1.081498488563984006e+00 1.081498488563984006e+00 1.081498488563984006e+00 1.081498488563984006e+00 1.081498488563984006e+00 1.081498488563984006e+00 1.081498488563984006e+00 1.081498488563984006e+00 1.081498488563984006e+00 1.081498488563984006e+00 1.081498488563984006e+00 1.081498488563984006e+00 1.081498488563984006e+00 1.081498488563984006e+00 1.081498488563984006e+00 1.081498488563984006e+00 1.081498488563984006e+00 1.081498488563984006e+00 1.081498488563984006e+00 1.081498488563984006e+00
1.081516842690082303e+00 1.081516842690082303e+00 1.081516842690082303e+00 1.081516842690082303e+00 1.081516842690082303e+00 1.081516842690082303e+00 1.081516842690082303e+00 1.081516842690082303e+00 1.081516842690082303e+00 1.081516842690082303e+00 1.081516842690082303e+00 1.081516842690082303e+00 1.081516842690082303e+00 1.081516842690082303e+00 1.081516842690082303e+00 1.081516842690082303e+00 1.081516842690082303e+00 1.081516842690082303e+00 1.081516842690082303e+00 1.081516842690082303e+00 1.081516842690082303e+00 1.081516842690082303e+00 1.081516842690082303e+00 1.081516842690082303e+00
1.081439520961649414e+00 1.081439520961649414e+00 1.081439520961649414e+00 1.081439520961649414e+00 1.081439520961649414e+00 1.081439520961649414e+00 1.081439520961649414e+00 1.081439520961649414e+00 1.081439520961649414e+00 1.081439520961649414e+00 1.081439520961649414e+00 1.081439520961649414e+00 1.081439520961649414e+00 1.081439520961649414e+00 1.081439520961649414e+00 1.081439520961649414e+00 1.081439520961649414e+00 1.081439520961649414e+00 1.081439520961649414e+00 1.081439520961649414e+00 1.081439520961649414e+00 1.081439520961649414e+00 1.081439520961649414e+00 1.081439520961649414e+00
1.081484052314669597e+00 1.081484052314669597e+00 1.081484052314669597e+00 1.081484052314669597e+00 1.081484052314669597e+00 1.081484052314669597e+00 1.081484052314669597e+00 1.081484052314669597e+00 1.081484052314669597e+00 1.081484052314669597e+00 1.081484052314669597e+00 1.081484052314669597e+00 1.081484052314669597e+00 1.081484052314669597e+00 1.081484052314669597e+00 1.081484052314669597e+00 1.081484052314669597e+00 1.081484052314669597e+00 1.081484052314669597e+00 1.081484052314669597e+00 1.081484052314669597e+00 1.081484052314669597e+00 1.081484052314669597e+00 1.081484052314669597e+00
1.081384254635384456e+00 1.081384254635384456e+00 1.081384254635384456e+00 1.081384254635384456e+00 1.081384254635384456e+00 1.081384254635384456e+00 1.081384254635384456e+00 1.081384254635384456e+00 1.081384254635384456e+00 1.081384254635384456e+00 1.081384254635384456e+00 1.081384254635384456e+00 1.081384254635384456e+00 1.081384254635384456e+00 1.081384254635384456e+00 1.081384254635384456e+00 1.081384254635384456e+00 1.081384254635384456e+00 1.081384254635384456e+00 1.081384254635384456e+00 1.081384254635384456e+00 1.081384254635384456e+00 1.081384254635384456e+00 1.081384254635384456e+00
1.081345560756326041e+00 1.081345560756326041e+00 1.081345560756326041e+00 1.081345560756326041e+00 1.081345560756326041e+00 1.081345560756326041e+00 1.081345560756326041e+00 1.081345560756326041e+00 1.081345560756326041e+00 1.081345560756326041e+00 1.081345560756326041e+00 1.081345560756326041e+00 1.081345560756326041e+00 1.081345560756326041e+00 1.081345560756326041e+00 1.081345560756326041e+00 1.081345560756326041e+00 1.081345560756326041e+00 1.081345560756326041e+00 1.081345560756326041e+00 1.081345560756326041e+00 1.081345560756326041e+00 1.081345560756326041e+00 1.081345560756326041e+00
1.081388309552030913e+00 1.081388309552030913e+00 1.081388309552030913e+00 1.081388309552030913e+00 1.081388309552030913e+00 1.081388309552030913e+00 1.081388309552030913e+00 1.081388309552030913e+00 1.081388309552030913e+00 1.081388309552030913e+00 1.081388309552030913e+00 1.081388309552030913e+00 1.081388309552030913e+00 1.081388309552030913e+00 1.081388309552030913e+00 1.081388309552030913e+00 1.081388309552030913e+00 1.081388309552030913e+00 1.081388309552030913e+00 1.081388309552030913e+00 1.081388309552030913e+00 1.081388309552030913e+00 1.081388309552030913e+00 1.081388309552030913e+00
1.081443029961690394e+00 1.081443029961690394e+00 1.081443029961690394e+00 1.081443029961690394e+00 1.081443029961690394e+00 1.081443029961690394e+00 1.081443029961690394e+00 1.081443029961690394e+00 1.081443029961690394e+00 1.081443029961690394e+00 1.081443029961690394e+00 1.081443029961690394e+00 1.081443029961690394e+00 1.081443029961690394e+00 1.081443029961690394e+00 1.081443029961690394e+00 1.081443029961690394e+00 1.081443029961690394e+00 1.081443029961690394e+00 1.081443029961690394e+00 1.081443029961690394e+00 1.081443029961690394e+00 1.081443029961690394e+00 1.081443029961690394e+00
1.081342774497383585e+00 1.081342774497383585e+00 1.081342774497383585e+00 1.081342774497383585e+00 1.081342774497383585e+00 1.081342774497383585e+00 1.081342774497383585e+00 1.081342774497383585e+00 1.081342774497383585e+00 1.081342774497383585e+00 1.081342774497383585e+00 1.081342774497383585e+00 1.081342774497383585e+00 1.081342774497383585e+00 1.081342774497383585e+00 1.081342774497383585e+00 1.081342774497383585e+00 1.081342774497383585e+00 1.081342774497383585e+00 1.081342774497383585e+00 1.081342774497383585e+00 1.081342774497383585e+00 1.081342774497383585e+00 1.081342774497383585e+00
1.081422391146814599e+00 1.081422391146814599e+00 1.081422391146814599e+00 1.081422391146814599e+00 1.081422391146814599e+00 1.081422391146814599e+00 1.081422391146814599e+00 1.081422391146814599e+00 1.081422391146814599e+00 1.081422391146814599e+00 1.081422391146814599e+00 1.081422391146814599e+00 1.081422391146814599e+00 1.081422391146814599e+00 1.081422391146814599e+00 1.081422391146814599e+00 1.081422391146814599e+00 1.081422391146814599e+00 1.081422391146814599e+00 1.081422391146814599e+00 1.081422391146814599e+00 1.081422391146814599e+00 1.081422391146814599e+00 1.081422391146814599e+00
1.081407492017923744e+00 1.081407492017923744e+00 1.081407492017923744e+00 1.081407492017923744e+00 1.081407492017923744e+00 1.081407492017923744e+00 1.081407492017923744e+00 1.081407492017923744e+00 1.081407492017923744e+00 1.081407492017923744e+00 1.081407492017923744e+00 1.081407492017923744e+00 1.081407492017923744e+00 1.081407492017923744e+00 1.081407492017923744e+00 1.081407492017923744e+00 1.081407492017923744e+00 1.081407492017923744e+00 1.081407492017923744e+00 1.081407492017923744e+00 1.081407492017923744e+00 1.081407492017923744e+00 1.081407492017923744e+00 1.081407492017923744e+00
1.081566152777927448e+00 1.081566152777927448e+00 1.081566152777927448e+00 1.081566152777927448e+00 1.081566152777927448e+00 1.081566152777927448e+00 1.081566152777927448e+00 1.081566152777927448e+00 1.081566152777927448e+00 1.081566152777927448e+00 1.081566152777927448e+00 1.081566152777927448e+00 1.081566152777927448e+00 1.081566152777927448e+00 1.081566152777927448e+00 1.081566152777927448e+00 1.081566152777927448e+00 1.081566152777927448e+00 1.081566152777927448e+00 1.081566152777927448e+00 1.081566152777927448e+00 1.081566152777927448e+00 1.081566152777927448e+00 1.081566152777927448e+00
1.081525948110018565e+00 1.081525948110018565e+00 1.081525948110018565e+00 1.081525948110018565e+00 1.081525948110018565e+00 1.081525948110018565e+00 1.081525948110018565e+00 1.081525948110018565e+00 1.081525948110018565e+00 1.081525948110018565e+00 1.081525948110018565e+00 1.081525948110018565e+00 1.081525948110018565e+00 1.081525948110018565e+00 1.081525948110018565e+00 1.081525948110018565e+00 1.081525948110018565e+00 1.081525948110018565e+00 1.081525948110018565e+00 1.081525948110018565e+00 1.081525948110018565e+00 1.081525948110018565e+00 1.081525948110018565e+00 1.081525948110018565e+00
1.081448533922311661e+00 1.081448533922311661e+00 1.081448533922311661e+00 1.081448533922311661e+00 1.081448533922311661e+00 1.081448533922311661e+00 1.081448533922311661e+00 1.081448533922311661e+00 1.081448533922311661e+00 1.081448533922311661e+00 1.081448533922311661e+00 1.081448533922311661e+00 1.081448533922311661e+00 1.081448533922311661e+00 1.081448533922311661e+00 1.081448533922311661e+00 1.081448533922311661e+00 1.081448533922311661e+00 1.081448533922311661e+00 1.081448533922311661e+00 1.081448533922311661e+00 1.081448533922311661e+00 1.081448533922311661e+00 1.081448533922311661e+00
1.081373761544010659e+00 1.081373761544010659e+00 1.081373761544010659e+00 1.081373761544010659e+00 1.081373761544010659e+00 1.081373761544010659e+00 1.081373761544010659e+00 1.081373761544010659e+00 1.081373761544010659e+00 1.081373761544010659e+00 1.081373761544010659e+00 1.081373761544010659e+00 1.081373761544010659e+00 1.081373761544010659e+00 1.081373761544010659e+00 1.081373761544010659e+00 1.081373761544010659e+00 1.081373761544010659e+00 1.081373761544010659e+00 1.081373761544010659e+00 1.081373761544010659e+00 1.081373761544010659e+00 1.081373761544010659e+00 1.081373761544010659e+00
1.081513941025366243e+00 1.081513941025366243e+00 1.081513941025366243e+00 1.081513941025366243e+00 1.081513941025366243e+00 1.081513941025366243e+00 1.081513941025366243e+00 1.081513941025366243e+00 1.081513941025366243e+00 1.081513941025366243e+00 1.081513941025366243e+00 1.081513941025366243e+00 1.081513941025366243e+00 1.081513941025366243e+00 1.081513941025366243e+00 1.081513941025366243e+00 1.081513941025366243e+00 1.081513941025366243e+00 1.081513941025366243e+00 1.081513941025366243e+00 1.081513941025366243e+00 1.081513941025366243e+00 1.081513941025366243e+00 1.081513941025366243e+00
1.081402897830033405e+00 1.081402897830033405e+00 1.081402897830033405e+00 1.081402897830033405e+00 1.081402897830033405e+00 1.081402897830033405e+00 1.081402897830033405e+00 1.081402897830033405e+00 1.081402897830033405e+00 1.081402897830033405e+00 1.081402897830033405e+00 1.081402897830033405e+00 1.081402897830033405e+00 1.081402897830033405e+00 1.081402897830033405e+00 1.081402897830033405e+00 1.081402897830033405e+00 1.081402897830033405e+00 1.081402897830033405e+00 1.081402897830033405e+00 1.081402897830033405e+00 1.081402897830033405e+00 1.081402897830033405e+00 1.081402897830033405e+00
1.081424481401043414e+00 1.081424481401043414e+00 1.081424481401043414e+00 1.081424481401043414e+00 1.081424481401043414e+00 1.081424481401043414e+00 1.081424481401043414e+00 1.081424481401043414e+00 1.081424481401043414e+00 1.081424481401043414e+00 1.081424481401043414e+00 1.081424481401043414e+00 1.081424481401043414e+00 1.081424481401043414e+00 1.081424481401043414e+00 1.081424481401043414e+00 1.081424481401043414e+00 1.081424481401043414e+00 1.081424481401043414e+00 1.081424481401043414e+00 1.081424481401043414e+00 1.081424481401043414e+00 1.081424481401043414e+00 1.081424481401043414e+00
1.081483402674658922e+00 1.081483402674658922e+00 1.081483402674658922e+00 1.081483402674658922e+00 1.081483402674658922e+00 1.081483402674658922e+00 1.081483402674658922e+00 1.081483402674658922e+00 1.081483402674658922e+00 1.081483402674658922e+00 1.081483402674658922e+00 1.081483402674658922e+00 1.081483402674658922e+00 1.081483402674658922e+00 1.081483402674658922e+00 1.081483402674658922e+00 1.081483402674658922e+00 1.081483402674658922e+00 1.081483402674658922e+00 1.081483402674658922e+00 1.081483402674658922e+00 1.081483402674658922e+00 1.081483402674658922e+00 1.081483402674658922e+00
1.081455658601057968e+00 1.081455658601057968e+00 1.081455658601057968e+00 1.081455658601057968e+00 1.081455658601057968e+00 1.081455658601057968e+00 1.081455658601057968e+00 1.081455658601057968e+00 1.081455658601057968e+00 1.081455658601057968e+00 1.081455658601057968e+00 1.081455658601057968e+00 1.081455658601057968e+00 1.081455658601057968e+00 1.081455658601057968e+00 1.081455658601057968e+00 1.081455658601057968e+00 1.081455658601057968e+00 1.081455658601057968e+00 1.081455658601057968e+00 1.081455658601057968e+00 1.081455658601057968e+00 1.081455658601057968e+00 1.081455658601057968e+00
1.081418000447693206e+00 1.081418000447693206e+00 1.081418000447693206e+00 1.081418000447693206e+00 1.081418000447693206e+00 1.081418000447693206e+00 1.081418000447693206e+00 1.081418000447693206e+00 1.081418000447693206e+00 1.081418000447693206e+00 1.081418000447693206e+00 1.081418000447693206e+00 1.081418000447693206e+00 1.081418000447693206e+00 1.081418000447693206e+00 1.081418000447693206e+00 1.081418000447693206e+00 1.081418000447693206e+00 1.081418000447693206e+00 1.081418000447693206e+00 1.081418000447693206e+00 1.081418000447693206e+00 1.081418000447693206e+00 1.081418000447693206e+00
1.081441238212252465e+00 1.081441238212252465e+00 1.081441238212252465e+00 1.081441238212252465e+00 1.081441238212252465e+00 1.081441238212252465e+00 1.081441238212252465e+00 1.081441238212252465e+00 1.081441238212252465e+00 1.081441238212252465e+00 1.081441238212252465e+00 1.081441238212252465e+00 1.081441238212252465e+00 1.081441238212252465e+00 1.081441238212252465e+00 1.081441238212252465e+00 1.081441238212252465e+00 1.081441238212252465e+00 1.081441238212252465e+00 1.081441238212252465e+00 1.081441238212252465e+00 1.081441238212252465e+00 1.081441238212252465e+00 1.081441238212252465e+00
1.081378627401744286e+00 1.081378627401744286e+00 1.081378627401744286e+00 1.081378627401744286e+00 1.081378627401744286e+00 1.081378627401744286e+00 1.081378627401744286e+00 1.081378627401744286e+00 1.081378627401744286e+00 1.081378627401744286e+00 1.081378627401744286e+00 1.081378627401744286e+00 1.081378627401744286e+00 1.081378627401744286e+00 1.081378627401744286e+00 1.081378627401744286e+00 1.081378627401744286e+00 1.081378627401744286e+00 1.081378627401744286e+00 1.081378627401744286e+00 1.081378627401744286e+00 1.081378627401744286e+00 1.081378627401744286e+00 1.081378627401744286e+00
1.081665885729146126e+00 1.081665885729146126e+00 1.081665885729146126e+00 1.081665885729146126e+00 1.081665885729146126e+00 1.081665885729146126e+00 1.081665885729146126e+00 1.081665885729146126e+00 1.081665885729146126e+00 1.081665885729146126e+00 1.081665885729146126e+00 1.081665885729146126e+00 1.081665885729146126e+00 1.081665885729146126e+00 1.081665885729146126e+00 1.081665885729146126e+00 1.081665885729146126e+00 1.081665885729146126e+00 1.081665885729146126e+00 1.081665885729146126e+00 1.081665885729146126e+00 1.081665885729146126e+00 1.081665885729146126e+00 1.081665885729146126e+00
1.081522690074527171e+00 1.081522690074527171e+00 1.081522690074527171e+00 1.081522690074527171e+00 1.081522690074527171e+00 1.081522690074527171e+00 1.081522690074527171e+00 1.081522690074527171e+00 1.081522690074527171e+00 1.081522690074527171e+00 1.081522690074527171e+00 1.081522690074527171e+00 1.081522690074527171e+00 1.081522690074527171e+00 1.081522690074527171e+00 1.081522690074527171e+00 1.081522690074527171e+00 1.081522690074527171e+00 1.081522690074527171e+00 1.081522690074527171e+00 1.081522690074527171e+00 1.081522690074527171e+00 1.081522690074527171e+00 1.081522690074527171e+00
1.081506705580908001e+00 1.081506705580908001e+00 1.081506705580908001e+00 1.081506705580908001e+00 1.081506705580908001e+00 1.081506705580908001e+00 1.081506705580908001e+00 1.081506705580908001e+00 1.081506705580908001e+00 1.081506705580908001e+00 1.081506705580908001e+00 1.081506705580908001e+00 1.081506705580908001e+00 1.081506705580908001e+00 1.081506705580908001e+00 1.081506705580908001e+00 1.081506705580908001e+00 1.081506705580908001e+00 1.081506705580908001e+00 1.081506705580908001e+00 1.081506705580908001e+00 1.081506705580908001e+00 1.081506705580908001e+00 1.081506705580908001e+00
1.081418149637794590e+00 1.081418149637794590e+00 1.081418149637794590e+00 1.081418149637794590e+00 1.081418149637794590e+00 1.081418149637794590e+00 1.081418149637794590e+00 1.081418149637794590e+00 1.081418149637794590e+00 1.081418149637794590e+00 1.081418149637794590e+00 1.081418149637794590e+00 1.081418149637794590e+00 1.081418149637794590e+00 1.081418149637794590e+00 1.081418149637794590e+00 1.081418149637794590e+00 1.081418149637794590e+00 1.081418149637794590e+00 1.081418149637794590e+00 1.081418149637794590e+00 1.081418149637794590e+00 1.081418149637794590e+00 1.081418149637794590e+00
1.081461943086760913e+00 1.081461943086760913e+00 1.081461943086760913e+00 1.081461943086760913e+00 1.081461943086760913e+00 1.081461943086760913e+00 1.081461943086760913e+00 1.081461943086760913e+00 1.081461943086760913e+00 1.081461943086760913e+00 1.081461943086760913e+00 1.081461943086760913e+00 1.081461943086760913e+00 1.081461943086760913e+00 1.081461943086760913e+00 1.081461943086760913e+00 1.081461943086760913e+00 1.081461943086760913e+00 1.081461943086760913e+00 1.081461943086760913e+00 1.081461943086760913e+00 1.081461943086760913e+00 1.081461943086760913e+00 1.081461943086760913e+00
1.081409983123593266e+00 1.081409983123593266e+00 1.081409983123593266e+00 1.081409983123593266e+00 1.081409983123593266e+00 1.081409983123593266e+00 1.081409983123593266e+00 1.081409983123593266e+00 1.081409983123593266e+00 1.081409983123593266e+00 1.081409983123593266e+00 1.081409983123593266e+00 1.081409983123593266e+00 1.081409983123593266e+00 1.081409983123593266e+00 1.081409983123593266e+00 1.081409983123593266e+00 1.081409983123593266e+00 1.081409983123593266e+00 1.081409983123593266e+00 1.081409983123593266e+00 1.081409983123593266e+00 1.081409983123593266e+00 1.081409983123593266e+00
1.081470664647646629e+00 1.081470664647646629e+00 1.081470664647646629e+00 1.081470664647646629e+00 1.081470664647646629e+00 1.081470664647646629e+00 1.081470664647646629e+00 1.081470664647646629e+00 1.081470664647646629e+00 1.081470664647646629e+00 1.081470664647646629e+00 1.081470664647646629e+00 1.081470664647646629e+00 1.081470664647646629e+00 1.081470664647646629e+00 1.081470664647646629e+00 1.081470664647646629e+00 1.081470664647646629e+00 1.081470664647646629e+00 1.081470664647646629e+00 1.081470664647646629e+00 1.081470664647646629e+00 1.081470664647646629e+00 1.081470664647646629e+00
1.081592835754144888e+00 1.081592835754144888e+00 1.081592835754144888e+00 1.081592835754144888e+00 1.081592835754144888e+00 1.081592835754144888e+00 1.081592835754144888e+00 1.081592835754144888e+00 1.081592835754144888e+00 1.081592835754144888e+00 1.081592835754144888e+00 1.081592835754144888e+00 1.081592835754144888e+00 1.081592835754144888e+00 1.081592835754144888e+00 1.081592835754144888e+00 1.081592835754144888e+00 1.081592835754144888e+00 1.081592835754144888e+00 1.081592835754144888e+00 1.081592835754144888e+00 1.081592835754144888e+00 1.081592835754144888e+00 1.081592835754144888e+00
1.081574884267761938e+00 1.081574884267761938e+00 1.081574884267761938e+00 1.081574884267761938e+00 1.081574884267761938e+00 1.081574884267761938e+00 1.081574884267761938e+00 1.081574884267761938e+00 1.081574884267761938e+00 1.081574884267761938e+00 1.081574884267761938e+00 1.081574884267761938e+00 1.081574884267761938e+00 1.081574884267761938e+00 1.081574884267761938e+00 1.081574884267761938e+00 1.081574884267761938e+00 1.081574884267761938e+00 1.081574884267761938e+00 1.081574884267761938e+00 1.081574884267761938e+00 1.081574884267761938e+00 1.081574884267761938e+00 1.081574884267761938e+00
1.081400212207789924e+00 1.081400212207789924e+00 1.081400212207789924e+00 1.081400212207789924e+00 1.081400212207789924e+00 1.081400212207789924e+00 1.081400212207789924e+00 1.081400212207789924e+00 1.081400212207789924e+00 1.081400212207789924e+00 1.081400212207789924e+00 1.081400212207789924e+00 1.081400212207789924e+00 1.081400212207789924e+00 1.081400212207789924e+00 1.081400212207789924e+00 1.081400212207789924e+00 1.081400212207789924e+00 1.081400212207789924e+00 1.081400212207789924e+00 1.081400212207789924e+00 1.081400212207789924e+00 1.081400212207789924e+00 1.081400212207789924e+00
1.081464234851917894e+00 1.081464234851917894e+00 1.081464234851917894e+00 1.081464234851917894e+00 1.081464234851917894e+00 1.081464234851917894e+00 1.081464234851917894e+00 1.081464234851917894e+00 1.081464234851917894e+00 1.081464234851917894e+00 1.081464234851917894e+00 1.081464234851917894e+00 1.081464234851917894e+00 1.081464234851917894e+00 1.081464234851917894e+00 1.081464234851917894e+00 1.081464234851917894e+00 1.081464234851917894e+00 1.081464234851917894e+00 1.081464234851917894e+00 1.081464234851917894e+00 1.081464234851917894e+00 1.081464234851917894e+00 1.081464234851917894e+00
1.081434875798715112e+00 1.081434875798715112e+00 1.081434875798715112e+00 1.081434875798715112e+00 1.081434875798715112e+00 1.081434875798715112e+00 1.081434875798715112e+00 1.081434875798715112e+00 1.081434875798715112e+00 1.081434875798715112e+00 1.081434875798715112e+00 1.081434875798715112e+00 1.081434875798715112e+00 1.081434875798715112e+00 1.081434875798715112e+00 1.081434875798715112e+00 1.081434875798715112e+00 1.081434875798715112e+00 1.081434875798715112e+00 1.081434875798715112e+00 1.081434875798715112e+00 1.081434875798715112e+00 1.081434875798715112e+00 1.081434875798715112e+00
1.081481200466994919e+00 1.081481200466994919e+00 1.081481200466994919e+00 1.081481200466994919e+00 1.081481200466994919e+00 1.081481200466994919e+00 1.081481200466994919e+00 1.081481200466994919e+00 1.081481200466994919e+00 1.081481200466994919e+00 1.081481200466994919e+00 1.081481200466994919e+00 1.081481200466994919e+00 1.081481200466994919e+00 1.081481200466994919e+00 1.081481200466994919e+00 1.081481200466994919e+00 1.081481200466994919e+00 1.081481200466994919e+00 1.081481200466994919e+00 1.081481200466994919e+00 1.081481200466994919e+00 1.081481200466994919e+00 1.081481200466994919e+00
1.081374291913164587e+00 1.081374291913164587e+00 1.081374291913164587e+00 1.081374291913164587e+00 1.081374291913164587e+00 1.081374291913164587e+00 1.081374291913164587e+00 1.081374291913164587e+00 1.081374291913164587e+00 1.081374291913164587e+00 1.081374291913164587e+00 1.081374291913164587e+00 1.081374291913164587e+00 1.081374291913164587e+00 1.081374291913164587e+00 1.081374291913164587e+00 1.081374291913164587e+00 1.081374291913164587e+00 1.081374291913164587e+00 1.081374291913164587e+00 1.081374291913164587e+00 1.081374291913164587e+00 1.081374291913164587e+00 1.081374291913164587e+00
1.081519809739725169e+00 1.081519809739725169e+00 1.081519809739725169e+00 1.081519809739725169e+00 1.081519809739725169e+00 1.081519809739725169e+00 1.081519809739725169e+00 1.081519809739725169e+00 1.081519809739725169e+00 1.081519809739725169e+00 1.081519809739725169e+00 1.081519809739725169e+00 1.081519809739725169e+00 1.081519809739725169e+00 1.081519809739725169e+00 1.081519809739725169e+00 1.081519809739725169e+00 1.081519809739725169e+00 1.081519809739725169e+00 1.081519809739725169e+00 1.081519809739725169e+00 1.081519809739725169e+00 1.081519809739725169e+00 1.081519809739725169e+00
1.081370754345176266e+00 1.081370754345176266e+00 1.081370754345176266e+00 1.081370754345176266e+00 1.081370754345176266e+00 1.081370754345176266e+00 1.081370754345176266e+00 1.081370754345176266e+00 1.081370754345176266e+00 1.081370754345176266e+00 1.081370754345176266e+00 1.081370754345176266e+00 1.081370754345176266e+00 1.081370754345176266e+00 1.081370754345176266e+00 1.081370754345176266e+00 1.081370754345176266e+00 1.081370754345176266e+00 1.081370754345176266e+00 1.081370754345176266e+00 1.081370754345176266e+00 1.081370754345176266e+00 1.081370754345176266e+00 1.081370754345176266e+00
1.081445831288008197e+00 1.081445831288008197e+00 1.081445831288008197e+00 1.081445831288008197e+00 1.081445831288008197e+00 1.081445831288008197e+00 1.081445831288008197e+00 1.081445831288008197e+00 1.081445831288008197e+00 1.081445831288008197e+00 1.081445831288008197e+00 1.081445831288008197e+00 1.081445831288008197e+00 1.081445831288008197e+00 1.081445831288008197e+00 1.081445831288008197e+00 1.081445831288008197e+00 1.081445831288008197e+00 1.081445831288008197e+00 1.081445831288008197e+00 1.081445831288008197e+00 1.081445831288008197e+00 1.081445831288008197e+00 1.081445831288008197e+00
1.081449119645288892e+00 1.081449119645288892e+00 1.081449119645288892e+00 1.081449119645288892e+00 1.081449119645288892e+00 1.081449119645288892e+00 1.081449119645288892e+00 1.081449119645288892e+00 1.081449119645288892e+00 1.081449119645288892e+00 1.081449119645288892e+00 1.081449119645288892e+00 1.081449119645288892e+00 1.081449119645288892e+00 1.081449119645288892e+00 1.081449119645288892e+00 1.081449119645288892e+00 1.081449119645288892e+00 1.081449119645288892e+00 1.081449119645288892e+00 1.081449119645288892e+00 1.081449119645288892e+00 1.081449119645288892e+00 1.081449119645288892e+00
1.081368998431230466e+00 1.081368998431230466e+00 1.081368998431230466e+00 1.081368998431230466e+00 1.081368998431230466e+00 1.081368998431230466e+00 1.081368998431230466e+00 1.081368998431230466e+00 1.081368998431230466e+00 1.081368998431230466e+00 1.081368998431230466e+00 1.081368998431230466e+00 1.081368998431230466e+00 1.081368998431230466e+00 1.081368998431230466e+00 1.081368998431230466e+00 1.081368998431230466e+00 1.081368998431230466e+00 1.081368998431230466e+00 1.081368998431230466e+00 1.081368998431230466e+00 1.081368998431230466e+00 1.081368998431230466e+00 1.081368998431230466e+00
1.081368971917831656e+00 1.081368971917831656e+00 1.081368971917831656e+00 1.081368971917831656e+00 1.081368971917831656e+00 1.081368971917831656e+00 1.081368971917831656e+00 1.081368971917831656e+00 1.081368971917831656e+00 1.081368971917831656e+00 1.081368971917831656e+00 1.081368971917831656e+00 1.081368971917831656e+00 1.081368971917831656e+00 1.081368971917831656e+00 1.081368971917831656e+00 1.081368971917831656e+00 1.081368971917831656e+00 1.081368971917831656e+00 1.081368971917831656e+00 1.081368971917831656e+00 1.081368971917831656e+00 1.081368971917831656e+00 1.081368971917831656e+00
1.081454281102577131e+00 1.081454281102577131e+00 1.081454281102577131e+00 1.081454281102577131e+00 1.081454281102577131e+00 1.081454281102577131e+00 1.081454281102577131e+00 1.081454281102577131e+00 1.081454281102577131e+00 1.081454281102577131e+00 1.081454281102577131e+00 1.081454281102577131e+00 1.081454281102577131e+00 1.081454281102577131e+00 1.081454281102577131e+00 1.081454281102577131e+00 1.081454281102577131e+00 1.081454281102577131e+00 1.081454281102577131e+00 1.081454281102577131e+00 1.081454281102577131e+00 1.081454281102577131e+00 1.081454281102577131e+00 1.081454281102577131e+00
1.081522888038789709e+00 1.081522888038789709e+00 1.081522888038789709e+00 1.081522888038789709e+00 1.081522888038789709e+00 1.081522888038789709e+00 1.081522888038789709e+00 1.081522888038789709e+00 1.081522888038789709e+00 1.081522888038789709e+00 1.081522888038789709e+00 1.081522888038789709e+00 1.081522888038789709e+00 1.081522888038789709e+00 1.081522888038789709e+00 1.081522888038789709e+00 1.081522888038789709e+00 1.081522888038789709e+00 1.081522888038789709e+00 1.081522888038789709e+00 1.081522888038789709e+00 1.081522888038789709e+00 1.081522888038789709e+00 1.081522888038789709e+00
1.081477593922116620e+00 1.081477593922116620e+00 1.081477593922116620e+00 1.081477593922116620e+00 1.081477593922116620e+00 1.081477593922116620e+00 1.081477593922116620e+00 1.081477593922116620e+00 1.081477593922116620e+00 1.081477593922116620e+00 1.081477593922116620e+00 1.081477593922116620e+00 1.081477593922116620e+00 1.081477593922116620e+00 1.081477593922116620e+00 1.081477593922116620e+00 1.081477593922116620e+00 1.081477593922116620e+00 1.081477593922116620e+00 1.081477593922116620e+00 1.081477593922116620e+00 1.081477593922116620e+00 1.081477593922116620e+00 1.081477593922116620e+00
1.081479281406430015e+00 1.081479281406430015e+00 1.081479281406430015e+00 1.081479281406430015e+00 1.081479281406430015e+00 1.081479281406430015e+00 1.081479281406430015e+00 1.081479281406430015e+00 1.081479281406430015e+00 1.081479281406430015e+00 1.081479281406430015e+00 1.081479281406430015e+00 1.081479281406430015e+00 1.081479281406430015e+00 1.081479281406430015e+00 1.081479281406430015e+00 1.081479281406430015e+00 1.081479281406430015e+00 1.081479281406430015e+00 1.081479281406430015e+00 1.081479281406430015e+00 1.081479281406430015e+00 1.081479281406430015e+00 1.081479281406430015e+00
1.081489207423756316e+00 1.081489207423756316e+00 1.081489207423756316e+00 1.081489207423756316e+00 1.081489207423756316e+00 1.081489207423756316e+00 1.081489207423756316e+00 1.081489207423756316e+00 1.081489207423756316e+00 1.081489207423756316e+00 1.081489207423756316e+00 1.081489207423756316e+00 1.081489207423756316e+00 1.081489207423756316e+00 1.081489207423756316e+00 1.081489207423756316e+00 1.081489207423756316e+00 1.081489207423756316e+00 1.081489207423756316e+00 1.081489207423756316e+00 1.081489207423756316e+00 1.081489207423756316e+00 1.081489207423756316e+00 1.081489207423756316e+00
1.081455674255042076e+00 1.081455674255042076e+00 1.081455674255042076e+00 1.081455674255042076e+00 1.081455674255042076e+00 1.081455674255042076e+00 1.081455674255042076e+00 1.081455674255042076e+00 1.081455674255042076e+00 1.081455674255042076e+00 1.081455674255042076e+00 1.081455674255042076e+00 1.081455674255042076e+00 1.081455674255042076e+00 1.081455674255042076e+00 1.081455674255042076e+00 1.081455674255042076e+00 1.081455674255042076e+00 1.081455674255042076e+00 1.081455674255042076e+00 1.081455674255042076e+00 1.081455674255042076e+00 1.081455674255042076e+00 1.081455674255042076e+00
1.081396187970665279e+00 1.081396187970665279e+00 1.081396187970665279e+00 1.081396187970665279e+00 1.081396187970665279e+00 1.081396187970665279e+00 1.081396187970665279e+00 1.081396187970665279e+00 1.081396187970665279e+00 1.081396187970665279e+00 1.081396187970665279e+00 1.081396187970665279e+00 1.081396187970665279e+00 1.081396187970665279e+00 1.081396187970665279e+00 1.081396187970665279e+00 1.081396187970665279e+00 1.081396187970665279e+00 1.081396187970665279e+00 1.081396187970665279e+00 1.081396187970665279e+00 1.081396187970665279e+00 1.081396187970665279e+00 1.081396187970665279e+00
1.081324243927275441e+00 1.081324243927275441e+00 1.081324243927275441e+00 1.081324243927275441e+00 1.081324243927275441e+00 1.081324243927275441e+00 1.081324243927275441e+00 1.081324243927275441e+00 1.081324243927275441e+00 1.081324243927275441e+00 1.081324243927275441e+00 1.081324243927275441e+00 1.081324243927275441e+00 1.081324243927275441e+00 1.081324243927275441e+00 1.081324243927275441e+00 1.081324243927275441e+00 1.081324243927275441e+00 1.081324243927275441e+00 1.081324243927275441e+00 1.081324243927275441e+00 1.081324243927275441e+00 1.081324243927275441e+00 1.081324243927275441e+00
1.081460374037867433e+00 1.081460374037867433e+00 1.081460374037867433e+00 1.081460374037867433e+00 1.081460374037867433e+00 1.081460374037867433e+00 1.081460374037867433e+00 1.081460374037867433e+00 1.081460374037867433e+00 1.081460374037867433e+00 1.081460374037867433e+00 1.081460374037867433e+00 1.081460374037867433e+00 1.081460374037867433e+00 1.081460374037867433e+00 1.081460374037867433e+00 1.081460374037867433e+00 1.081460374037867433e+00 1.081460374037867433e+00 1.081460374037867433e+00 1.081460374037867433e+00 1.081460374037867433e+00 1.081460374037867433e+00 1.081460374037867433e+00
1.081334280790900104e+00 1.081334280790900104e+00 1.081334280790900104e+00 1.081334280790900104e+00 1.081334280790900104e+00 1.081334280790900104e+00 1.081334280790900104e+00 1.081334280790900104e+00 1.081334280790900104e+00 1.081334280790900104e+00 1.081334280790900104e+00 1.081334280790900104e+00 1.081334280790900104e+00 1.081334280790900104e+00 1.081334280790900104e+00 1.081334280790900104e+00 1.081334280790900104e+00 1.081334280790900104e+00 1.081334280790900104e+00 1.081334280790900104e+00 1.081334280790900104e+00 1.081334280790900104e+00 1.081334280790900104e+00 1.081334280790900104e+00
1.081428629249292062e+00 1.081428629249292062e+00 1.081428629249292062e+00 1.081428629249292062e+00 1.081428629249292062e+00 1.081428629249292062e+00 1.081428629249292062e+00 1.081428629249292062e+00 1.081428629249292062e+00 1.081428629249292062e+00 1.081428629249292062e+00 1.081428629249292062e+00 1.081428629249292062e+00 1.081428629249292062e+00 1.081428629249292062e+00 1.081428629249292062e+00 1.081428629249292062e+00 1.081428629249292062e+00 1.081428629249292062e+00 1.081428629249292062e+00 1.081428629249292062e+00 1.081428629249292062e+00 1.081428629249292062e+00 1.081428629249292062e+00
1.081458832433129125e+00 1.081458832433129125e+00 1.081458832433129125e+00 1.081458832433129125e+00 1.081458832433129125e+00 1.081458832433129125e+00 1.081458832433129125e+00 1.081458832433129125e+00 1.081458832433129125e+00 1.081458832433129125e+00 1.081458832433129125e+00 1.081458832433129125e+00 1.081458832433129125e+00 1.081458832433129125e+00 1.081458832433129125e+00 1.081458832433129125e+00 1.081458832433129125e+00 1.081458832433129125e+00 1.081458832433129125e+00 1.081458832433129125e+00 1.081458832433129125e+00 1.081458832433129125e+00 1.081458832433129125e+00 1.081458832433129125e+00
1.081468022725371902e+00 1.081468022725371902e+00 1.081468022725371902e+00 1.081468022725371902e+00 1.081468022725371902e+00 1.081468022725371902e+00 1.081468022725371902e+00 1.081468022725371902e+00 1.081468022725371902e+00 1.081468022725371902e+00 1.081468022725371902e+00 1.081468022725371902e+00 1.081468022725371902e+00 1.081468022725371902e+00 1.081468022725371902e+00 1.081468022725371902e+00 1.081468022725371902e+00 1.081468022725371902e+00 1.081468022725371902e+00 1.081468022725371902e+00 1.081468022725371902e+00 1.081468022725371902e+00 1.081468022725371902e+00 1.081468022725371902e+00
1.081453653269667026e+00 1.081453653269667026e+00 1.081453653269667026e+00 1.081453653269667026e+00 1.081453653269667026e+00 1.081453653269667026e+00 1.081453653269667026e+00 1.081453653269667026e+00 1.081453653269667026e+00 1.081453653269667026e+00 1.081453653269667026e+00 1.081453653269667026e+00 1.081453653269667026e+00 1.081453653269667026e+00 1.081453653269667026e+00 1.081453653269667026e+00 1.081453653269667026e+00 1.081453653269667026e+00 1.081453653269667026e+00 1.081453653269667026e+00 1.081453653269667026e+00 1.081453653269667026e+00 1.081453653269667026e+00 1.081453653269667026e+00
1.081501155956651639e+00 1.081501155956651639e+00 1.081501155956651639e+00 1.081501155956651639e+00 1.081501155956651639e+00 1.081501155956651639e+00 1.081501155956651639e+00 1.081501155956651639e+00 1.081501155956651639e+00 1.081501155956651639e+00 1.081501155956651639e+00 1.081501155956651639e+00 1.081501155956651639e+00 1.081501155956651639e+00 1.081501155956651639e+00 1.081501155956651639e+00 1.081501155956651639e+00 1.081501155956651639e+00 1.081501155956651639e+00 1.081501155956651639e+00 1.081501155956651639e+00 1.081501155956651639e+00 1.081501155956651639e+00 1.081501155956651639e+00
1.081445826268227828e+00 1.081445826268227828e+00 1.081445826268227828e+00 1.081445826268227828e+00 1.081445826268227828e+00 1.081445826268227828e+00 1.081445826268227828e+00 1.081445826268227828e+00 1.081445826268227828e+00 1.081445826268227828e+00 1.081445826268227828e+00 1.081445826268227828e+00 1.081445826268227828e+00 1.081445826268227828e+00 1.081445826268227828e+00 1.081445826268227828e+00 1.081445826268227828e+00 1.081445826268227828e+00 1.081445826268227828e+00 1.081445826268227828e+00 1.081445826268227828e+00 1.081445826268227828e+00 1.081445826268227828e+00 1.081445826268227828e+00
1.081505728078550721e+00 1.081505728078550721e+00 1.081505728078550721e+00 1.081505728078550721e+00 1.081505728078550721e+00 1.081505728078550721e+00 1.081505728078550721e+00 1.081505728078550721e+00 1.081505728078550721e+00 1.081505728078550721e+00 1.081505728078550721e+00 1.081505728078550721e+00 1.081505728078550721e+00 1.081505728078550721e+00 1.081505728078550721e+00 1.081505728078550721e+00 1.081505728078550721e+00 1.081505728078550721e+00 1.081505728078550721e+00 1.081505728078550721e+00 1.081505728078550721e+00 1.081505728078550721e+00 1.081505728078550721e+00 1.081505728078550721e+00
1.081601127865564838e+00 1.081601127865564838e+00 1.081601127865564838e+00 1.081601127865564838e+00 1.081601127865564838e+00 1.081601127865564838e+00 1.081601127865564838e+00 1.081601127865564838e+00 1.081601127865564838e+00 1.081601127865564838e+00 1.081601127865564838e+00 1.081601127865564838e+00 1.081601127865564838e+00 1.081601127865564838e+00 1.081601127865564838e+00 1.081601127865564838e+00 1.081601127865564838e+00 1.081601127865564838e+00 1.081601127865564838e+00 1.081601127865564838e+00 1.081601127865564838e+00 1.081601127865564838e+00 1.081601127865564838e+00 1.081601127865564838e+00
1.081437142026320242e+00 1.081437142026320242e+00 1.081437142026320242e+00 1.081437142026320242e+00 1.081437142026320242e+00 1.081437142026320242e+00 1.081437142026320242e+00 1.081437142026320242e+00 1.081437142026320242e+00 1.081437142026320242e+00 1.081437142026320242e+00 1.081437142026320242e+00 1.081437142026320242e+00 1.081437142026320242e+00 1.081437142026320242e+00 1.081437142026320242e+00 1.081437142026320242e+00 1.081437142026320242e+00 1.081437142026320242e+00 1.081437142026320242e+00 1.081437142026320242e+00 1.081437142026320242e+00 1.081437142026320242e+00 1.081437142026320242e+00
1.081326798167982828e+00 1.081326798167982828e+00 1.081326798167982828e+00 1.081326798167982828e+00 1.081326798167982828e+00 1.081326798167982828e+00 1.081326798167982828e+00 1.081326798167982828e+00 1.081326798167982828e+00 1.081326798167982828e+00 1.081326798167982828e+00 1.081326798167982828e+00 1.081326798167982828e+00 1.081326798167982828e+00 1.081326798167982828e+00 1.081326798167982828e+00 1.081326798167982828e+00 1.081326798167982828e+00 1.081326798167982828e+00 1.081326798167982828e+00 1.081326798167982828e+00 1.081326798167982828e+00 1.081326798167982828e+00 1.081326798167982828e+00
1.081443772831183425e+00 1.081443772831183425e+00 1.081443772831183425e+00 1.081443772831183425e+00 1.081443772831183425e+00 1.081443772831183425e+00 1.081443772831183425e+00 1.081443772831183425e+00 1.081443772831183425e+00 1.081443772831183425e+00 1.081443772831183425e+00 1.081443772831183425e+00 1.081443772831183425e+00 1.081443772831183425e+00 1.081443772831183425e+00 1.081443772831183425e+00 1.081443772831183425e+00 1.081443772831183425e+00 1.081443772831183425e+00 1.081443772831183425e+00 1.081443772831183425e+00 1.081443772831183425e+00 1.081443772831183425e+00 1.081443772831183425e+00
1.081441964606918660e+00 1.081441964606918660e+00 1.081441964606918660e+00 1.081441964606918660e+00 1.081441964606918660e+00 1.081441964606918660e+00 1.081441964606918660e+00 1.081441964606918660e+00 1.081441964606918660e+00 1.081441964606918660e+00 1.081441964606918660e+00 1.081441964606918660e+00 1.081441964606918660e+00 1.081441964606918660e+00 1.081441964606918660e+00 1.081441964606918660e+00 1.081441964606918660e+00 1.081441964606918660e+00 1.081441964606918660e+00 1.081441964606918660e+00 1.081441964606918660e+00 1.081441964606918660e+00 1.081441964606918660e+00 1.081441964606918660e+00
1.081553384226987102e+00 1.081553384226987102e+00 1.081553384226987102e+00 1.081553384226987102e+00 1.081553384226987102e+00 1.081553384226987102e+00 1.081553384226987102e+00 1.081553384226987102e+00 1.081553384226987102e+00 1.081553384226987102e+00 1.081553384226987102e+00 1.081553384226987102e+00 1.081553384226987102e+00 1.081553384226987102e+00 1.081553384226987102e+00 1.081553384226987102e+00 1.081553384226987102e+00 1.081553384226987102e+00 1.081553384226987102e+00 1.081553384226987102e+00 1.081553384226987102e+00 1.081553384226987102e+00 1.081553384226987102e+00 1.081553384226987102e+00
1.081355557207645646e+00 1.081355557207645646e+00 1.081355557207645646e+00 1.081355557207645646e+00 1.081355557207645646e+00 1.081355557207645646e+00 1.081355557207645646e+00 1.081355557207645646e+00 1.081355557207645646e+00 1.081355557207645646e+00 1.081355557207645646e+00 1.081355557207645646e+00 1.081355557207645646e+00 1.081355557207645646e+00 1.081355557207645646e+00 1.081355557207645646e+00 1.081355557207645646e+00 1.081355557207645646e+00 1.081355557207645646e+00 1.081355557207645646e+00 1.081355557207645646e+00 1.081355557207645646e+00 1.081355557207645646e+00 1.081355557207645646e+00
1.081400870787636359e+00 1.081400870787636359e+00 1.081400870787636359e+00 1.081400870787636359e+00 1.081400870787636359e+00 1.081400870787636359e+00 1.081400870787636359e+00 1.081400870787636359e+00 1.081400870787636359e+00 1.081400870787636359e+00 1.081400870787636359e+00 1.081400870787636359e+00 1.081400870787636359e+00 1.081400870787636359e+00 1.081400870787636359e+00 1.081400870787636359e+00 1.081400870787636359e+00 1.081400870787636359e+00 1.081400870787636359e+00 1.081400870787636359e+00 1.081400870787636359e+00 1.081400870787636359e+00 1.081400870787636359e+00 1.081400870787636359e+00
1.081368782886073410e+00 1.081368782886073410e+00 1.081368782886073410e+00 1.081368782886073410e+00 1.081368782886073410e+00 1.081368782886073410e+00 1.081368782886073410e+00 1.081368782886073410e+00 1.081368782886073410e+00 1.081368782886073410e+00 1.081368782886073410e+00 1.081368782886073410e+00 1.081368782886073410e+00 1.081368782886073410e+00 1.081368782886073410e+00 1.081368782886073410e+00 1.081368782886073410e+00 1.081368782886073410e+00 1.081368782886073410e+00 1.081368782886073410e+00 1.081368782886073410e+00 1.081368782886073410e+00 1.081368782886073410e+00 1.081368782886073410e+00
1.081576335712872261e+00 1.081576335712872261e+00 1.081576335712872261e+00 1.081576335712872261e+00 1.081576335712872261e+00 1.081576335712872261e+00 1.081576335712872261e+00 1.081576335712872261e+00 1.081576335712872261e+00 1.081576335712872261e+00 1.081576335712872261e+00 1.081576335712872261e+00 1.081576335712872261e+00 1.081576335712872261e+00 1.081576335712872261e+00 1.081576335712872261e+00 1.081576335712872261e+00 1.081576335712872261e+00 1.081576335712872261e+00 1.081576335712872261e+00 1.081576335712872261e+00 1.081576335712872261e+00 1.081576335712872261e+00 1.081576335712872261e+00
1.081453508753577042e+00 1.081453508753577042e+00 1.081453508753577042e+00 1.081453508753577042e+00 1.081453508753577042e+00 1.081453508753577042e+00 1.081453508753577042e+00 1.081453508753577042e+00 1.081453508753577042e+00 1.081453508753577042e+00 1.081453508753577042e+00 1.081453508753577042e+00 1.081453508753577042e+00 1.081453508753577042e+00 1.081453508753577042e+00 1.081453508753577042e+00 1.081453508753577042e+00 1.081453508753577042e+00 1.081453508753577042e+00 1.081453508753577042e+00 1.081453508753577042e+00 1.081453508753577042e+00 1.081453508753577042e+00 1.081453508753577042e+00
1.081504044873908610e+00 1.081504044873908610e+00 1.081504044873908610e+00 1.081504044873908610e+00 1.081504044873908610e+00 1.081504044873908610e+00 1.081504044873908610e+00 1.081504044873908610e+00 1.081504044873908610e+00 1.081504044873908610e+00 1.081504044873908610e+00 1.081504044873908610e+00 1.081504044873908610e+00 1.081504044873908610e+00 1.081504044873908610e+00 1.081504044873908610e+00 1.081504044873908610e+00 1.081504044873908610e+00 1.081504044873908610e+00 1.081504044873908610e+00 1.081504044873908610e+00 1.081504044873908610e+00 1.081504044873908610e+00 1.081504044873908610e+00
1.081787738894139927e+00 1.081787738894139927e+00 1.081787738894139927e+00 1.081787738894139927e+00 1.081787738894139927e+00 1.081787738894139927e+00 1.081787738894139927e+00 1.081787738894139927e+00 1.081787738894139927e+00 1.081787738894139927e+00 1.081787738894139927e+00 1.081787738894139927e+00 1.081787738894139927e+00 1.081787738894139927e+00 1.081787738894139927e+00 1.081787738894139927e+00 1.081787738894139927e+00 1.081787738894139927e+00 1.081787738894139927e+00 1.081787738894139927e+00 1.081787738894139927e+00 1.081787738894139927e+00 1.081787738894139927e+00 1.081787738894139927e+00
1.081421063028492169e+00 1.081421063028492169e+00 1.081421063028492169e+00 1.081421063028492169e+00 1.081421063028492169e+00 1.081421063028492169e+00 1.081421063028492169e+00 1.081421063028492169e+00 1.081421063028492169e+00 1.081421063028492169e+00 1.081421063028492169e+00 1.081421063028492169e+00 1.081421063028492169e+00 1.081421063028492169e+00 1.081421063028492169e+00 1.081421063028492169e+00 1.081421063028492169e+00 1.081421063028492169e+00 1.081421063028492169e+00 1.081421063028492169e+00 1.081421063028492169e+00 1.081421063028492169e+00 1.081421063028492169e+00 1.081421063028492169e+00
1.081545852827132448e+00 1.081545852827132448e+00 1.081545852827132448e+00 1.081545852827132448e+00 1.081545852827132448e+00 1.081545852827132448e+00 1.081545852827132448e+00 1.081545852827132448e+00 1.081545852827132448e+00 1.081545852827132448e+00 1.081545852827132448e+00 1.081545852827132448e+00 1.081545852827132448e+00 1.081545852827132448e+00 1.081545852827132448e+00 1.081545852827132448e+00 1.081545852827132448e+00 1.081545852827132448e+00 1.081545852827132448e+00 1.081545852827132448e+00 1.081545852827132448e+00 1.081545852827132448e+00 1.081545852827132448e+00 1.081545852827132448e+00
1.081493562275244180e+00 1.081493562275244180e+00 1.081493562275244180e+00 1.081493562275244180e+00 1.081493562275244180e+00 1.081493562275244180e+00 1.081493562275244180e+00 1.081493562275244180e+00 1.081493562275244180e+00 1.081493562275244180e+00 1.081493562275244180e+00 1.081493562275244180e+00 1.081493562275244180e+00 1.081493562275244180e+00 1.081493562275244180e+00 1.081493562275244180e+00 1.081493562275244180e+00 1.081493562275244180e+00 1.081493562275244180e+00 1.081493562275244180e+00 1.081493562275244180e+00 1.081493562275244180e+00 1.081493562275244180e+00 1.081493562275244180e+00
1.081486277101362692e+00 1.081486277101362692e+00 1.081486277101362692e+00 1.081486277101362692e+00 1.081486277101362692e+00 1.081486277101362692e+00 1.081486277101362692e+00 1.081486277101362692e+00 1.081486277101362692e+00 1.081486277101362692e+00 1.081486277101362692e+00 1.081486277101362692e+00 1.081486277101362692e+00 1.081486277101362692e+00 1.081486277101362692e+00 1.081486277101362692e+00 1.081486277101362692e+00 1.081486277101362692e+00 1.081486277101362692e+00 1.081486277101362692e+00 1.081486277101362692e+00 1.081486277101362692e+00 1.081486277101362692e+00 1.081486277101362692e+00
1.081496347770693145e+00 1.081496347770693145e+00 1.081496347770693145e+00 1.081496347770693145e+00 1.081496347770693145e+00 1.081496347770693145e+00 1.081496347770693145e+00 1.081496347770693145e+00 1.081496347770693145e+00 1.081496347770693145e+00 1.081496347770693145e+00 1.081496347770693145e+00 1.081496347770693145e+00 1.081496347770693145e+00 1.081496347770693145e+00 1.081496347770693145e+00 1.081496347770693145e+00 1.081496347770693145e+00 1.081496347770693145e+00 1.081496347770693145e+00 1.081496347770693145e+00 1.081496347770693145e+00 1.081496347770693145e+00 1.081496347770693145e+00
