1.081443789676260980e+00 1.081443789676260980e+00 1.081443789676260980e+00 1.081443789676260980e+00 1.081443789676260980e+00 1.081443789676260980e+00 1.081443789676260980e+00 1.081443789676260980e+00 1.081443789676260980e+00 1.081443789676260980e+00 1.081443789676260980e+00 1.081443789676260980e+00 1.081443789676260980e+00 1.081443789676260980e+00 1.081443789676260980e+00 1.081443789676260980e+00 1.081443789676260980e+00 1.081443789676260980e+00 1.081443789676260980e+00 1.081443789676260980e+00 1.081443789676260980e+00 1.081443789676260980e+00 1.081443789676260980e+00 1.081443789676260980e+00
1.081328522651300750e+00 1.081328522651300750e+00 1.081328522651300750e+00 1.081328522651300750e+00 1.081328522651300750e+00 1.081328522651300750e+00 1.081328522651300750e+00 1.081328522651300750e+00 1.081328522651300750e+00 1.081328522651300750e+00 1.081328522651300750e+00 1.081328522651300750e+00 1.081328522651300750e+00 1.081328522651300750e+00 1.081328522651300750e+00 1.081328522651300750e+00 1.081328522651300750e+00 1.081328522651300750e+00 1.081328522651300750e+00 1.081328522651300750e+00 1.081328522651300750e+00 1.081328522651300750e+00 1.081328522651300750e+00 1.081328522651300750e+00
1.081408821783852225e+00 1.081408821783852225e+00 1.081408821783852225e+00 1.081408821783852225e+00 1.081408821783852225e+00 1.081408821783852225e+00 1.081408821783852225e+00 1.081408821783852225e+00 1.081408821783852225e+00 1.081408821783852225e+00 1.081408821783852225e+00 1.081408821783852225e+00 1.081408821783852225e+00 1.081408821783852225e+00 1.081408821783852225e+00 1.081408821783852225e+00 1.081408821783852225e+00 1.081408821783852225e+00 1.081408821783852225e+00 1.081408821783852225e+00 1.081408821783852225e+00 1.081408821783852225e+00 1.081408821783852225e+00 1.081408821783852225e+00
1.081393111270722240e+00 1.081393111270722240e+00 1.081393111270722240e+00 1.081393111270722240e+00 1.081393111270722240e+00 1.081393111270722240e+00 1.081393111270722240e+00 1.081393111270722240e+00 1.081393111270722240e+00 1.081393111270722240e+00 1.081393111270722240e+00 1.081393111270722240e+00 1.081393111270722240e+00 1.081393111270722240e+00 1.081393111270722240e+00 1.081393111270722240e+00 1.081393111270722240e+00 1.081393111270722240e+00 1.081393111270722240e+00 1.081393111270722240e+00 1.081393111270722240e+00 1.081393111270722240e+00 1.081393111270722240e+00 1.081393111270722240e+00
1.081532563282351367e+00 1.081532563282351367e+00 1.081532563282351367e+00 1.081532563282351367e+00 1.081532563282351367e+00 1.081532563282351367e+00 1.081532563282351367e+00 1.081532563282351367e+00 1.081532563282351367e+00 1.081532563282351367e+00 1.081532563282351367e+00 1.081532563282351367e+00 1.081532563282351367e+00 1.081532563282351367e+00 1.081532563282351367e+00 1.081532563282351367e+00 1.081532563282351367e+00 1.081532563282351367e+00 1.081532563282351367e+00 1.081532563282351367e+00 1.081532563282351367e+00 1.081532563282351367e+00 1.081532563282351367e+00 1.081532563282351367e+00
1.081494126578640191e+00 1.081494126578640191e+00 1.081494126578640191e+00 1.081494126578640191e+00 1.081494126578640191e+00 1.081494126578640191e+00 1.081494126578640191e+00 1.081494126578640191e+00 1.081494126578640191e+00 1.081494126578640191e+00 1.081494126578640191e+00 1.081494126578640191e+00 1.081494126578640191e+00 1.081494126578640191e+00 1.081494126578640191e+00 1.081494126578640191e+00 1.081494126578640191e+00 1.081494126578640191e+00 1.081494126578640191e+00 1.081494126578640191e+00 1.081494126578640191e+00 1.081494126578640191e+00 1.081494126578640191e+00 1.081494126578640191e+00
1.081377863184136645e+00 1.081377863184136645e+00 1.081377863184136645e+00 1.081377863184136645e+00 1.081377863184136645e+00 1.081377863184136645e+00 1.081377863184136645e+00 1.081377863184136645e+00 1.081377863184136645e+00 1.081377863184136645e+00 1.081377863184136645e+00 1.081377863184136645e+00 1.081377863184136645e+00 1.081377863184136645e+00 1.081377863184136645e+00 1.081377863184136645e+00 1.081377863184136645e+00 1.081377863184136645e+00 1.081377863184136645e+00 1.081377863184136645e+00 1.081377863184136645e+00 1.081377863184136645e+00 1.081377863184136645e+00 1.081377863184136645e+00
1.081552566811519123e+00 1.081552566811519123e+00 1.081552566811519123e+00 1.081552566811519123e+00 1.081552566811519123e+00 1.081552566811519123e+00 1.081552566811519123e+00 1.081552566811519123e+00 1.081552566811519123e+00 1.081552566811519123e+00 1.081552566811519123e+00 1.081552566811519123e+00 1.081552566811519123e+00 1.081552566811519123e+00 1.081552566811519123e+00 1.081552566811519123e+00 1.081552566811519123e+00 1.081552566811519123e+00 1.081552566811519123e+00 1.081552566811519123e+00 1.081552566811519123e+00 1.081552566811519123e+00 1.081552566811519123e+00 1.081552566811519123e+00
1.081492827299538551e+00 1.081492827299538551e+00 1.081492827299538551e+00 1.081492827299538551e+00 1.081492827299538551e+00 1.081492827299538551e+00 1.081492827299538551e+00 1.081492827299538551e+00 1.081492827299538551e+00 1.081492827299538551e+00 1.081492827299538551e+00 1.081492827299538551e+00 1.081492827299538551e+00 1.081492827299538551e+00 1.081492827299538551e+00 1.081492827299538551e+00 1.081492827299538551e+00 1.081492827299538551e+00 1.081492827299538551e+00 1.081492827299538551e+00 1.081492827299538551e+00 1.081492827299538551e+00 1.081492827299538551e+00 1.081492827299538551e+00
1.081425533637516034e+00 1.081425533637516034e+00 1.081425533637516034e+00 1.081425533637516034e+00 1.081425533637516034e+00 1.081425533637516034e+00 1.081425533637516034e+00 1.081425533637516034e+00 1.081425533637516034e+00 1.081425533637516034e+00 1.081425533637516034e+00 1.081425533637516034e+00 1.081425533637516034e+00 1.081425533637516034e+00 1.081425533637516034e+00 1.081425533637516034e+00 1.081425533637516034e+00 1.081425533637516034e+00 1.081425533637516034e+00 1.081425533637516034e+00 1.081425533637516034e+00 1.081425533637516034e+00 1.081425533637516034e+00 1.081425533637516034e+00
1.081489244712454445e+00 1.081489244712454445e+00 1.081489244712454445e+00 1.081489244712454445e+00 1.081489244712454445e+00 1.081489244712454445e+00 1.081489244712454445e+00 1.081489244712454445e+00 1.081489244712454445e+00 1.081489244712454445e+00 1.081489244712454445e+00 1.081489244712454445e+00 1.081489244712454445e+00 1.081489244712454445e+00 1.081489244712454445e+00 1.081489244712454445e+00 1.081489244712454445e+00 1.081489244712454445e+00 1.081489244712454445e+00 1.081489244712454445e+00 1.081489244712454445e+00 1.081489244712454445e+00 1.081489244712454445e+00 1.081489244712454445e+00
1.081608513361899337e+00 1.081608513361899337e+00 1.081608513361899337e+00 1.081608513361899337e+00 1.081608513361899337e+00 1.081608513361899337e+00 1.081608513361899337e+00 1.081608513361899337e+00 1.081608513361899337e+00 1.081608513361899337e+00 1.081608513361899337e+00 1.081608513361899337e+00 1.081608513361899337e+00 1.081608513361899337e+00 1.081608513361899337e+00 1.081608513361899337e+00 1.081608513361899337e+00 1.081608513361899337e+00 1.081608513361899337e+00 1.081608513361899337e+00 1.081608513361899337e+00 1.081608513361899337e+00 1.081608513361899337e+00 1.081608513361899337e+00
1.081410727994281951e+00 1.081410727994281951e+00 1.081410727994281951e+00 1.081410727994281951e+00 1.081410727994281951e+00 1.081410727994281951e+00 1.081410727994281951e+00 1.081410727994281951e+00 1.081410727994281951e+00 1.081410727994281951e+00 1.081410727994281951e+00 1.081410727994281951e+00 1.081410727994281951e+00 1.081410727994281951e+00 1.081410727994281951e+00 1.081410727994281951e+00 1.081410727994281951e+00 1.081410727994281951e+00 1.081410727994281951e+00 1.081410727994281951e+00 1.081410727994281951e+00 1.081410727994281951e+00 1.081410727994281951e+00 1.081410727994281951e+00
1.081589378665689383e+00 1.081589378665689383e+00 1.081589378665689383e+00 1.081589378665689383e+00 1.081589378665689383e+00 1.081589378665689383e+00 1.081589378665689383e+00 1.081589378665689383e+00 1.081589378665689383e+00 1.081589378665689383e+00 1.081589378665689383e+00 1.081589378665689383e+00 1.081589378665689383e+00 1.081589378665689383e+00 1.081589378665689383e+00 1.081589378665689383e+00 1.081589378665689383e+00 1.081589378665689383e+00 1.081589378665689383e+00 1.081589378665689383e+00 1.081589378665689383e+00 1.081589378665689383e+00 1.081589378665689383e+00 1.081589378665689383e+00
1.081482499606186254e+00 1.081482499606186254e+00 1.081482499606186254e+00 1.081482499606186254e+00 1.081482499606186254e+00 1.081482499606186254e+00 1.081482499606186254e+00 1.081482499606186254e+00 1.081482499606186254e+00 1.081482499606186254e+00 1.081482499606186254e+00 1.081482499606186254e+00 1.081482499606186254e+00 1.081482499606186254e+00 1.081482499606186254e+00 1.081482499606186254e+00 1.081482499606186254e+00 1.081482499606186254e+00 1.081482499606186254e+00 1.081482499606186254e+00 1.081482499606186254e+00 1.081482499606186254e+00 1.081482499606186254e+00 1.081482499606186254e+00
1.081583825659568010e+00 1.081583825659568010e+00 1.081583825659568010e+00 1.081583825659568010e+00 1.081583825659568010e+00 1.081583825659568010e+00 1.081583825659568010e+00 1.081583825659568010e+00 1.081583825659568010e+00 1.081583825659568010e+00 1.081583825659568010e+00 1.081583825659568010e+00 1.081583825659568010e+00 1.081583825659568010e+00 1.081583825659568010e+00 1.081583825659568010e+00 1.081583825659568010e+00 1.081583825659568010e+00 1.081583825659568010e+00 1.081583825659568010e+00 1.081583825659568010e+00 1.081583825659568010e+00 1.081583825659568010e+00 1.081583825659568010e+00
1.081458138357002330e+00 1.081458138357002330e+00 1.081458138357002330e+00 1.081458138357002330e+00 1.081458138357002330e+00 1.081458138357002330e+00 1.081458138357002330e+00 1.081458138357002330e+00 1.081458138357002330e+00 1.081458138357002330e+00 1.081458138357002330e+00 1.081458138357002330e+00 1.081458138357002330e+00 1.081458138357002330e+00 1.081458138357002330e+00 1.081458138357002330e+00 1.081458138357002330e+00 1.081458138357002330e+00 1.081458138357002330e+00 1.081458138357002330e+00 1.081458138357002330e+00 1.081458138357002330e+00 1.081458138357002330e+00 1.081458138357002330e+00
1.081389717454188437e+00 1.081389717454188437e+00 1.081389717454188437e+00 1.081389717454188437e+00 1.081389717454188437e+00 1.081389717454188437e+00 1.081389717454188437e+00 1.081389717454188437e+00 1.081389717454188437e+00 1.081389717454188437e+00 1.081389717454188437e+00 1.081389717454188437e+00 1.081389717454188437e+00 1.081389717454188437e+00 1.081389717454188437e+00 1.081389717454188437e+00 1.081389717454188437e+00 1.081389717454188437e+00 1.081389717454188437e+00 1.081389717454188437e+00 1.081389717454188437e+00 1.081389717454188437e+00 1.081389717454188437e+00 1.081389717454188437e+00
1.081444887973119773e+00 1.081444887973119773e+00 1.081444887973119773e+00 1.081444887973119773e+00 1.081444887973119773e+00 1.081444887973119773e+00 1.081444887973119773e+00 1.081444887973119773e+00 1.081444887973119773e+00 1.081444887973119773e+00 1.081444887973119773e+00 1.081444887973119773e+00 1.081444887973119773e+00 1.081444887973119773e+00 1.081444887973119773e+00 1.081444887973119773e+00 1.081444887973119773e+00 1.081444887973119773e+00 1.081444887973119773e+00 1.081444887973119773e+00 1.081444887973119773e+00 1.081444887973119773e+00 1.081444887973119773e+00 1.081444887973119773e+00
1.081453472987362385e+00 1.081453472987362385e+00 1.081453472987362385e+00 1.081453472987362385e+00 1.081453472987362385e+00 1.081453472987362385e+00 1.081453472987362385e+00 1.081453472987362385e+00 1.081453472987362385e+00 1.081453472987362385e+00 1.081453472987362385e+00 1.081453472987362385e+00 1.081453472987362385e+00 1.081453472987362385e+00 1.081453472987362385e+00 1.081453472987362385e+00 1.081453472987362385e+00 1.081453472987362385e+00 1.081453472987362385e+00 1.081453472987362385e+00 1.081453472987362385e+00 1.081453472987362385e+00 1.081453472987362385e+00 1.081453472987362385e+00
1.081423551128723126e+00 1.081423551128723126e+00 1.081423551128723126e+00 1.081423551128723126e+00 1.081423551128723126e+00 1.081423551128723126e+00 1.081423551128723126e+00 1.081423551128723126e+00 1.081423551128723126e+00 1.081423551128723126e+00 1.081423551128723126e+00 1.081423551128723126e+00 1.081423551128723126e+00 1.081423551128723126e+00 1.081423551128723126e+00 1.081423551128723126e+00 1.081423551128723126e+00 1.081423551128723126e+00 1.081423551128723126e+00 1.081423551128723126e+00 1.081423551128723126e+00 1.081423551128723126e+00 1.081423551128723126e+00 1.081423551128723126e+00
1.081451323971072132e+00 1.081451323971072132e+00 1.081451323971072132e+00 1.081451323971072132e+00 1.081451323971072132e+00 1.081451323971072132e+00 1.081451323971072132e+00 1.081451323971072132e+00 1.081451323971072132e+00 1.081451323971072132e+00 1.081451323971072132e+00 1.081451323971072132e+00 1.081451323971072132e+00 1.081451323971072132e+00 1.081451323971072132e+00 1.081451323971072132e+00 1.081451323971072132e+00 1.081451323971072132e+00 1.081451323971072132e+00 1.081451323971072132e+00 1.081451323971072132e+00 1.081451323971072132e+00 1.081451323971072132e+00 1.081451323971072132e+00
1.081400978495705489e+00 1.081400978495705489e+00 1.081400978495705489e+00 1.081400978495705489e+00 1.081400978495705489e+00 1.081400978495705489e+00 1.081400978495705489e+00 1.081400978495705489e+00 1.081400978495705489e+00 1.081400978495705489e+00 1.081400978495705489e+00 1.081400978495705489e+00 1.081400978495705489e+00 1.081400978495705489e+00 1.081400978495705489e+00 1.081400978495705489e+00 1.081400978495705489e+00 1.081400978495705489e+00 1.081400978495705489e+00 1.081400978495705489e+00 1.081400978495705489e+00 1.081400978495705489e+00 1.081400978495705489e+00 1.081400978495705489e+00
1.081491857454510042e+00 1.081491857454510042e+00 1.081491857454510042e+00 1.081491857454510042e+00 1.081491857454510042e+00 1.081491857454510042e+00 1.081491857454510042e+00 1.081491857454510042e+00 1.081491857454510042e+00 1.081491857454510042e+00 1.081491857454510042e+00 1.081491857454510042e+00 1.081491857454510042e+00 1.081491857454510042e+00 1.081491857454510042e+00 1.081491857454510042e+00 1.081491857454510042e+00 1.081491857454510042e+00 1.081491857454510042e+00 1.081491857454510042e+00 1.081491857454510042e+00 1.081491857454510042e+00 1.081491857454510042e+00 1.081491857454510042e+00
1.081449693057969341e+00 1.081449693057969341e+00 1.081449693057969341e+00 1.081449693057969341e+00 1.081449693057969341e+00 1.081449693057969341e+00 1.081449693057969341e+00 1.081449693057969341e+00 1.081449693057969341e+00 1.081449693057969341e+00 1.081449693057969341e+00 1.081449693057969341e+00 1.081449693057969341e+00 1.081449693057969341e+00 1.081449693057969341e+00 1.081449693057969341e+00 1.081449693057969341e+00 1.081449693057969341e+00 1.081449693057969341e+00 1.081449693057969341e+00 1.081449693057969341e+00 1.081449693057969341e+00 1.081449693057969341e+00 1.081449693057969341e+00
1.081485627259905824e+00 1.081485627259905824e+00 1.081485627259905824e+00 1.081485627259905824e+00 1.081485627259905824e+00 1.081485627259905824e+00 1.081485627259905824e+00 1.081485627259905824e+00 1.081485627259905824e+00 1.081485627259905824e+00 1.081485627259905824e+00 1.081485627259905824e+00 1.081485627259905824e+00 1.081485627259905824e+00 1.081485627259905824e+00 1.081485627259905824e+00 1.081485627259905824e+00 1.081485627259905824e+00 1.081485627259905824e+00 1.081485627259905824e+00 1.081485627259905824e+00 1.081485627259905824e+00 1.081485627259905824e+00 1.081485627259905824e+00
1.081426809955072788e+00 1.081426809955072788e+00 1.081426809955072788e+00 1.081426809955072788e+00 1.081426809955072788e+00 1.081426809955072788e+00 1.081426809955072788e+00 1.081426809955072788e+00 1.081426809955072788e+00 1.081426809955072788e+00 1.081426809955072788e+00 1.081426809955072788e+00 1.081426809955072788e+00 1.081426809955072788e+00 1.081426809955072788e+00 1.081426809955072788e+00 1.081426809955072788e+00 1.081426809955072788e+00 1.081426809955072788e+00 1.081426809955072788e+00 1.081426809955072788e+00 1.081426809955072788e+00 1.081426809955072788e+00 1.081426809955072788e+00
1.081355781608289268e+00 1.081355781608289268e+00 1.081355781608289268e+00 1.081355781608289268e+00 1.081355781608289268e+00 1.081355781608289268e+00 1.081355781608289268e+00 1.081355781608289268e+00 1.081355781608289268e+00 1.081355781608289268e+00 1.081355781608289268e+00 1.081355781608289268e+00 1.081355781608289268e+00 1.081355781608289268e+00 1.081355781608289268e+00 1.081355781608289268e+00 1.081355781608289268e+00 1.081355781608289268e+00 1.081355781608289268e+00 1.081355781608289268e+00 1.081355781608289268e+00 1.081355781608289268e+00 1.081355781608289268e+00 1.081355781608289268e+00
1.081436758850615520e+00 1.081436758850615520e+00 1.081436758850615520e+00 1.081436758850615520e+00 1.081436758850615520e+00 1.081436758850615520e+00 1.081436758850615520e+00 1.081436758850615520e+00 1.081436758850615520e+00 1.081436758850615520e+00 1.081436758850615520e+00 1.081436758850615520e+00 1.081436758850615520e+00 1.081436758850615520e+00 1.081436758850615520e+00 1.081436758850615520e+00 1.081436758850615520e+00 1.081436758850615520e+00 1.081436758850615520e+00 1.081436758850615520e+00 1.081436758850615520e+00 1.081436758850615520e+00 1.081436758850615520e+00 1.081436758850615520e+00
1.081489932499072326e+00 1.081489932499072326e+00 1.081489932499072326e+00 1.081489932499072326e+00 1.081489932499072326e+00 1.081489932499072326e+00 1.081489932499072326e+00 1.081489932499072326e+00 1.081489932499072326e+00 1.081489932499072326e+00 1.081489932499072326e+00 1.081489932499072326e+00 1.081489932499072326e+00 1.081489932499072326e+00 1.081489932499072326e+00 1.081489932499072326e+00 1.081489932499072326e+00 1.081489932499072326e+00 1.081489932499072326e+00 1.081489932499072326e+00 1.081489932499072326e+00 1.081489932499072326e+00 1.081489932499072326e+00 1.081489932499072326e+00
1.081543706450537545e+00 1.081543706450537545e+00 1.081543706450537545e+00 1.081543706450537545e+00 1.081543706450537545e+00 1.081543706450537545e+00 1.081543706450537545e+00 1.081543706450537545e+00 1.081543706450537545e+00 1.081543706450537545e+00 1.081543706450537545e+00 1.081543706450537545e+00 1.081543706450537545e+00 1.081543706450537545e+00 1.081543706450537545e+00 1.081543706450537545e+00 1.081543706450537545e+00 1.081543706450537545e+00 1.081543706450537545e+00 1.081543706450537545e+00 1.081543706450537545e+00 1.081543706450537545e+00 1.081543706450537545e+00 1.081543706450537545e+00
1.081410220881278805e+00 1.081410220881278805e+00 1.081410220881278805e+00 1.081410220881278805e+00 1.081410220881278805e+00 1.081410220881278805e+00 1.081410220881278805e+00 1.081410220881278805e+00 1.081410220881278805e+00 1.081410220881278805e+00 1.081410220881278805e+00 1.081410220881278805e+00 1.081410220881278805e+00 1.081410220881278805e+00 1.081410220881278805e+00 1.081410220881278805e+00 1.081410220881278805e+00 1.081410220881278805e+00 1.081410220881278805e+00 1.081410220881278805e+00 1.081410220881278805e+00 1.081410220881278805e+00 1.081410220881278805e+00 1.081410220881278805e+00
1.081453109362668030e+00 1.081453109362668030e+00 1.081453109362668030e+00 1.081453109362668030e+00 1.081453109362668030e+00 1.081453109362668030e+00 1.081453109362668030e+00 1.081453109362668030e+00 1.081453109362668030e+00 1.081453109362668030e+00 1.081453109362668030e+00 1.081453109362668030e+00 1.081453109362668030e+00 1.081453109362668030e+00 1.081453109362668030e+00 1.081453109362668030e+00 1.081453109362668030e+00 1.081453109362668030e+00 1.081453109362668030e+00 1.081453109362668030e+00 1.081453109362668030e+00 1.081453109362668030e+00 1.081453109362668030e+00 1.081453109362668030e+00
1.081401921740368532e+00 1.081401921740368532e+00 1.081401921740368532e+00 1.081401921740368532e+00 1.081401921740368532e+00 1.081401921740368532e+00 1.081401921740368532e+00 1.081401921740368532e+00 1.081401921740368532e+00 1.081401921740368532e+00 1.081401921740368532e+00 1.081401921740368532e+00 1.081401921740368532e+00 1.081401921740368532e+00 1.081401921740368532e+00 1.081401921740368532e+00 1.081401921740368532e+00 1.081401921740368532e+00 1.081401921740368532e+00 1.081401921740368532e+00 1.081401921740368532e+00 1.081401921740368532e+00 1.081401921740368532e+00 1.081401921740368532e+00
1.081421722982796485e+00 1.081421722982796485e+00 1.081421722982796485e+00 1.081421722982796485e+00 1.081421722982796485e+00 1.081421722982796485e+00 1.081421722982796485e+00 1.081421722982796485e+00 1.081421722982796485e+00 1.081421722982796485e+00 1.081421722982796485e+00 1.081421722982796485e+00 1.081421722982796485e+00 1.081421722982796485e+00 1.081421722982796485e+00 1.081421722982796485e+00 1.081421722982796485e+00 1.081421722982796485e+00 1.081421722982796485e+00 1.081421722982796485e+00 1.081421722982796485e+00 1.081421722982796485e+00 1.081421722982796485e+00 1.081421722982796485e+00
1.081396831960812488e+00 1.081396831960812488e+00 1.081396831960812488e+00 1.081396831960812488e+00 1.081396831960812488e+00 1.081396831960812488e+00 1.081396831960812488e+00 1.081396831960812488e+00 1.081396831960812488e+00 1.081396831960812488e+00 1.081396831960812488e+00 1.081396831960812488e+00 1.081396831960812488e+00 1.081396831960812488e+00 1.081396831960812488e+00 1.081396831960812488e+00 1.081396831960812488e+00 1.081396831960812488e+00 1.081396831960812488e+00 1.081396831960812488e+00 1.081396831960812488e+00 1.081396831960812488e+00 1.081396831960812488e+00 1.081396831960812488e+00
1.081456513297985422e+00 1.081456513297985422e+00 1.081456513297985422e+00 1.081456513297985422e+00 1.081456513297985422e+00 1.081456513297985422e+00 1.081456513297985422e+00 1.081456513297985422e+00 1.081456513297985422e+00 1.081456513297985422e+00 1.081456513297985422e+00 1.081456513297985422e+00 1.081456513297985422e+00 1.081456513297985422e+00 1.081456513297985422e+00 1.081456513297985422e+00 1.081456513297985422e+00 1.081456513297985422e+00 1.081456513297985422e+00 1.081456513297985422e+00 1.081456513297985422e+00 1.081456513297985422e+00 1.081456513297985422e+00 1.081456513297985422e+00
1.081525576270631728e+00 1.081525576270631728e+00 1.081525576270631728e+00 1.081525576270631728e+00 1.081525576270631728e+00 1.081525576270631728e+00 1.081525576270631728e+00 1.081525576270631728e+00 1.081525576270631728e+00 1.081525576270631728e+00 1.081525576270631728e+00 1.081525576270631728e+00 1.081525576270631728e+00 1.081525576270631728e+00 1.081525576270631728e+00 1.081525576270631728e+00 1.081525576270631728e+00 1.081525576270631728e+00 1.081525576270631728e+00 1.081525576270631728e+00 1.081525576270631728e+00 1.081525576270631728e+00 1.081525576270631728e+00 1.081525576270631728e+00
1.081476759666733622e+00 1.081476759666733622e+00 1.081476759666733622e+00 1.081476759666733622e+00 1.081476759666733622e+00 1.081476759666733622e+00 1.081476759666733622e+00 1.081476759666733622e+00 1.081476759666733622e+00 1.081476759666733622e+00 1.081476759666733622e+00 1.081476759666733622e+00 1.081476759666733622e+00 1.081476759666733622e+00 1.081476759666733622e+00 1.081476759666733622e+00 1.081476759666733622e+00 1.081476759666733622e+00 1.081476759666733622e+00 1.081476759666733622e+00 1.081476759666733622e+00 1.081476759666733622e+00 1.081476759666733622e+00 1.081476759666733622e+00
1.081391318121680101e+00 1.081391318121680101e+00 1.081391318121680101e+00 1.081391318121680101e+00 1.081391318121680101e+00 1.081391318121680101e+00 1.081391318121680101e+00 1.081391318121680101e+00 1.081391318121680101e+00 1.081391318121680101e+00 1.081391318121680101e+00 1.081391318121680101e+00 1.081391318121680101e+00 1.081391318121680101e+00 1.081391318121680101e+00 1.081391318121680101e+00 1.081391318121680101e+00 1.081391318121680101e+00 1.081391318121680101e+00 1.081391318121680101e+00 1.081391318121680101e+00 1.081391318121680101e+00 1.081391318121680101e+00 1.081391318121680101e+00
1.081465414108382372e+00 1.081465414108382372e+00 1.081465414108382372e+00 1.081465414108382372e+00 1.081465414108382372e+00 1.081465414108382372e+00 1.081465414108382372e+00 1.081465414108382372e+00 1.081465414108382372e+00 1.081465414108382372e+00 1.081465414108382372e+00 1.081465414108382372e+00 1.081465414108382372e+00 1.081465414108382372e+00 1.081465414108382372e+00 1.081465414108382372e+00 1.081465414108382372e+00 1.081465414108382372e+00 1.081465414108382372e+00 1.081465414108382372e+00 1.081465414108382372e+00 1.081465414108382372e+00 1.081465414108382372e+00 1.081465414108382372e+00
1.081537047134673912e+00 1.081537047134673912e+00 1.081537047134673912e+00 1.081537047134673912e+00 1.081537047134673912e+00 1.081537047134673912e+00 1.081537047134673912e+00 1.081537047134673912e+00 1.081537047134673912e+00 1.081537047134673912e+00 1.081537047134673912e+00 1.081537047134673912e+00 1.081537047134673912e+00 1.081537047134673912e+00 1.081537047134673912e+00 1.081537047134673912e+00 1.081537047134673912e+00 1.081537047134673912e+00 1.081537047134673912e+00 1.081537047134673912e+00 1.081537047134673912e+00 1.081537047134673912e+00 1.081537047134673912e+00 1.081537047134673912e+00
1.081463699455255334e+00 1.081463699455255334e+00 1.081463699455255334e+00 1.081463699455255334e+00 1.081463699455255334e+00 1.081463699455255334e+00 1.081463699455255334e+00 1.081463699455255334e+00 1.081463699455255334e+00 1.081463699455255334e+00 1.081463699455255334e+00 1.081463699455255334e+00 1.081463699455255334e+00 1.081463699455255334e+00 1.081463699455255334e+00 1.081463699455255334e+00 1.081463699455255334e+00 1.081463699455255334e+00 1.081463699455255334e+00 1.081463699455255334e+00 1.081463699455255334e+00 1.081463699455255334e+00 1.081463699455255334e+00 1.081463699455255334e+00
1.081423807572713391e+00 1.081423807572713391e+00 1.081423807572713391e+00 1.081423807572713391e+00 1.081423807572713391e+00 1.081423807572713391e+00 1.081423807572713391e+00 1.081423807572713391e+00 1.081423807572713391e+00 1.081423807572713391e+00 1.081423807572713391e+00 1.081423807572713391e+00 1.081423807572713391e+00 1.081423807572713391e+00 1.081423807572713391e+00 1.081423807572713391e+00 1.081423807572713391e+00 1.081423807572713391e+00 1.081423807572713391e+00 1.081423807572713391e+00 1.081423807572713391e+00 1.081423807572713391e+00 1.081423807572713391e+00 1.081423807572713391e+00
1.081447732290674812e+00 1.081447732290674812e+00 1.081447732290674812e+00 1.081447732290674812e+00 1.081447732290674812e+00 1.081447732290674812e+00 1.081447732290674812e+00 1.081447732290674812e+00 1.081447732290674812e+00 1.081447732290674812e+00 1.081447732290674812e+00 1.081447732290674812e+00 1.081447732290674812e+00 1.081447732290674812e+00 1.081447732290674812e+00 1.081447732290674812e+00 1.081447732290674812e+00 1.081447732290674812e+00 1.081447732290674812e+00 1.081447732290674812e+00 1.081447732290674812e+00 1.081447732290674812e+00 1.081447732290674812e+00 1.081447732290674812e+00
1.081426025162664173e+00 1.081426025162664173e+00 1.081426025162664173e+00 1.081426025162664173e+00 1.081426025162664173e+00 1.081426025162664173e+00 1.081426025162664173e+00 1.081426025162664173e+00 1.081426025162664173e+00 1.081426025162664173e+00 1.081426025162664173e+00 1.081426025162664173e+00 1.081426025162664173e+00 1.081426025162664173e+00 1.081426025162664173e+00 1.081426025162664173e+00 1.081426025162664173e+00 1.081426025162664173e+00 1.081426025162664173e+00 1.081426025162664173e+00 1.081426025162664173e+00 1.081426025162664173e+00 1.081426025162664173e+00 1.081426025162664173e+00
1.081403279285319874e+00 1.081403279285319874e+00 1.081403279285319874e+00 1.081403279285319874e+00 1.081403279285319874e+00 1.081403279285319874e+00 1.081403279285319874e+00 1.081403279285319874e+00 1.081403279285319874e+00 1.081403279285319874e+00 1.081403279285319874e+00 1.081403279285319874e+00 1.081403279285319874e+00 1.081403279285319874e+00 1.081403279285319874e+00 1.081403279285319874e+00 1.081403279285319874e+00 1.081403279285319874e+00 1.081403279285319874e+00 1.081403279285319874e+00 1.081403279285319874e+00 1.081403279285319874e+00 1.081403279285319874e+00 1.081403279285319874e+00
1.081402656464266698e+00 1.081402656464266698e+00 1.081402656464266698e+00 1.081402656464266698e+00 1.081402656464266698e+00 1.081402656464266698e+00 1.081402656464266698e+00 1.081402656464266698e+00 1.081402656464266698e+00 1.081402656464266698e+00 1.081402656464266698e+00 1.081402656464266698e+00 1.081402656464266698e+00 1.081402656464266698e+00 1.081402656464266698e+00 1.081402656464266698e+00 1.081402656464266698e+00 1.081402656464266698e+00 1.081402656464266698e+00 1.081402656464266698e+00 1.081402656464266698e+00 1.081402656464266698e+00 1.081402656464266698e+00 1.081402656464266698e+00
1.081360374617977849e+00 1.081360374617977849e+00 1.081360374617977849e+00 1.081360374617977849e+00 1.081360374617977849e+00 1.081360374617977849e+00 1.081360374617977849e+00 1.081360374617977849e+00 1.081360374617977849e+00 1.081360374617977849e+00 1.081360374617977849e+00 1.081360374617977849e+00 1.081360374617977849e+00 1.081360374617977849e+00 1.081360374617977849e+00 1.081360374617977849e+00 1.081360374617977849e+00 1.081360374617977849e+00 1.081360374617977849e+00 1.081360374617977849e+00 1.081360374617977849e+00 1.081360374617977849e+00 1.081360374617977849e+00 1.081360374617977849e+00
1.081419861687697992e+00 1.081419861687697992e+00 1.081419861687697992e+00 1.081419861687697992e+00 1.081419861687697992e+00 1.081419861687697992e+00 1.081419861687697992e+00 1.081419861687697992e+00 1.081419861687697992e+00 1.081419861687697992e+00 1.081419861687697992e+00 1.081419861687697992e+00 1.081419861687697992e+00 1.081419861687697992e+00 1.081419861687697992e+00 1.081419861687697992e+00 1.081419861687697992e+00 1.081419861687697992e+00 1.081419861687697992e+00 1.081419861687697992e+00 1.081419861687697992e+00 1.081419861687697992e+00 1.081419861687697992e+00 1.081419861687697992e+00
1.081403204965955211e+00 1.081403204965955211e+00 1.081403204965955211e+00 1.081403204965955211e+00 1.081403204965955211e+00 1.081403204965955211e+00 1.081403204965955211e+00 1.081403204965955211e+00 1.081403204965955211e+00 1.081403204965955211e+00 1.081403204965955211e+00 1.081403204965955211e+00 1.081403204965955211e+00 1.081403204965955211e+00 1.081403204965955211e+00 1.081403204965955211e+00 1.081403204965955211e+00 1.081403204965955211e+00 1.081403204965955211e+00 1.081403204965955211e+00 1.081403204965955211e+00 1.081403204965955211e+00 1.081403204965955211e+00 1.081403204965955211e+00
1.081539545527198554e+00 1.081539545527198554e+00 1.081539545527198554e+00 1.081539545527198554e+00 1.081539545527198554e+00 1.081539545527198554e+00 1.081539545527198554e+00 1.081539545527198554e+00 1.081539545527198554e+00 1.081539545527198554e+00 1.081539545527198554e+00 1.081539545527198554e+00 1.081539545527198554e+00 1.081539545527198554e+00 1.081539545527198554e+00 1.081539545527198554e+00 1.081539545527198554e+00 1.081539545527198554e+00 1.081539545527198554e+00 1.081539545527198554e+00 1.081539545527198554e+00 1.081539545527198554e+00 1.081539545527198554e+00 1.081539545527198554e+00
1.081551179735016355e+00 1.081551179735016355e+00 1.081551179735016355e+00 1.081551179735016355e+00 1.081551179735016355e+00 1.081551179735016355e+00 1.081551179735016355e+00 1.081551179735016355e+00 1.081551179735016355e+00 1.081551179735016355e+00 1.081551179735016355e+00 1.081551179735016355e+00 1.081551179735016355e+00 1.081551179735016355e+00 1.081551179735016355e+00 1.081551179735016355e+00 1.081551179735016355e+00 1.081551179735016355e+00 1.081551179735016355e+00 1.081551179735016355e+00 1.081551179735016355e+00 1.081551179735016355e+00 1.081551179735016355e+00 1.081551179735016355e+00
1.081420206310565346e+00 1.081420206310565346e+00 1.081420206310565346e+00 1.081420206310565346e+00 1.081420206310565346e+00 1.081420206310565346e+00 1.081420206310565346e+00 1.081420206310565346e+00 1.081420206310565346e+00 1.081420206310565346e+00 1.081420206310565346e+00 1.081420206310565346e+00 1.081420206310565346e+00 1.081420206310565346e+00 1.081420206310565346e+00 1.081420206310565346e+00 1.081420206310565346e+00 1.081420206310565346e+00 1.081420206310565346e+00 1.081420206310565346e+00 1.081420206310565346e+00 1.081420206310565346e+00 1.081420206310565346e+00 1.081420206310565346e+00
1.081432610683728424e+00 1.081432610683728424e+00 1.081432610683728424e+00 1.081432610683728424e+00 1.081432610683728424e+00 1.081432610683728424e+00 1.081432610683728424e+00 1.081432610683728424e+00 1.081432610683728424e+00 1.081432610683728424e+00 1.081432610683728424e+00 1.081432610683728424e+00 1.081432610683728424e+00 1.081432610683728424e+00 1.081432610683728424e+00 1.081432610683728424e+00 1.081432610683728424e+00 1.081432610683728424e+00 1.081432610683728424e+00 1.081432610683728424e+00 1.081432610683728424e+00 1.081432610683728424e+00 1.081432610683728424e+00 1.081432610683728424e+00
1.081410164554995612e+00 1.081410164554995612e+00 1.081410164554995612e+00 1.081410164554995612e+00 1.081410164554995612e+00 1.081410164554995612e+00 1.081410164554995612e+00 1.081410164554995612e+00 1.081410164554995612e+00 1.081410164554995612e+00 1.081410164554995612e+00 1.081410164554995612e+00 1.081410164554995612e+00 1.081410164554995612e+00 1.081410164554995612e+00 1.081410164554995612e+00 1.081410164554995612e+00 1.081410164554995612e+00 1.081410164554995612e+00 1.081410164554995612e+00 1.081410164554995612e+00 1.081410164554995612e+00 1.081410164554995612e+00 1.081410164554995612e+00
1.081376537534123772e+00 1.081376537534123772e+00 1.081376537534123772e+00 1.081376537534123772e+00 1.081376537534123772e+00 1.081376537534123772e+00 1.081376537534123772e+00 1.081376537534123772e+00 1.081376537534123772e+00 1.081376537534123772e+00 1.081376537534123772e+00 1.081376537534123772e+00 1.081376537534123772e+00 1.081376537534123772e+00 1.081376537534123772e+00 1.081376537534123772e+00 1.081376537534123772e+00 1.081376537534123772e+00 1.081376537534123772e+00 1.081376537534123772e+00 1.081376537534123772e+00 1.081376537534123772e+00 1.081376537534123772e+00 1.081376537534123772e+00
1.081439194814341143e+00 1.081439194814341143e+00 1.081439194814341143e+00 1.081439194814341143e+00 1.081439194814341143e+00 1.081439194814341143e+00 1.081439194814341143e+00 1.081439194814341143e+00 1.081439194814341143e+00 1.081439194814341143e+00 1.081439194814341143e+00 1.081439194814341143e+00 1.081439194814341143e+00 1.081439194814341143e+00 1.081439194814341143e+00 1.081439194814341143e+00 1.081439194814341143e+00 1.081439194814341143e+00 1.081439194814341143e+00 1.081439194814341143e+00 1.081439194814341143e+00 1.081439194814341143e+00 1.081439194814341143e+00 1.081439194814341143e+00
1.081403492270963884e+00 1.081403492270963884e+00 1.081403492270963884e+00 1.081403492270963884e+00 1.081403492270963884e+00 1.081403492270963884e+00 1.081403492270963884e+00 1.081403492270963884e+00 1.081403492270963884e+00 1.081403492270963884e+00 1.081403492270963884e+00 1.081403492270963884e+00 1.081403492270963884e+00 1.081403492270963884e+00 1.081403492270963884e+00 1.081403492270963884e+00 1.081403492270963884e+00 1.081403492270963884e+00 1.081403492270963884e+00 1.081403492270963884e+00 1.081403492270963884e+00 1.081403492270963884e+00 1.081403492270963884e+00 1.081403492270963884e+00
1.081403015249364774e+00 1.081403015249364774e+00 1.081403015249364774e+00 1.081403015249364774e+00 1.081403015249364774e+00 1.081403015249364774e+00 1.081403015249364774e+00 1.081403015249364774e+00 1.081403015249364774e+00 1.081403015249364774e+00 1.081403015249364774e+00 1.081403015249364774e+00 1.081403015249364774e+00 1.081403015249364774e+00 1.081403015249364774e+00 1.081403015249364774e+00 1.081403015249364774e+00 1.081403015249364774e+00 1.081403015249364774e+00 1.081403015249364774e+00 1.081403015249364774e+00 1.081403015249364774e+00 1.081403015249364774e+00 1.081403015249364774e+00
1.081446030753406173e+00 1.081446030753406173e+00 1.081446030753406173e+00 1.081446030753406173e+00 1.081446030753406173e+00 1.081446030753406173e+00 1.081446030753406173e+00 1.081446030753406173e+00 1.081446030753406173e+00 1.081446030753406173e+00 1.081446030753406173e+00 1.081446030753406173e+00 1.081446030753406173e+00 1.081446030753406173e+00 1.081446030753406173e+00 1.081446030753406173e+00 1.081446030753406173e+00 1.081446030753406173e+00 1.081446030753406173e+00 1.081446030753406173e+00 1.081446030753406173e+00 1.081446030753406173e+00 1.081446030753406173e+00 1.081446030753406173e+00
1.081372200124680161e+00 1.081372200124680161e+00 1.081372200124680161e+00 1.081372200124680161e+00 1.081372200124680161e+00 1.081372200124680161e+00 1.081372200124680161e+00 1.081372200124680161e+00 1.081372200124680161e+00 1.081372200124680161e+00 1.081372200124680161e+00 1.081372200124680161e+00 1.081372200124680161e+00 1.081372200124680161e+00 1.081372200124680161e+00 1.081372200124680161e+00 1.081372200124680161e+00 1.081372200124680161e+00 1.081372200124680161e+00 1.081372200124680161e+00 1.081372200124680161e+00 1.081372200124680161e+00 1.081372200124680161e+00 1.081372200124680161e+00
1.081511825486594081e+00 1.081511825486594081e+00 1.081511825486594081e+00 1.081511825486594081e+00 1.081511825486594081e+00 1.081511825486594081e+00 1.081511825486594081e+00 1.081511825486594081e+00 1.081511825486594081e+00 1.081511825486594081e+00 1.081511825486594081e+00 1.081511825486594081e+00 1.081511825486594081e+00 1.081511825486594081e+00 1.081511825486594081e+00 1.081511825486594081e+00 1.081511825486594081e+00 1.081511825486594081e+00 1.081511825486594081e+00 1.081511825486594081e+00 1.081511825486594081e+00 1.081511825486594081e+00 1.081511825486594081e+00 1.081511825486594081e+00
1.081646067267603595e+00 1.081646067267603595e+00 1.081646067267603595e+00 1.081646067267603595e+00 1.081646067267603595e+00 1.081646067267603595e+00 1.081646067267603595e+00 1.081646067267603595e+00 1.081646067267603595e+00 1.081646067267603595e+00 1.081646067267603595e+00 1.081646067267603595e+00 1.081646067267603595e+00 1.081646067267603595e+00 1.081646067267603595e+00 1.081646067267603595e+00 1.081646067267603595e+00 1.081646067267603595e+00 1.081646067267603595e+00 1.081646067267603595e+00 1.081646067267603595e+00 1.081646067267603595e+00 1.081646067267603595e+00 1.081646067267603595e+00
1.081397073496678463e+00 1.081397073496678463e+00 1.081397073496678463e+00 1.081397073496678463e+00 1.081397073496678463e+00 1.081397073496678463e+00 1.081397073496678463e+00 1.081397073496678463e+00 1.081397073496678463e+00 1.081397073496678463e+00 1.081397073496678463e+00 1.081397073496678463e+00 1.081397073496678463e+00 1.081397073496678463e+00 1.081397073496678463e+00 1.081397073496678463e+00 1.081397073496678463e+00 1.081397073496678463e+00 1.081397073496678463e+00 1.081397073496678463e+00 1.081397073496678463e+00 1.081397073496678463e+00 1.081397073496678463e+00 1.081397073496678463e+00
1.081398148696199213e+00 1.081398148696199213e+00 1.081398148696199213e+00 1.081398148696199213e+00 1.081398148696199213e+00 1.081398148696199213e+00 1.081398148696199213e+00 1.081398148696199213e+00 1.081398148696199213e+00 1.081398148696199213e+00 1.081398148696199213e+00 1.081398148696199213e+00 1.081398148696199213e+00 1.081398148696199213e+00 1.081398148696199213e+00 1.081398148696199213e+00 1.081398148696199213e+00 1.081398148696199213e+00 1.081398148696199213e+00 1.081398148696199213e+00 1.081398148696199213e+00 1.081398148696199213e+00 1.081398148696199213e+00 1.081398148696199213e+00
1.081419064163742672e+00 1.081419064163742672e+00 1.081419064163742672e+00 1.081419064163742672e+00 1.081419064163742672e+00 1.081419064163742672e+00 1.081419064163742672e+00 1.081419064163742672e+00 1.081419064163742672e+00 1.081419064163742672e+00 1.081419064163742672e+00 1.081419064163742672e+00 1.081419064163742672e+00 1.081419064163742672e+00 1.081419064163742672e+00 1.081419064163742672e+00 1.081419064163742672e+00 1.081419064163742672e+00 1.081419064163742672e+00 1.081419064163742672e+00 1.081419064163742672e+00 1.081419064163742672e+00 1.081419064163742672e+00 1.081419064163742672e+00
1.081468270787904640e+00 1.081468270787904640e+00 1.081468270787904640e+00 1.081468270787904640e+00 1.081468270787904640e+00 1.081468270787904640e+00 1.081468270787904640e+00 1.081468270787904640e+00 1.081468270787904640e+00 1.081468270787904640e+00 1.081468270787904640e+00 1.081468270787904640e+00 1.081468270787904640e+00 1.081468270787904640e+00 1.081468270787904640e+00 1.081468270787904640e+00 1.081468270787904640e+00 1.081468270787904640e+00 1.081468270787904640e+00 1.081468270787904640e+00 1.081468270787904640e+00 1.081468270787904640e+00 1.081468270787904640e+00 1.081468270787904640e+00
1.081405861393446077e+00 1.081405861393446077e+00 1.081405861393446077e+00 1.081405861393446077e+00 1.081405861393446077e+00 1.081405861393446077e+00 1.081405861393446077e+00 1.081405861393446077e+00 1.081405861393446077e+00 1.081405861393446077e+00 1.081405861393446077e+00 1.081405861393446077e+00 1.081405861393446077e+00 1.081405861393446077e+00 1.081405861393446077e+00 1.081405861393446077e+00 1.081405861393446077e+00 1.081405861393446077e+00 1.081405861393446077e+00 1.081405861393446077e+00 1.081405861393446077e+00 1.081405861393446077e+00 1.081405861393446077e+00 1.081405861393446077e+00
1.081666327291161078e+00 1.081666327291161078e+00 1.081666327291161078e+00 1.081666327291161078e+00 1.081666327291161078e+00 1.081666327291161078e+00 1.081666327291161078e+00 1.081666327291161078e+00 1.081666327291161078e+00 1.081666327291161078e+00 1.081666327291161078e+00 1.081666327291161078e+00 1.081666327291161078e+00 1.081666327291161078e+00 1.081666327291161078e+00 1.081666327291161078e+00 1.081666327291161078e+00 1.081666327291161078e+00 1.081666327291161078e+00 1.081666327291161078e+00 1.081666327291161078e+00 1.081666327291161078e+00 1.081666327291161078e+00 1.081666327291161078e+00
1.081491219585417163e+00 1.081491219585417163e+00 1.081491219585417163e+00 1.081491219585417163e+00 1.081491219585417163e+00 1.081491219585417163e+00 1.081491219585417163e+00 1.081491219585417163e+00 1.081491219585417163e+00 1.081491219585417163e+00 1.081491219585417163e+00 1.081491219585417163e+00 1.081491219585417163e+00 1.081491219585417163e+00 1.081491219585417163e+00 1.081491219585417163e+00 1.081491219585417163e+00 1.081491219585417163e+00 1.081491219585417163e+00 1.081491219585417163e+00 1.081491219585417163e+00 1.081491219585417163e+00 1.081491219585417163e+00 1.081491219585417163e+00
1.081359722723542527e+00 1.081359722723542527e+00 1.081359722723542527e+00 1.081359722723542527e+00 1.081359722723542527e+00 1.081359722723542527e+00 1.081359722723542527e+00 1.081359722723542527e+00 1.081359722723542527e+00 1.081359722723542527e+00 1.081359722723542527e+00 1.081359722723542527e+00 1.081359722723542527e+00 1.081359722723542527e+00 1.081359722723542527e+00 1.081359722723542527e+00 1.081359722723542527e+00 1.081359722723542527e+00 1.081359722723542527e+00 1.081359722723542527e+00 1.081359722723542527e+00 1.081359722723542527e+00 1.081359722723542527e+00 1.081359722723542527e+00
1.081432241253608373e+00 1.081432241253608373e+00 1.081432241253608373e+00 1.081432241253608373e+00 1.081432241253608373e+00 1.081432241253608373e+00 1.081432241253608373e+00 1.081432241253608373e+00 1.081432241253608373e+00 1.081432241253608373e+00 1.081432241253608373e+00 1.081432241253608373e+00 1.081432241253608373e+00 1.081432241253608373e+00 1.081432241253608373e+00 1.081432241253608373e+00 1.081432241253608373e+00 1.081432241253608373e+00 1.081432241253608373e+00 1.081432241253608373e+00 1.081432241253608373e+00 1.081432241253608373e+00 1.081432241253608373e+00 1.081432241253608373e+00
1.081535225368774444e+00 1.081535225368774444e+00 1.081535225368774444e+00 1.081535225368774444e+00 1.081535225368774444e+00 1.081535225368774444e+00 1.081535225368774444e+00 1.081535225368774444e+00 1.081535225368774444e+00 1.081535225368774444e+00 1.081535225368774444e+00 1.081535225368774444e+00 1.081535225368774444e+00 1.081535225368774444e+00 1.081535225368774444e+00 1.081535225368774444e+00 1.081535225368774444e+00 1.081535225368774444e+00 1.081535225368774444e+00 1.081535225368774444e+00 1.081535225368774444e+00 1.081535225368774444e+00 1.081535225368774444e+00 1.081535225368774444e+00
1.081498275703086209e+00 1.081498275703086209e+00 1.081498275703086209e+00 1.081498275703086209e+00 1.081498275703086209e+00 1.081498275703086209e+00 1.081498275703086209e+00 1.081498275703086209e+00 1.081498275703086209e+00 1.081498275703086209e+00 1.081498275703086209e+00 1.081498275703086209e+00 1.081498275703086209e+00 1.081498275703086209e+00 1.081498275703086209e+00 1.081498275703086209e+00 1.081498275703086209e+00 1.081498275703086209e+00 1.081498275703086209e+00 1.081498275703086209e+00 1.081498275703086209e+00 1.081498275703086209e+00 1.081498275703086209e+00 1.081498275703086209e+00
1.081455372223459444e+00 1.081455372223459444e+00 1.081455372223459444e+00 1.081455372223459444e+00 1.081455372223459444e+00 1.081455372223459444e+00 1.081455372223459444e+00 1.081455372223459444e+00 1.081455372223459444e+00 1.081455372223459444e+00 1.081455372223459444e+00 1.081455372223459444e+00 1.081455372223459444e+00 1.081455372223459444e+00 1.081455372223459444e+00 1.081455372223459444e+00 1.081455372223459444e+00 1.081455372223459444e+00 1.081455372223459444e+00 1.081455372223459444e+00 1.081455372223459444e+00 1.081455372223459444e+00 1.081455372223459444e+00 1.081455372223459444e+00
1.081459044173613160e+00 1.081459044173613160e+00 1.081459044173613160e+00 1.081459044173613160e+00 1.081459044173613160e+00 1.081459044173613160e+00 1.081459044173613160e+00 1.081459044173613160e+00 1.081459044173613160e+00 1.081459044173613160e+00 1.081459044173613160e+00 1.081459044173613160e+00 1.081459044173613160e+00 1.081459044173613160e+00 1.081459044173613160e+00 1.081459044173613160e+00 1.081459044173613160e+00 1.081459044173613160e+00 1.081459044173613160e+00 1.081459044173613160e+00 1.081459044173613160e+00 1.081459044173613160e+00 1.081459044173613160e+00 1.081459044173613160e+00
1.081466074305226233e+00 1.081466074305226233e+00 1.081466074305226233e+00 1.081466074305226233e+00 1.081466074305226233e+00 1.081466074305226233e+00 1.081466074305226233e+00 1.081466074305226233e+00 1.081466074305226233e+00 1.081466074305226233e+00 1.081466074305226233e+00 1.081466074305226233e+00 1.081466074305226233e+00 1.081466074305226233e+00 1.081466074305226233e+00 1.081466074305226233e+00 1.081466074305226233e+00 1.081466074305226233e+00 1.081466074305226233e+00 1.081466074305226233e+00 1.081466074305226233e+00 1.081466074305226233e+00 1.081466074305226233e+00 1.081466074305226233e+00
1.081627382562426076e+00 1.081627382562426076e+00 1.081627382562426076e+00 1.081627382562426076e+00 1.081627382562426076e+00 1.081627382562426076e+00 1.081627382562426076e+00 1.081627382562426076e+00 1.081627382562426076e+00 1.081627382562426076e+00 1.081627382562426076e+00 1.081627382562426076e+00 1.081627382562426076e+00 1.081627382562426076e+00 1.081627382562426076e+00 1.081627382562426076e+00 1.081627382562426076e+00 1.081627382562426076e+00 1.081627382562426076e+00 1.081627382562426076e+00 1.081627382562426076e+00 1.081627382562426076e+00 1.081627382562426076e+00 1.081627382562426076e+00
1.081540545579496193e+00 1.081540545579496193e+00 1.081540545579496193e+00 1.081540545579496193e+00 1.081540545579496193e+00 1.081540545579496193e+00 1.081540545579496193e+00 1.081540545579496193e+00 1.081540545579496193e+00 1.081540545579496193e+00 1.081540545579496193e+00 1.081540545579496193e+00 1.081540545579496193e+00 1.081540545579496193e+00 1.081540545579496193e+00 1.081540545579496193e+00 1.081540545579496193e+00 1.081540545579496193e+00 1.081540545579496193e+00 1.081540545579496193e+00 1.081540545579496193e+00 1.081540545579496193e+00 1.081540545579496193e+00 1.081540545579496193e+00
1.081362898231556402e+00 1.081362898231556402e+00 1.081362898231556402e+00 1.081362898231556402e+00 1.081362898231556402e+00 1.081362898231556402e+00 1.081362898231556402e+00 1.081362898231556402e+00 1.081362898231556402e+00 1.081362898231556402e+00 1.081362898231556402e+00 1.081362898231556402e+00 1.081362898231556402e+00 1.081362898231556402e+00 1.081362898231556402e+00 1.081362898231556402e+00 1.081362898231556402e+00 1.081362898231556402e+00 1.081362898231556402e+00 1.081362898231556402e+00 1.081362898231556402e+00 1.081362898231556402e+00 1.081362898231556402e+00 1.081362898231556402e+00
1.081427538273397770e+00 1.081427538273397770e+00 1.081427538273397770e+00 1.081427538273397770e+00 1.081427538273397770e+00 1.081427538273397770e+00 1.081427538273397770e+00 1.081427538273397770e+00 1.081427538273397770e+00 1.081427538273397770e+00 1.081427538273397770e+00 1.081427538273397770e+00 1.081427538273397770e+00 1.081427538273397770e+00 1.081427538273397770e+00 1.081427538273397770e+00 1.081427538273397770e+00 1.081427538273397770e+00 1.081427538273397770e+00 1.081427538273397770e+00 1.081427538273397770e+00 1.081427538273397770e+00 1.081427538273397770e+00 1.081427538273397770e+00
1.081486703133069938e+00 1.081486703133069938e+00 1.081486703133069938e+00 1.081486703133069938e+00 1.081486703133069938e+00 1.081486703133069938e+00 1.081486703133069938e+00 1.081486703133069938e+00 1.081486703133069938e+00 1.081486703133069938e+00 1.081486703133069938e+00 1.081486703133069938e+00 1.081486703133069938e+00 1.081486703133069938e+00 1.081486703133069938e+00 1.081486703133069938e+00 1.081486703133069938e+00 1.081486703133069938e+00 1.081486703133069938e+00 1.081486703133069938e+00 1.081486703133069938e+00 1.081486703133069938e+00 1.081486703133069938e+00 1.081486703133069938e+00
