5.404238672147468492e+01 1.814983065993798164e+02 1.095464243686185029e+02 2.310980614347121787e+02 1.189795060980328145e+02 1.651870422530295457e+02 1.343993399557712962e+02 9.836128152147713877e+01 6.267480113242820750e+01 6.327214709921099711e+01 4.714289703712845636e+01 3.581859935120373706e+01 2.422951660390979711e+01 1.563655624764117036e+01 1.136255761058114722e+01 4.671018721269241780e+00 3.898248241330924735e+00 2.915418639309342641e+00 2.278856785862007239e+00 1.262586119178008781e+00 1.077143134621249665e+00 7.650299891404973573e-01 5.244730523215269669e-01 2.594322388982288619e-01
4.073895698389748787e+01 1.875993871739942165e+02 1.195889429488563707e+02 2.446726315420023354e+02 1.144081268392530575e+02 1.704819896952057547e+02 1.347431901041291837e+02 9.549483880076225262e+01 6.728480855044369946e+01 6.356410564051891754e+01 4.775978888063850292e+01 3.633322115968041999e+01 2.438858331757723619e+01 1.568058138216104069e+01 1.129534374418488696e+01 4.762261825998303166e+00 3.885629131855969032e+00 2.965618219065944583e+00 2.147033838105870451e+00 1.280446229333943586e+00 1.065470407831429656e+00 7.349119700551220991e-01 5.343348829694032354e-01 2.759399597337585663e-01
5.121740903987295468e+01 1.874188515178320529e+02 1.156769547609334694e+02 2.311768975393177925e+02 1.190370878033487116e+02 1.659255951276453800e+02 1.365406314000856014e+02 9.602164052602945787e+01 6.311764169875105779e+01 6.414193832501968018e+01 4.833239561557423514e+01 3.612704011670792426e+01 2.460905374180416416e+01 1.575806305758275094e+01 1.150522948846443683e+01 4.808643645895367413e+00 3.935135900508967222e+00 2.901928871767690321e+00 2.164761597010000038e+00 1.301931635525584774e+00 1.068005625283953819e+00 7.435877129768518889e-01 5.468274001304715970e-01 2.765084724419888396e-01
3.638147757452403397e+01 1.822318162860903499e+02 9.822243008147049181e+01 2.377042272905289622e+02 1.232525879563731763e+02 1.674464569894527415e+02 1.360691103148792820e+02 9.377493998931302599e+01 6.225230277628692477e+01 6.451527042356124753e+01 4.703625811067563234e+01 3.590611745158336277e+01 2.426779140562409509e+01 1.557711256376214948e+01 1.118152060320874419e+01 4.717286832095963334e+00 3.804751788338577079e+00 2.845827781917110944e+00 2.173914399982481704e+00 1.307232247834722472e+00 1.112189163248608503e+00 7.565127390921155826e-01 5.198183921658421358e-01 2.598622170240842966e-01
9.522761924076746709e+01 1.975949781668836351e+02 1.155287280623235944e+02 2.442141208355894548e+02 1.182580110448027852e+02 1.725772429064163305e+02 1.345753730945504856e+02 9.562570878601640345e+01 6.403797031478885060e+01 6.438917888506949794e+01 4.701588083156837428e+01 3.721489967562050083e+01 2.440052658645718253e+01 1.583295729636681770e+01 1.153709342902404167e+01 4.795887652874657903e+00 3.925590004641370978e+00 2.878997512454747110e+00 2.250455484766377801e+00 1.300969783321307194e+00 1.135771835584126865e+00 7.564836028955652658e-01 5.399018445279349931e-01 2.881336804909435112e-01
5.961004347186788266e+01 1.840519818357534803e+02 1.197842185689819132e+02 2.271623207657821126e+02 1.162800539855238924e+02 1.648603599495637297e+02 1.338721883774691719e+02 9.870685182137081881e+01 6.264852659663176837e+01 6.196832223441068521e+01 4.759623248679361041e+01 3.623035639020788068e+01 2.432391075257797652e+01 1.581450173483910149e+01 1.113119573212102686e+01 4.581525167259435705e+00 3.812209828578410509e+00 3.024620900293207626e+00 2.166234386138317536e+00 1.267534773336728593e+00 1.075302251947235499e+00 7.391521672277131527e-01 4.954837794575302490e-01 2.292013673985419386e-01
6.501334607273086874e+01 1.722953703934914813e+02 1.202943365789861190e+02 2.237159721517337516e+02 1.199977502355414174e+02 1.677793182701115313e+02 1.350160011827672406e+02 9.353832794860768729e+01 6.157538519049712278e+01 6.344973862199424985e+01 4.756537273778095454e+01 3.643512846058096244e+01 2.414558504141314543e+01 1.536929670623315758e+01 1.120584414046609822e+01 4.693414805494734665e+00 3.903505823112189965e+00 2.982088485807848244e+00 2.204714858119237952e+00 1.313742095629669704e+00 1.120382429326968632e+00 7.902650991743007669e-01 5.200598211307365659e-01 2.605705297626355610e-01
6.193865731898961968e+01 1.954705226252670798e+02 1.222207708743175942e+02 2.359988626708532422e+02 1.268583472693097605e+02 1.708289342558541932e+02 1.365541675783885580e+02 9.661975775450753190e+01 6.531914379578344665e+01 6.372787001296585885e+01 4.625489096798929722e+01 3.689105911227654389e+01 2.417344307653674917e+01 1.589671900458708365e+01 1.151468102789637449e+01 4.679741912820416516e+00 3.798959550938537877e+00 2.970960141722673864e+00 2.197576607543349159e+00 1.273486284374127253e+00 1.127974342338912139e+00 7.445464735725414451e-01 5.031088870338975561e-01 2.535023928535876658e-01
6.099979629705414652e+01 1.828640746760910645e+02 1.172973160085042679e+02 2.307013723260233178e+02 1.110189451664643627e+02 1.677078011211247315e+02 1.323187911902608391e+02 9.721236014475336162e+01 6.395916255773726533e+01 6.413271601717886483e+01 4.770990706821591232e+01 3.595535526815633176e+01 2.449166702825130670e+01 1.514078427417127237e+01 1.110064043456001670e+01 4.751550437396462101e+00 3.837389253673023415e+00 3.091304562574095804e+00 2.229587409872496373e+00 1.303759890280662637e+00 1.126315175697530480e+00 7.579357083731049771e-01 5.307698074777416064e-01 2.602973441982524005e-01
3.570631128305307556e+01 1.938160552233001113e+02 1.103288457658685928e+02 2.270358140076876623e+02 1.178520515948268184e+02 1.706874767473194083e+02 1.345121773865379851e+02 9.655045393080339977e+01 6.357568511011609758e+01 6.341611178131299909e+01 4.706720714351121160e+01 3.633856178001477844e+01 2.465087284815299284e+01 1.572295361808076919e+01 1.131677739834922747e+01 4.529683752468037561e+00 3.843011662278658314e+00 2.957956543838146324e+00 2.185194864239135448e+00 1.314146760463312580e+00 1.077419675243137975e+00 7.593025696999617935e-01 5.520463859802196005e-01 2.816400547896393824e-01
6.556955669765027039e+01 1.942303916000375921e+02 1.173111822936554631e+02 2.280742171117105386e+02 1.154208191886169885e+02 1.679360568917708179e+02 1.367014823378095514e+02 9.497110561385311200e+01 6.348293242856771457e+01 6.386396621884340163e+01 4.725599085473440653e+01 3.658134719417132885e+01 2.445618203924963652e+01 1.592222519291749805e+01 1.138795607896058826e+01 4.724089271032136494e+00 3.831169405261826366e+00 3.050475311407489620e+00 2.118997208520073006e+00 1.275925957233486452e+00 1.075945194127353455e+00 7.799513179553185793e-01 5.678343683456610336e-01 2.836936506814765058e-01
5.997133577611806032e+01 1.914201598373664410e+02 1.199232833829516949e+02 2.206437936781093754e+02 1.166590010245364226e+02 1.744046939293668004e+02 1.354333159396599058e+02 9.523041463179690425e+01 6.300713387786666431e+01 6.425311459435879158e+01 4.808419810014498097e+01 3.754987427320642723e+01 2.475071193315445228e+01 1.570609825120362935e+01 1.144009019242935210e+01 4.951902061694780421e+00 3.924850114689755198e+00 2.831312191378184462e+00 2.175557853391013818e+00 1.318188453231132762e+00 1.106853602214251220e+00 7.499076183449078226e-01 5.214142622775170821e-01 2.589851650232389280e-01
6.514471836203455268e+01 1.785130560490485720e+02 1.138631127052673122e+02 2.339142928386204403e+02 1.198770765652832324e+02 1.681886694468962276e+02 1.339127852476015335e+02 9.657991315218725958e+01 6.442237033161006821e+01 6.408431793103065388e+01 4.717418347901372044e+01 3.653373369183154296e+01 2.455538875669102339e+01 1.577698068928183694e+01 1.133997776405612079e+01 4.757107102515121255e+00 3.830030827422711059e+00 2.936708417805924398e+00 2.206885741666155365e+00 1.286325183410760298e+00 1.087461449452033602e+00 7.347431873481438114e-01 5.508539741844309390e-01 2.694865086530918163e-01
5.524819829783872649e+01 1.666979358781417773e+02 1.082735961944491123e+02 2.276241277644548973e+02 1.190785491578298547e+02 1.758163634005690312e+02 1.336933388732184085e+02 9.647668044546045962e+01 6.175541281255704718e+01 6.399036710626317159e+01 4.770716430621920523e+01 3.668505398528040473e+01 2.433260228125266167e+01 1.560130167623340292e+01 1.140447364328490032e+01 4.606977422179091342e+00 3.820271725769308624e+00 2.931496610026873118e+00 2.189218088787229455e+00 1.267977803694182448e+00 1.096574251803241751e+00 7.702668138224193495e-01 5.559010672683152299e-01 2.661580993373587889e-01
5.961345543831981075e+01 2.001361099438144890e+02 1.096371658008208243e+02 2.323458668915946816e+02 1.179319157603986810e+02 1.700212596435733587e+02 1.363404339966664338e+02 9.469932901117361723e+01 6.324497850529530751e+01 6.354561859957512837e+01 4.741490801076684392e+01 3.660736945802029396e+01 2.402059303943882895e+01 1.573633063188873749e+01 1.138357275706876770e+01 4.893848904650579534e+00 3.911155058914180138e+00 2.914069525422810614e+00 2.155288841875441896e+00 1.273390674535959999e+00 1.045536212295799627e+00 7.791406814818120363e-01 5.710889014776879824e-01 2.679815657237825111e-01
4.952067079357363610e+01 1.927766743316641964e+02 1.124875648256226555e+02 2.280705339774183642e+02 1.261331467279571967e+02 1.676921703342419221e+02 1.373953624733981655e+02 9.463558773822704495e+01 6.407893299994628933e+01 6.392868654968647490e+01 4.690485673959832269e+01 3.678679242564988527e+01 2.497784823683948119e+01 1.539265102304558575e+01 1.161122501905297177e+01 4.774023809823954245e+00 3.932245452496498483e+00 2.880955217277973990e+00 2.093312381187047766e+00 1.263451375017826450e+00 1.108365226879706400e+00 7.765282974490107515e-01 5.960229759740078848e-01 2.652062231379087032e-01
5.620217728881232944e+01 1.813742461260988534e+02 1.233824772276781516e+02 2.237235043399801668e+02 1.252484943162361617e+02 1.692088304073620861e+02 1.357704552178740016e+02 9.874812590323134032e+01 6.295606084717531559e+01 6.370777374799251902e+01 4.729709822969024202e+01 3.577725665950424627e+01 2.466182600112165346e+01 1.584748242271386864e+01 1.140569311306254541e+01 4.934755547182267499e+00 3.906677629153982423e+00 2.872835658910724010e+00 2.119518310057717514e+00 1.270047895157632167e+00 1.119488452259503886e+00 7.156817222768556697e-01 5.483552699580901413e-01 2.521216883111174201e-01
5.330388507689280431e+01 2.076915635546903900e+02 1.113061159747522879e+02 2.312613585341384237e+02 1.169657379688579226e+02 1.680447652190501344e+02 1.363646555670199518e+02 9.625332736951615686e+01 6.375273430745446035e+01 6.435600402275601084e+01 4.731944428891484478e+01 3.651308631522159942e+01 2.463197938108194762e+01 1.593761797714159734e+01 1.128000830591590820e+01 4.540938462522379204e+00 3.682008167222168282e+00 2.901085896094830918e+00 2.116389480788831712e+00 1.297802087798539006e+00 1.120111150687798318e+00 7.443997846531859031e-01 5.606572420940034718e-01 2.715507060999890476e-01
6.879604605991633548e+01 2.079432408083713142e+02 1.287257384254342867e+02 2.463532384377212452e+02 1.224395426771653774e+02 1.639737107932324420e+02 1.328948045601950980e+02 9.851086895845065783e+01 6.464592174208520703e+01 6.349835776787847408e+01 4.622700053661761643e+01 3.651599654574035725e+01 2.453335001945426086e+01 1.545798013197606302e+01 1.130525414835727993e+01 4.565102766527197709e+00 3.917550300904906191e+00 2.930308571369194315e+00 2.190551874520264786e+00 1.346924187106107285e+00 1.107611555709087314e+00 7.964216298750159684e-01 5.370052676714296425e-01 2.607524586283685997e-01
5.990936483117441469e+01 1.974322309380054037e+02 1.165889259104888112e+02 2.354425226845169732e+02 1.179687017474826547e+02 1.710688249098257927e+02 1.358683348743636827e+02 9.677407354998354094e+01 6.390503860235470057e+01 6.272588930922220385e+01 4.729838848188638423e+01 3.612097896950103149e+01 2.429665943208253509e+01 1.588471451352130792e+01 1.136764706479287135e+01 4.745233826384501974e+00 3.678941812527066535e+00 2.948762281879290459e+00 2.126221946375971950e+00 1.284830935567870647e+00 1.027826363439647839e+00 7.832979802638451172e-01 5.638894734649357865e-01 2.715658670219016635e-01
6.055092658034295994e+01 1.970938376088470818e+02 1.023996419111629592e+02 2.261898408387281449e+02 1.166263430438215067e+02 1.685375099442672422e+02 1.370344216861390692e+02 9.509425723645304629e+01 6.462722923673671005e+01 6.263447048080028878e+01 4.724610721694300253e+01 3.682523088340590789e+01 2.424825555130558996e+01 1.593290781444473225e+01 1.140510439286017252e+01 4.604949147397562115e+00 3.803852469556264992e+00 2.944683194454524866e+00 2.202078854452540924e+00 1.235175360497500652e+00 1.121636281265141477e+00 7.819893109660057684e-01 5.370900690849227388e-01 2.677738371657201744e-01
8.100999421897603270e+01 1.887040795190246172e+02 1.171672915580068093e+02 2.142779959721781893e+02 1.176901815012577117e+02 1.709098760769119849e+02 1.378769219823277297e+02 9.287153885668504927e+01 6.478640103418044305e+01 6.421989832865159542e+01 4.689465327854376397e+01 3.658661142955032375e+01 2.374195346618473579e+01 1.576213160757112597e+01 1.129297809609967373e+01 4.802119634379305779e+00 3.861570210209179788e+00 2.931129906777468097e+00 2.173738119988186224e+00 1.240386539557879475e+00 1.117995153163263033e+00 7.720099861006330944e-01 5.560326975651072035e-01 2.825784183730746801e-01
5.759619794705229623e+01 1.760515188743591466e+02 1.052093029132302746e+02 2.313972483695437461e+02 1.267600331193731904e+02 1.688573609077065214e+02 1.322722799313224584e+02 9.585672480208100410e+01 6.340254912428642342e+01 6.297549757185178265e+01 4.644720189817315514e+01 3.615178737795418584e+01 2.470377560740534406e+01 1.552965153905813445e+01 1.133068359904895850e+01 4.600868717891370530e+00 3.733185113707658598e+00 2.917135234899288498e+00 2.135055042252526736e+00 1.262304472646847975e+00 1.114380013242015632e+00 7.650914464879524646e-01 5.243425014170770559e-01 2.749853312668545935e-01
4.147031735035030664e+01 1.924241044303688284e+02 1.104059128584461860e+02 2.103136709383747416e+02 1.206555713561217971e+02 1.620041401825478715e+02 1.351509566443191090e+02 9.781395012300379221e+01 6.344213081663910714e+01 6.280940354252868474e+01 4.798624653210293900e+01 3.613532478613986854e+01 2.460094383040527788e+01 1.592095592270736759e+01 1.161174815819182093e+01 4.729545058086964460e+00 3.855308549666685014e+00 2.997470138448979693e+00 2.172069444570905894e+00 1.272223956327711569e+00 1.098814671523426378e+00 7.572962639561792164e-01 5.317373542523592400e-01 2.580098798103472868e-01
5.931335388540101405e+01 2.054078089588341811e+02 1.111526665084495562e+02 2.246730111794477409e+02 1.193480399814566653e+02 1.680600228941629553e+02 1.331451662662987019e+02 9.698423065314486280e+01 6.382042947383128961e+01 6.380598698181250938e+01 4.846647191428092327e+01 3.635614507429394138e+01 2.465041952639830214e+01 1.538307613144344188e+01 1.133478412424530113e+01 4.772624074062006727e+00 3.935997861054597813e+00 2.810976260810715832e+00 2.124720082377180574e+00 1.245020741313946022e+00 1.071546916285228024e+00 7.902857563754723813e-01 5.698843733699597847e-01 2.826637431337171713e-01
6.036837712486120466e+01 1.889110081759330626e+02 1.160726025929350129e+02 2.339723891360033576e+02 1.233831873951995277e+02 1.637486053666883947e+02 1.343977102546477056e+02 9.562717119425842327e+01 6.172954523945184491e+01 6.329837170746792196e+01 4.799660229481983009e+01 3.713775312072183965e+01 2.448337166552821031e+01 1.581404692984786564e+01 1.139566943318226677e+01 4.721334591179996210e+00 3.876058145551642298e+00 2.898080733684067489e+00 2.156970405313308969e+00 1.281114439794186488e+00 1.099717262627929681e+00 7.560681076414544899e-01 5.210976289300442987e-01 2.626678537840649863e-01
5.873608284601038321e+01 1.934915717173375072e+02 1.172078151770621446e+02 2.332353086256699441e+02 1.111049109899130656e+02 1.693173132967044978e+02 1.354591645491843792e+02 9.556748988799989775e+01 6.436425044822381381e+01 6.330413912949165223e+01 4.734542285140679496e+01 3.590250570043586009e+01 2.479428513505880360e+01 1.557650197139450832e+01 1.133027779785763833e+01 4.732016596602242053e+00 3.951640455679474861e+00 2.926478735264676612e+00 2.179397755097128631e+00 1.291809803855485939e+00 1.145841433601794357e+00 7.779431438028550083e-01 5.470428685124723023e-01 2.789451152069125084e-01
5.615180536448390569e+01 1.953071091392246501e+02 1.108840284235825067e+02 2.255845011028746399e+02 1.237774912231717650e+02 1.663066312558820812e+02 1.351815079416684853e+02 9.701683450014724031e+01 6.258640288738806134e+01 6.317787008876088350e+01 4.669979341317315402e+01 3.651228302576042495e+01 2.465557763905236754e+01 1.598189849502695381e+01 1.133901216012978885e+01 4.668550485620051482e+00 3.926953118320426928e+00 2.991165363982375425e+00 2.219786275014657750e+00 1.278752862596869599e+00 1.074767268224095629e+00 7.558424481204639722e-01 5.296408682629883957e-01 2.642157934334075642e-01
4.282472297380876824e+01 1.810637399193832096e+02 1.120402997898973467e+02 2.283822700132615751e+02 1.140991272628424440e+02 1.660859553083110995e+02 1.362658673313521831e+02 9.423977046904258259e+01 6.327763136263865817e+01 6.357174868625024544e+01 4.732879040662349723e+01 3.693500819303420712e+01 2.454740876475730715e+01 1.609859889474607542e+01 1.134029444845314138e+01 4.910396854257395027e+00 3.862857188860961521e+00 2.933663027644700438e+00 2.228233702614828893e+00 1.253695552639554567e+00 1.075306791363274339e+00 7.697511558722937020e-01 5.654513109060210763e-01 2.892319549734171380e-01
5.928511706781890211e+01 2.157002936795527717e+02 1.125980128400184981e+02 2.182083371052627569e+02 1.156166248718389085e+02 1.631496674690075110e+02 1.352173315363915549e+02 9.198328633391432163e+01 6.270038698188395898e+01 6.434584236143743396e+01 4.837542188803025311e+01 3.654733505535761395e+01 2.466854927064406056e+01 1.557768485837143047e+01 1.138222822807455969e+01 4.666217594862813733e+00 3.882593027155247345e+00 2.859850598854567494e+00 2.193383979236585457e+00 1.278622366418576073e+00 1.122123203719149309e+00 7.616427327448834772e-01 5.347352311012986137e-01 2.559572973010111330e-01
6.077455669261434679e+01 2.111654068357779863e+02 1.219063632942575452e+02 2.277087807801614474e+02 1.185385599485774151e+02 1.732036128137076787e+02 1.309384616937953751e+02 9.634470406182428803e+01 6.430198836794622252e+01 6.338225696429136491e+01 4.752492733624890775e+01 3.666097563345375931e+01 2.436754321197958717e+01 1.578679336565334523e+01 1.116081252613903096e+01 4.613047440307031621e+00 3.851013070953314354e+00 2.797813996937817294e+00 2.163321777648061772e+00 1.343874944534735993e+00 1.140159232967302705e+00 7.274843142399856077e-01 4.945176800001259698e-01 2.927967889740862306e-01
7.113605974848411506e+01 1.969338233373224512e+02 1.151059061225167426e+02 2.209872930077964668e+02 1.226288147078735165e+02 1.697234386222039291e+02 1.339608263501777969e+02 9.462258731093024267e+01 6.483015912610960640e+01 6.371129738279739740e+01 4.651345418912273999e+01 3.638959642770514336e+01 2.411781404611393853e+01 1.559104504329233798e+01 1.130884806582862190e+01 4.650527724150862241e+00 3.868446144294357403e+00 2.877817457599959994e+00 2.113134224375730064e+00 1.226959263944191303e+00 1.076803878301645589e+00 7.605283024034013017e-01 5.240150745152273304e-01 2.339913517953015609e-01
5.668882731311853007e+01 1.894208227854195741e+02 1.207727166831437842e+02 2.332842699702190146e+02 1.202945926936118752e+02 1.715984675884908768e+02 1.358163202918037484e+02 9.519790290009183309e+01 6.414993429396828617e+01 6.427923444799905894e+01 4.751922836432922992e+01 3.690817525176326797e+01 2.398830232311467014e+01 1.629455414364522881e+01 1.118364558616866766e+01 4.582585521853039801e+00 3.833517429439946334e+00 2.815935513847280802e+00 2.193448013527736773e+00 1.274139720066510773e+00 1.104666631393106835e+00 7.800429039792989849e-01 5.550199835239081336e-01 2.562060248606527479e-01
5.988249027011019621e+01 1.750630544942748941e+02 1.166936986576328508e+02 2.425983423158215544e+02 1.237364041515030380e+02 1.749900985063203791e+02 1.372278185082423079e+02 9.699588969099882263e+01 6.198183085963525940e+01 6.370876395060621888e+01 4.719632158004735345e+01 3.644959347685108497e+01 2.470377958019281195e+01 1.615603035582638469e+01 1.138754068172920597e+01 4.847137255405475464e+00 3.814867071246661023e+00 2.937443110009882563e+00 2.209536837081101712e+00 1.289261071298962502e+00 1.122842559030090115e+00 7.850988339996022303e-01 5.246812776516023291e-01 2.822125412274945622e-01
5.159927018146418476e+01 1.847173276425374127e+02 1.065466969455817576e+02 2.387749457480813078e+02 1.178941018347211411e+02 1.715076420466367040e+02 1.378551838508162177e+02 9.472873149675457682e+01 6.355914562614812269e+01 6.196760179886211262e+01 4.723076289563418584e+01 3.726290691963323809e+01 2.455235322679256527e+01 1.583978720917428085e+01 1.138076591311870445e+01 4.645671790647653232e+00 3.713639937920458767e+00 2.904916410230365731e+00 2.178116539948375951e+00 1.296908615793154640e+00 1.109970490288583855e+00 8.223624521518082542e-01 5.622810111652180032e-01 2.864806822695462607e-01
7.021245832030361100e+01 1.928042355624543234e+02 1.299374030513754690e+02 2.394838666346826699e+02 1.097163747530691467e+02 1.726839391459743354e+02 1.364849691135134435e+02 9.353086383178909102e+01 6.672033397715674141e+01 6.389242249677469232e+01 4.738853076385233720e+01 3.601196210923738050e+01 2.420062343573616559e+01 1.592985712795407416e+01 1.139377656486585444e+01 4.657139986115393704e+00 3.830064553527113169e+00 2.944224981921532702e+00 2.211601941077934619e+00 1.270397752190221663e+00 1.104550826242504336e+00 7.554523017859187117e-01 5.367810478954684328e-01 2.686643710805979302e-01
5.830025125681252973e+01 1.996308819112887534e+02 1.092120816149478770e+02 2.272296705942176231e+02 1.208729148171411936e+02 1.712411150546314502e+02 1.360996024010554777e+02 9.643157262760168180e+01 6.367615214454200157e+01 6.219693109977759349e+01 4.770178184075341221e+01 3.661347588859668178e+01 2.474036431877242137e+01 1.569798501167560012e+01 1.141423238498041215e+01 4.472088752819100677e+00 3.819447836424377574e+00 2.979420783871706391e+00 2.192832784606514540e+00 1.266763516158858849e+00 1.124673537317773420e+00 7.735903452859470564e-01 5.166196166142628110e-01 2.585425940967966962e-01
5.764232696953582291e+01 1.967146874712421152e+02 1.032862216827987680e+02 2.313964693961158900e+02 1.168904799980079616e+02 1.667783565678674904e+02 1.354726311787889301e+02 9.675657391173488975e+01 6.185211745774027747e+01 6.395168393233168302e+01 4.710014579209085639e+01 3.654076023511354521e+01 2.474153332863566845e+01 1.561832505569121032e+01 1.132201118292699604e+01 4.766613386835845567e+00 3.832148220665643645e+00 2.809082091820788385e+00 2.152457571074393616e+00 1.279696462247005062e+00 1.107648768746861023e+00 7.867567453996265892e-01 5.421085262832761043e-01 2.695885090769334913e-01
5.727124597741408962e+01 1.927402997311930051e+02 1.107737811963285566e+02 2.296383129504969531e+02 1.203244505645103999e+02 1.622885295899456821e+02 1.335631921181219752e+02 9.394618711644612574e+01 6.311943263492094047e+01 6.269771150946112925e+01 4.779932775944185863e+01 3.715564679464466735e+01 2.437298256883052616e+01 1.590948805158057766e+01 1.129919747381276274e+01 4.758993564470114457e+00 3.912464129467789764e+00 2.896537991819459368e+00 2.230308796406444749e+00 1.298807587256540996e+00 1.129638901733760914e+00 7.702331941793488790e-01 5.417556685850580811e-01 2.675631688717129419e-01
5.189597546111439641e+01 1.940258306737223108e+02 9.585809335159019895e+01 2.268437490952004225e+02 1.201732199953773517e+02 1.658380856615859216e+02 1.334738356152010965e+02 9.819575555353618768e+01 6.179274091590320950e+01 6.166076749017967984e+01 4.724202648409557526e+01 3.611188536098850221e+01 2.445531908460657178e+01 1.586824549898399184e+01 1.171246022172765144e+01 4.487623947236518696e+00 3.642127248496338066e+00 3.044841196644009429e+00 2.146634611915048563e+00 1.270443249979656741e+00 1.071012661698042656e+00 7.232846493635460838e-01 5.412307558777422756e-01 2.412141606861684662e-01
6.869505041201618667e+01 1.928532572677650307e+02 1.059298984512236927e+02 2.227415557210370025e+02 1.203470789990624183e+02 1.654781948909305811e+02 1.356274572369282509e+02 9.745636901958843623e+01 6.405313059145004217e+01 6.364289327738148927e+01 4.681791307986728157e+01 3.616366417239804321e+01 2.412531725890674394e+01 1.582038724859839185e+01 1.130413200382865746e+01 4.654173176422779612e+00 3.852808466738379511e+00 2.916422089821645525e+00 2.243517527500677566e+00 1.286934833463748928e+00 1.074239639194013884e+00 7.764798630681469804e-01 5.407165288470027198e-01 2.522921940947741581e-01
7.239275324386505872e+01 1.868694133048009292e+02 1.130883861170186151e+02 2.253395277722012224e+02 1.161404303838961027e+02 1.691507943757057433e+02 1.357861825742335498e+02 9.404843160141746239e+01 6.349122488368039541e+01 6.328435414065977938e+01 4.746506526913493929e+01 3.673069087520135412e+01 2.448821994910240463e+01 1.591657125931178918e+01 1.162154697267023273e+01 4.712872226354053673e+00 3.823340619910786220e+00 2.916314324121125345e+00 2.162019106356138920e+00 1.291094161443173904e+00 1.089070886495270729e+00 7.693253987082578904e-01 5.582726962247905877e-01 2.674962886565518394e-01
6.034454523038979801e+01 1.830528301109006861e+02 1.129940811241231984e+02 2.269226917139232285e+02 1.196700135196618362e+02 1.738590903191834798e+02 1.360724628593142427e+02 9.655884404837402712e+01 6.384875463225954206e+01 6.338381414162733307e+01 4.710392189746995939e+01 3.646994359043445399e+01 2.447116706002565678e+01 1.557081534683772617e+01 1.131012049504592376e+01 4.761383684445750220e+00 3.833137117199121313e+00 2.914180715675264377e+00 2.199778503349855363e+00 1.289209635622528438e+00 1.130614368870908493e+00 7.899058713377132834e-01 5.673415582784884226e-01 2.940857288382869861e-01
5.842404056645765564e+01 1.978487328806322125e+02 1.231033816312560987e+02 2.331174558067774285e+02 1.197826813354602393e+02 1.658086751741395517e+02 1.385655173632535480e+02 9.488085958664413511e+01 6.364726281966996879e+01 6.384931511838270524e+01 4.730193263081469013e+01 3.660177056249163741e+01 2.500498547302639807e+01 1.562552583145828144e+01 1.126480371993216600e+01 4.553836519548568162e+00 4.002469375816269270e+00 2.969984539247647604e+00 2.169908036699345288e+00 1.264729551329306645e+00 1.126190758390752666e+00 7.951291750183048235e-01 5.087553352764975223e-01 2.699496207043845519e-01
5.088065432240208708e+01 1.957650819825043982e+02 1.100993666272078428e+02 2.314188041900804649e+02 1.131263298740245489e+02 1.711244926492699108e+02 1.379360118483724875e+02 9.345639470180428532e+01 6.590300364107000064e+01 6.413652877391845664e+01 4.761347841650716362e+01 3.614340260386494919e+01 2.404794096769047584e+01 1.551005698873543892e+01 1.113513407381795339e+01 4.889599294651691075e+00 3.883154726269614887e+00 2.788564073032576474e+00 2.157627164466940251e+00 1.269369894086476824e+00 1.091218580697360219e+00 7.574099113286215657e-01 5.222379760493494061e-01 2.666010099816678025e-01
7.062733763175327795e+01 1.969116051808021837e+02 1.132350996771123306e+02 2.264487285682455138e+02 1.185644999001080890e+02 1.669744329716803293e+02 1.365864523151728349e+02 9.519918485081259973e+01 6.264207640117528086e+01 6.386952403897745967e+01 4.650990015838161895e+01 3.588342229723807009e+01 2.447248731010339640e+01 1.561132046630046233e+01 1.137951815644694165e+01 4.637669635734831708e+00 3.928961250614821488e+00 2.930606113945592117e+00 2.167945881866533142e+00 1.246630128949369753e+00 1.131687376060188654e+00 7.533165291097952965e-01 5.335240819265715251e-01 2.513895339925760197e-01
5.356312762179651799e+01 1.806553206166394148e+02 1.180945290876068583e+02 2.364027084853816518e+02 1.223102896544882583e+02 1.648070273593565958e+02 1.390159011326324503e+02 9.315342478477424493e+01 6.335374220675455348e+01 6.218967256077721117e+01 4.656915500807471631e+01 3.665320125962797704e+01 2.428702415772435330e+01 1.611908814956483127e+01 1.113616053438349063e+01 4.840267626259741718e+00 3.681643998959819974e+00 2.926619542190599166e+00 2.153549107879013658e+00 1.279484482010899704e+00 1.111640837263566217e+00 7.619320013272127268e-01 5.385651787877950847e-01 2.732615898312970582e-01
5.424641259261681370e+01 1.736201276881839135e+02 1.008551511787975130e+02 2.377259007653794072e+02 1.191980844191691489e+02 1.705639029832007338e+02 1.359420583018252842e+02 9.358901484608260546e+01 6.246813514113156884e+01 6.319573497769745529e+01 4.701873543634542330e+01 3.642394293273699901e+01 2.462337857552186193e+01 1.544528090061516679e+01 1.145921676512078946e+01 4.681784528700751125e+00 4.006541201334516522e+00 3.015694649335733057e+00 2.261547303427389632e+00 1.278210053971533533e+00 1.122117477393339557e+00 7.714715650734005337e-01 5.454576012590052203e-01 2.846768809826287772e-01
6.181520710445927591e+01 1.924658997221198149e+02 1.174426923808274097e+02 2.341124543642849858e+02 1.162326138148557533e+02 1.681109269375005795e+02 1.368387291355710715e+02 9.622945287693890748e+01 6.166107234437353668e+01 6.302981381649134818e+01 4.754837678333529283e+01 3.650068618652269947e+01 2.454404330798965361e+01 1.584303261208194336e+01 1.144017974432992801e+01 4.683890791039472035e+00 3.842476119273188218e+00 2.987098640911698411e+00 2.186801053800668360e+00 1.252477070973914364e+00 1.090277254123754869e+00 7.968174527436293619e-01 5.449287725429243778e-01 2.642649300892539466e-01
5.879291530886035844e+01 1.908886703279920596e+02 1.058897695693481324e+02 2.343810347747806588e+02 1.136600179933796255e+02 1.724974087469598203e+02 1.367982823452180128e+02 9.520220457209414633e+01 6.286537191326449658e+01 6.398269101904570277e+01 4.649108084045747802e+01 3.632405265643077286e+01 2.433774154226686903e+01 1.550202154637085883e+01 1.144132565603829477e+01 4.640361331297871317e+00 3.947266880832672520e+00 3.011655668069155745e+00 2.208492124637444931e+00 1.362391673058524599e+00 1.144558095777955975e+00 7.856158499383214533e-01 5.632423348106472272e-01 2.877542353763861693e-01
7.753345603478948078e+01 1.887103883889873543e+02 1.198404805855271462e+02 2.370386150585872542e+02 1.213084151421781058e+02 1.726967609757632545e+02 1.371806014793576196e+02 9.848362083510330933e+01 6.409364600325339723e+01 6.407614283388329568e+01 4.663474470086688939e+01 3.617244061029651903e+01 2.444046883390400637e+01 1.584283594619565960e+01 1.143807133314146185e+01 4.670340093129222048e+00 3.810714639417072114e+00 2.798870239604466015e+00 2.151944931310588949e+00 1.277415373113955255e+00 1.080087112603940636e+00 7.405490026148663363e-01 5.424746671798054143e-01 2.374060878532195107e-01
6.036823548437054399e+01 2.149840160532270943e+02 1.143734696348588500e+02 2.260082562087202689e+02 1.173160728667967163e+02 1.695881868169379629e+02 1.365891561026774639e+02 9.818601134277935216e+01 6.360813607605500408e+01 6.225857437107175940e+01 4.595180375397789163e+01 3.719888969586050820e+01 2.466406161341399539e+01 1.590309976428092931e+01 1.118433957181256133e+01 4.780323438840068384e+00 3.922380024567929446e+00 2.880333169963736228e+00 2.110289770411438504e+00 1.255051367356478265e+00 1.058874016221289960e+00 7.548235780936973782e-01 5.542146848956126526e-01 2.813456818057168407e-01
4.765940270882555296e+01 2.005333827114262419e+02 1.278009911703819057e+02 2.236177633313310764e+02 1.178688167820171202e+02 1.618536114183790744e+02 1.355657160450412277e+02 9.582331157055587312e+01 6.413931598229639519e+01 6.441336607313999707e+01 4.662385749126829637e+01 3.693928462761390819e+01 2.410678054598362507e+01 1.539360745027744315e+01 1.137572721393998698e+01 4.573221493723192310e+00 3.829645738653045139e+00 2.964087642663419508e+00 2.177397736285453522e+00 1.335022685695626654e+00 1.057438060814050340e+00 7.417575608190168923e-01 5.202775620432706916e-01 2.520778095747345238e-01
6.263393209244897264e+01 1.959216652396944767e+02 1.245803680955274046e+02 2.234442830570759781e+02 1.272611724266712230e+02 1.691761213952736398e+02 1.346011210936169391e+02 9.573877903501559672e+01 6.293969770111074524e+01 6.495633477405603173e+01 4.702752515985076798e+01 3.516794499412387864e+01 2.386383737360823076e+01 1.578649559497254629e+01 1.131972946399227808e+01 4.826354229905034821e+00 3.662138539479735666e+00 2.746116472964174271e+00 2.186512144186025353e+00 1.237958373793120126e+00 1.066955115279080601e+00 7.520480905818722750e-01 5.510785208036551586e-01 2.679638977220070717e-01
6.389640800752051319e+01 1.914562552597997183e+02 1.203196146231145320e+02 2.390710164725398101e+02 1.227883488376795214e+02 1.684923247874179140e+02 1.346385145485358521e+02 9.598050678031927418e+01 6.270968331986972544e+01 6.427224683628290336e+01 4.764162669754694690e+01 3.666753480993494207e+01 2.455601709826703427e+01 1.603126334081458637e+01 1.135451200368212632e+01 4.650074751363372449e+00 3.839759384097753081e+00 2.959945191071556625e+00 2.200437912404322294e+00 1.271039793416907981e+00 1.094326129048361462e+00 7.544844971432820291e-01 5.314026223506120861e-01 2.750295971591872890e-01
5.689073481929463583e+01 1.914091367589859942e+02 1.138542430119098015e+02 2.360673147506419411e+02 1.228323462917537938e+02 1.663459071628399499e+02 1.369771226552750534e+02 9.703805515589665731e+01 6.328468252783896730e+01 6.356295439007371328e+01 4.669630576821683121e+01 3.649878585583522295e+01 2.459172790899771144e+01 1.585641339922336002e+01 1.130047074917629679e+01 4.562098851511065867e+00 3.859619468970845624e+00 2.863091208339551663e+00 2.196822114466269849e+00 1.291712450173822413e+00 1.102906803404327452e+00 7.532950112183215419e-01 5.414397464902371837e-01 2.645686812026024071e-01
5.415684627555891950e+01 1.936483815598922149e+02 1.176620511435635166e+02 2.347269941802917970e+02 1.232646831813253385e+02 1.672626174160853338e+02 1.351382806736598639e+02 9.380063247717205854e+01 6.398726030214238136e+01 6.388030813617050541e+01 4.747893864196348090e+01 3.633736934304250354e+01 2.431305949258528543e+01 1.594297714708504010e+01 1.139646654017496452e+01 4.787118517956636232e+00 3.745435931306048793e+00 2.883610530680374318e+00 2.175027519481633309e+00 1.293006196175072953e+00 1.119607958862006925e+00 7.740418474923099756e-01 5.287593607674541119e-01 2.508788156917813872e-01
5.723372087144593223e+01 1.915872604872723173e+02 1.027478046811305461e+02 2.262523363402742689e+02 1.210954732447935953e+02 1.652494128583328461e+02 1.354852188430006095e+02 9.435658667888226603e+01 6.380972546067969375e+01 6.387126041105633334e+01 4.708958099804706166e+01 3.649919662933818643e+01 2.431480065644942101e+01 1.575902522408598472e+01 1.135420376778964702e+01 4.722538048582421766e+00 3.839733515898520189e+00 2.944138993414909145e+00 2.128058214491363564e+00 1.329036937590984513e+00 1.112630565270304572e+00 7.677784444848405609e-01 5.379214877605423828e-01 2.882970647456287172e-01
7.268037624725347712e+01 1.991189816748070314e+02 9.667256469631961124e+01 2.338214115096296837e+02 1.182188771439540034e+02 1.688991587389990059e+02 1.355952124733101982e+02 9.599260763423431797e+01 6.293904992102601881e+01 6.320623076220824288e+01 4.646876851862945301e+01 3.646352296840515095e+01 2.428832719771181203e+01 1.584261057887735014e+01 1.117505331220868037e+01 4.538680377308629055e+00 3.857666534707080874e+00 2.847280497035167723e+00 2.095329414402729018e+00 1.190369779465451749e+00 1.041427109665609141e+00 7.441838921194035006e-01 5.142450594979321998e-01 2.462331655383872275e-01
6.921289136138418030e+01 1.844117022130709529e+02 1.222056742622644663e+02 2.250865813923167593e+02 1.214069948445569338e+02 1.644537183095370381e+02 1.342183965102799448e+02 9.778868751485562427e+01 6.417143054581086403e+01 6.334425442937351391e+01 4.582257900555708119e+01 3.621594597000885329e+01 2.449734092670757590e+01 1.578639992746973419e+01 1.131091478227321900e+01 4.625456179172047655e+00 3.936227933015748359e+00 2.834084402476440889e+00 2.100514451571823926e+00 1.225079017928832004e+00 1.059079176147005308e+00 7.223751322291340760e-01 5.387129816609568245e-01 2.626148178180677251e-01
5.678529695534868438e+01 1.945697063895690064e+02 1.240996284990832237e+02 2.366369576954726028e+02 1.170425878543468201e+02 1.679728618015019777e+02 1.353534084775067186e+02 9.506054167812983735e+01 6.344543551675145210e+01 6.343359200527528685e+01 4.700579868563037422e+01 3.684585513349177432e+01 2.437668646036174636e+01 1.591462168504126140e+01 1.160086894512192046e+01 4.638147131908603171e+00 3.840282112725974972e+00 2.962053209971566403e+00 2.201784438654275089e+00 1.291844300569061410e+00 1.095030732188472689e+00 7.757086126380464686e-01 5.345884337177224666e-01 2.807104274522668752e-01
6.077831554085719290e+01 1.824876403372675782e+02 1.105244178502325525e+02 2.350191874813848472e+02 1.142849678831585578e+02 1.680720604343034097e+02 1.325068212874718938e+02 9.721252784640117284e+01 6.388734099045755244e+01 6.330774854425590803e+01 4.740216603292314801e+01 3.611083496082699185e+01 2.435257067634423223e+01 1.553530966811184655e+01 1.125469701902050268e+01 4.750792670939518736e+00 3.825861750669704353e+00 2.858722845695565784e+00 2.177818389351433570e+00 1.302637860848072204e+00 1.077369246239027856e+00 7.716115005648325198e-01 5.534973843916657366e-01 2.646670212030243219e-01
4.637510596434138677e+01 1.812704888009774322e+02 1.110414042965642238e+02 2.314301901210636743e+02 1.135889957610249468e+02 1.711136181546343096e+02 1.359878229047222362e+02 9.891185994494402678e+01 6.424815921471453350e+01 6.347695834528635572e+01 4.679152949620242197e+01 3.634447031381824189e+01 2.378752114153299857e+01 1.627092864172287179e+01 1.133360216731559156e+01 4.756758809431236301e+00 3.984424853444722192e+00 2.964673127495452754e+00 2.115604263109892802e+00 1.283146562227052367e+00 1.090626736842738920e+00 7.772313744428474003e-01 5.757552083274610766e-01 2.697754490697678031e-01
5.399911369820958384e+01 1.988255810767286960e+02 1.047262694446834388e+02 2.349782125339675929e+02 1.184048734550816278e+02 1.677057230821619669e+02 1.360129729222925050e+02 9.568797104395625297e+01 6.290700108275940039e+01 6.350464897823187016e+01 4.833602536243555647e+01 3.707287985454359358e+01 2.463694525513998101e+01 1.595840477074754915e+01 1.135045444994049824e+01 4.766430360388951293e+00 3.788807710730238920e+00 2.950430221168907963e+00 2.215155128363416104e+00 1.305469138537852958e+00 1.100661167862817980e+00 7.642392858773739972e-01 5.413167828758389533e-01 2.756224782487929348e-01
4.753552913265338731e+01 1.868464407429759433e+02 1.125082626985825556e+02 2.352763087602744463e+02 1.176592163122762429e+02 1.691001792869794542e+02 1.368770640084387082e+02 9.607384169100141946e+01 6.364008465149876770e+01 6.248993346455753795e+01 4.707251079613288169e+01 3.557774639484316737e+01 2.450633062157443831e+01 1.578943915090807693e+01 1.124097417852394543e+01 4.639769992617984506e+00 3.858862545769012442e+00 2.874165658032237225e+00 2.170870243680504075e+00 1.316717409732781396e+00 1.071056905704487860e+00 7.628226789084375792e-01 5.399919456696610220e-01 2.799223360959713913e-01
6.054072820908992014e+01 1.893526392358781720e+02 1.127081220001294781e+02 2.380282282084300505e+02 1.210447344082388526e+02 1.690890334844216341e+02 1.359918723799852671e+02 9.632903336383117221e+01 6.280304482832514168e+01 6.380562806814172205e+01 4.747350705373709445e+01 3.666230593564224449e+01 2.455647487302738341e+01 1.577333091020756228e+01 1.127015230228211173e+01 4.766384229661578154e+00 3.778936573469620974e+00 2.951713551372191713e+00 2.168005913596748879e+00 1.293300054405862598e+00 1.138408888324408785e+00 7.834316734554276351e-01 5.677023083960456296e-01 2.773565662508112872e-01
7.758016958401685770e+01 1.983867128242069100e+02 1.082982269893423677e+02 2.290484533142304713e+02 1.225736487102944352e+02 1.702505890549189473e+02 1.370232714946543808e+02 9.633670062487665575e+01 6.293276599170357599e+01 6.278759945246471119e+01 4.671674122618806990e+01 3.650227756551106495e+01 2.446593756075441561e+01 1.600816151068921300e+01 1.133634640499641222e+01 4.637896028211393684e+00 3.840824741593087843e+00 2.921294738793080548e+00 2.156683466738323229e+00 1.293793751805219827e+00 1.106029089102279039e+00 7.761304990957589300e-01 5.543252185996431214e-01 2.592601919747909989e-01
5.864004924622138049e+01 1.920330548721857156e+02 1.135931834976489085e+02 2.328725454526839940e+02 1.211093313934323135e+02 1.670876104079294748e+02 1.372359790155838084e+02 9.729563617236654238e+01 6.419776729695445283e+01 6.462586874317989327e+01 4.724958408539444576e+01 3.703759780064197571e+01 2.472464064516994853e+01 1.597408293242184385e+01 1.150047277012639668e+01 4.764479779049318076e+00 3.908037346953846303e+00 2.969137012825704414e+00 2.200525074889649435e+00 1.299254434559675264e+00 1.115052432243617719e+00 7.714516226835791413e-01 5.549803361973059124e-01 2.687222557845699855e-01
5.844433475593870497e+01 1.846168102490608476e+02 1.178294961179480538e+02 2.339186532973116641e+02 1.240532955573077345e+02 1.689878194770220716e+02 1.367308470185937210e+02 9.623499159336341791e+01 6.573103252124985829e+01 6.473207660608041181e+01 4.792806033164085022e+01 3.677753587603864105e+01 2.475017883264011331e+01 1.579620855314553651e+01 1.153932524754926803e+01 4.771378872791559367e+00 3.926853023831218703e+00 2.994546760231402871e+00 2.203956107775283169e+00 1.280595541695249695e+00 1.106440591116170546e+00 7.665503285111177068e-01 5.437765028315234561e-01 2.753088862632756539e-01
5.697869739932662725e+01 1.810276780843741733e+02 1.131984111572621572e+02 2.367956448460102763e+02 1.200359185932538821e+02 1.657346580879948590e+02 1.355238131356489077e+02 9.282342039755469898e+01 6.166724802501892810e+01 6.339831833136157968e+01 4.685070243337720086e+01 3.576175072507670194e+01 2.446316867116455995e+01 1.591820801924754925e+01 1.154583182306332745e+01 4.655707418420599097e+00 3.870055647273852539e+00 2.934330159724530596e+00 2.146884890919448452e+00 1.296490187010253647e+00 1.132555828682680454e+00 7.804418475966942159e-01 5.690804460085443495e-01 2.545937654491916557e-01
5.770380740437201439e+01 1.847417717080077750e+02 1.087735265144683439e+02 2.378706430992804428e+02 1.242175708770430447e+02 1.654821766444583204e+02 1.367940900018402601e+02 9.574599012507661655e+01 6.325421999448061428e+01 6.405434788956605985e+01 4.786938805612929571e+01 3.692850208619542940e+01 2.455792649756920554e+01 1.616732397591259840e+01 1.128211875688014842e+01 4.719928710154997376e+00 3.899410044728529368e+00 2.947379697856997716e+00 2.153424074059962834e+00 1.282636945581868249e+00 1.113116892794393076e+00 7.881877720805847698e-01 5.401880041054819559e-01 2.710933642961563805e-01
5.630509558989970742e+01 1.925431872501487760e+02 1.084546299951553294e+02 2.358606129485286544e+02 1.198653500994579133e+02 1.696383342614968228e+02 1.373894148528675601e+02 9.579464707463854722e+01 6.437214638746971218e+01 6.419329890763478375e+01 4.775598418135869139e+01 3.651730358362858908e+01 2.446485649848557742e+01 1.579683280963539360e+01 1.159427266955886893e+01 4.701272329702815611e+00 3.908912451407363875e+00 2.950447283827623224e+00 2.206588217131743690e+00 1.292815425668192741e+00 1.093226927456972364e+00 7.790897572254538161e-01 5.453891036335766218e-01 2.878878434060758162e-01
5.976359641519769639e+01 1.925716323750808385e+02 1.163885258287138242e+02 2.344141713330703567e+02 1.202159309928116784e+02 1.713461335642235213e+02 1.383501635794322056e+02 9.737324702250606379e+01 6.356329363273653854e+01 6.479639157771482871e+01 4.806460460716293426e+01 3.699487111161111130e+01 2.468963797165354990e+01 1.582001720708092307e+01 1.145813595595273071e+01 4.858117547268044234e+00 3.867634611887910356e+00 2.986415400393743536e+00 2.213568744028445057e+00 1.284609619933655855e+00 1.108347746209104923e+00 7.589575122285608932e-01 5.472768911505488942e-01 2.731169306053304324e-01
5.982270083673266470e+01 1.863185392361747290e+02 1.101102231761024512e+02 2.229023965364523008e+02 1.189297429554025314e+02 1.688455722644400225e+02 1.350044319293692183e+02 9.590137393074135730e+01 6.251377517247473747e+01 6.372659953341877781e+01 4.706018824369618869e+01 3.665767573853181460e+01 2.444399619331051099e+01 1.579210469395995098e+01 1.123702031425364289e+01 4.607069690786493865e+00 3.849971203262721353e+00 3.002233551464733807e+00 2.166057025364993560e+00 1.261378459968548915e+00 1.091510810172251933e+00 7.566707766281387526e-01 5.447471031276186482e-01 2.830141221038063870e-01
7.470482639246975509e+01 1.589163669865852739e+02 1.150904789666645058e+02 2.292211078429693316e+02 1.129154103419445505e+02 1.661356046680735119e+02 1.331579193946825797e+02 9.624645548015753604e+01 6.193798836568629440e+01 6.323145787203249313e+01 4.742680606527893161e+01 3.704612596682758152e+01 2.426186125423950912e+01 1.567993876173916235e+01 1.138606323151505428e+01 4.441497914936765490e+00 3.968030770180393407e+00 2.873400234839929901e+00 2.184611001408654385e+00 1.308175708126801950e+00 1.067000005385572603e+00 7.435086512745591181e-01 5.084305223843412769e-01 2.422406036533753804e-01
5.926261935650556723e+01 1.863156015167647865e+02 1.149333735952725135e+02 2.279994718546477657e+02 1.167187979030759521e+02 1.634040238019414630e+02 1.334391983880682062e+02 9.692900507928843012e+01 6.347597282528877827e+01 6.415565762178995612e+01 4.715851734238073334e+01 3.699293083118211456e+01 2.408291360751683641e+01 1.576516998436815697e+01 1.141328732251987077e+01 4.685740824870091359e+00 3.865837509945211803e+00 2.960362797635444299e+00 2.165935515763043551e+00 1.299437725626088502e+00 1.083438334557041749e+00 7.421240980459073988e-01 5.290474780689072842e-01 2.488879391610782643e-01
5.914858536945352796e+01 1.918241831451222481e+02 1.091711254571591354e+02 2.243156657142881159e+02 1.149032020075640190e+02 1.693198763714396193e+02 1.356219585092660793e+02 9.490272477086753611e+01 6.492823962660288828e+01 6.351434287820573132e+01 4.739118071081418293e+01 3.576867084143428599e+01 2.451122320583705871e+01 1.550812357172041800e+01 1.129973028637414600e+01 4.633444399808119840e+00 3.868103066103509846e+00 2.888330409045694047e+00 2.139558150782690404e+00 1.259858887856727838e+00 1.073983427862688078e+00 7.634462950028516603e-01 5.220349657352508776e-01 2.619054824036571860e-01
5.961010613604750574e+01 1.884189995755244240e+02 1.122701777102015939e+02 2.341987298038281153e+02 1.233423244644464774e+02 1.712045461264355311e+02 1.349783743901625144e+02 9.765201349959495758e+01 6.359889802858870667e+01 6.382287324687756325e+01 4.766302923577182327e+01 3.666779956080807068e+01 2.457740476547248676e+01 1.588198793233240735e+01 1.143874513417994443e+01 4.706001199659212375e+00 3.952097637142718778e+00 2.918743073982045022e+00 2.190325874656167571e+00 1.282690994731818579e+00 1.117745397029811905e+00 7.618463479745996025e-01 5.400256697886127721e-01 2.693974623823317538e-01
6.534335239546227569e+01 1.870806077840074408e+02 1.222486188062534609e+02 2.269492596453376621e+02 1.117323190827789858e+02 1.600838160819021141e+02 1.403348523621554023e+02 8.960912088535525299e+01 6.047997005119519542e+01 6.376124349462796204e+01 4.620922912047085873e+01 3.658972734343415567e+01 2.380514143324863241e+01 1.549300411429205582e+01 1.099565579436004370e+01 4.598252331444165009e+00 3.764130327478491189e+00 2.910308676578695852e+00 2.177902848960405979e+00 1.265091795014803067e+00 1.107814947214236456e+00 7.809584733885120977e-01 5.521179161101974486e-01 2.933532633803639933e-01
3.885048718773109755e+01 1.506181018225180708e+02 1.255182905481134412e+02 2.241507622688616550e+02 1.123221870015371309e+02 1.672321352673305341e+02 1.357589274548521701e+02 9.762244165883828373e+01 6.367450867481925059e+01 6.154280108051557363e+01 4.586441808891612482e+01 3.562571107300667705e+01 2.407241063519732904e+01 1.609014950867770466e+01 1.104459732304714770e+01 4.394787484709146597e+00 3.721331555869412000e+00 2.889804983881488099e+00 2.218570328153891769e+00 1.248702747854167905e+00 1.118458163056930577e+00 7.696744234853086786e-01 5.254187291515453051e-01 2.663006684192326667e-01
5.778629643394280180e+01 1.978415978109305797e+02 1.126978129519808220e+02 2.268090222581714670e+02 1.163736017486403682e+02 1.634172688366876400e+02 1.372911350131830375e+02 9.524278443370076275e+01 6.391818344424999765e+01 6.395830223923792346e+01 4.720175354353247599e+01 3.661119293585269219e+01 2.431692729045769852e+01 1.600167055473544053e+01 1.132119325002661014e+01 4.649467615143579202e+00 3.869694309519142283e+00 2.969342797521215882e+00 2.131560521203109015e+00 1.281849015463982111e+00 1.112628730538882005e+00 7.594695721100133134e-01 5.276260351210120270e-01 2.607145562183868504e-01
4.910186601295496445e+01 1.721906004003033104e+02 1.265354415829171728e+02 2.231406981225430854e+02 1.206536687467694406e+02 1.699671053063919146e+02 1.349593807808307133e+02 9.773957742338107835e+01 6.247172476759198645e+01 6.229606383223904231e+01 4.710016231051511681e+01 3.630630900977084963e+01 2.439301972858088874e+01 1.566645820435871528e+01 1.125872335121864332e+01 4.722013022469321974e+00 3.820079699154716124e+00 3.011921772323226776e+00 2.138886480069710494e+00 1.265438414433019076e+00 1.103341115077381529e+00 7.744109778273947642e-01 5.226143508566136742e-01 2.613031417313586569e-01
5.880808937468811592e+01 1.677153100125964897e+02 1.095377592844132124e+02 2.316799529814931873e+02 1.189733297374466758e+02 1.694125468357097475e+02 1.381629136744457753e+02 9.669389785458577080e+01 6.312845213491211638e+01 6.371506905666394260e+01 4.700302114555715605e+01 3.664280405116513606e+01 2.431859035139450143e+01 1.593308741834835729e+01 1.130138467860517082e+01 4.681526530814044129e+00 3.799327677563693939e+00 2.896240158552449540e+00 2.141062936264108263e+00 1.281262231609867408e+00 1.105545902435835393e+00 7.633741966582393568e-01 5.493052748310607303e-01 2.706866040499242843e-01
