6.558976827600815795e+01 2.040748609860125953e+02 4.711341414000214911e+01 2.373629044746261627e+02 1.299909272767784216e+02 1.720443301060205670e+02 1.455115440099268653e+02 9.016089791510789553e+01 7.611329378979364435e+01 7.007425841033933978e+01 4.834672506725709695e+01 3.957322203694564422e+01 2.427536317566469037e+01 1.638276475630123841e+01 1.075935595340107298e+01 5.402174257008493186e+00 3.934535928015892026e+00 3.414300763412709827e+00 2.125999006603299435e+00 1.509685213696170036e+00 1.260506746046660798e+00 8.566449243036015071e-01 5.251465252201173994e-01 3.420332629136826341e-01
6.079268874044646509e+01 2.095701501593868272e+02 6.004741506654021777e+01 2.519744529036472613e+02 1.246661759694959954e+02 1.800388796283330350e+02 1.468111734265312975e+02 8.745428974513480114e+01 8.135581347762102666e+01 7.089503586305195881e+01 4.851512125768137906e+01 4.007263187703717477e+01 2.430325517197420027e+01 1.657825543665030565e+01 1.073883435829333344e+01 5.514742458679312342e+00 3.955560662426501395e+00 3.475196217523108810e+00 2.025324954282053724e+00 1.559940180598687887e+00 1.237999429254475370e+00 8.232848065470640408e-01 5.357138376444332550e-01 3.647266379790937152e-01
6.463590087054123501e+01 2.132863363993969870e+02 5.744711798555415072e+01 2.415405628542813190e+02 1.298031457885227553e+02 1.723834650709623020e+02 1.456248630404032838e+02 8.874507789567230986e+01 7.761206188639491188e+01 7.173701236362261113e+01 4.922420818865907677e+01 3.974084586492215720e+01 2.476233728684200130e+01 1.656770625256835672e+01 1.077987985243217040e+01 5.551448192491212907e+00 3.967224751552869577e+00 3.424414511096574021e+00 2.019698758182514986e+00 1.550895463580687528e+00 1.239791465547224414e+00 8.385840357222597019e-01 5.396952195741390179e-01 3.575278001452051324e-01
4.980171266894620885e+01 2.113133554727692740e+02 3.887145034828514412e+01 2.402833919992098686e+02 1.303701275829253348e+02 1.778526345914076501e+02 1.463401247150524398e+02 8.628019448014759973e+01 7.639895270376862868e+01 7.149209659699573649e+01 4.787536737178117363e+01 3.972266655762398102e+01 2.440110829449413288e+01 1.624894328107286157e+01 1.069536695484297795e+01 5.456077602963050666e+00 3.817038718205276737e+00 3.371006373205840845e+00 2.000472636305385521e+00 1.559973605458940593e+00 1.295385028323779331e+00 8.378911107856199525e-01 5.266711110109036920e-01 3.429431589528370572e-01
1.006080195516500311e+02 2.213625506266952812e+02 5.556576437045253414e+01 2.514181790837310189e+02 1.320849132573196414e+02 1.806448827440345895e+02 1.476417991413427444e+02 8.894007883845672779e+01 7.916706506934268361e+01 7.166232802314272021e+01 4.790218493293582469e+01 4.111251495391011446e+01 2.431764027369187886e+01 1.668476366974943659e+01 1.090167747574597001e+01 5.560969277020939572e+00 3.953533382749516267e+00 3.416973411357545398e+00 2.039513615712216676e+00 1.548995564522450907e+00 1.295527898353672658e+00 8.433970377013538799e-01 5.329742784419140289e-01 3.759586172150006234e-01
6.800740149717864824e+01 1.982810529000477402e+02 5.933861127483635300e+01 2.333372963627058994e+02 1.276515722184315678e+02 1.729316635670219000e+02 1.471245842343752486e+02 9.056580546261773179e+01 7.667874136884762493e+01 6.940142003590122499e+01 4.853557695087225454e+01 3.987517104337006657e+01 2.441650367291912005e+01 1.670237300464831520e+01 1.045954025389848319e+01 5.363139026971283307e+00 3.828497749994900445e+00 3.488819231886017835e+00 2.030499437220214531e+00 1.518816437209948633e+00 1.250781802169530277e+00 8.283829478268835977e-01 5.009673919674838549e-01 3.139439104152503823e-01
8.176965498152162581e+01 1.947359400984982756e+02 6.234236476249008518e+01 2.349005270149937417e+02 1.337542324816070334e+02 1.761414840079904423e+02 1.449653432536327671e+02 8.578631707107730620e+01 7.537810227374977501e+01 7.039565395185070429e+01 4.875915579777613118e+01 4.004392829780069718e+01 2.390881300616629801e+01 1.619655809155564796e+01 1.063177610300449061e+01 5.466461463197525461e+00 3.976501828006885564e+00 3.484818281065013235e+00 2.112151904545116921e+00 1.585443688874658585e+00 1.302655353226723989e+00 8.858360276019999757e-01 5.105489956607371926e-01 3.457313768471849680e-01
6.425301180182380278e+01 2.216496939699960933e+02 6.667046633910983644e+01 2.444655252356642450e+02 1.341364889435509156e+02 1.743256107601910685e+02 1.465669735775183824e+02 9.000507219636155298e+01 7.870151107730863771e+01 7.102197376626249081e+01 4.743762652211194819e+01 4.030562217930095414e+01 2.457686421504168450e+01 1.661150056286270882e+01 1.103803971456436628e+01 5.513351474251680706e+00 3.884180855260376042e+00 3.495623224006584540e+00 2.004205954436676151e+00 1.525487538770156304e+00 1.294248508049377078e+00 8.276150451956483245e-01 5.182271734815273589e-01 3.302419952650998969e-01
7.451192972888954102e+01 2.067469858352184531e+02 5.886582066720381334e+01 2.380694804358951444e+02 1.227800862836517553e+02 1.755222441955637578e+02 1.437810162733776167e+02 8.968786312403307193e+01 7.776358285571052420e+01 7.174383754783272593e+01 4.920205791594717937e+01 3.972364504918261474e+01 2.444218114162552524e+01 1.577853669391505065e+01 1.052633900757340157e+01 5.518323231472243684e+00 3.855067606705592453e+00 3.603306933653600552e+00 2.071542753818094607e+00 1.552629945343922957e+00 1.303869536224841585e+00 8.535058881272624687e-01 5.262922274799168854e-01 3.474757466016568652e-01
4.913536160700454758e+01 2.150666450591735952e+02 5.142038396827059188e+01 2.406017590116852034e+02 1.280150761981962546e+02 1.771958836571814402e+02 1.452496553073157770e+02 8.887899296927244563e+01 7.823809047235253900e+01 7.083693527872105733e+01 4.808395157081557159e+01 3.971249511866059123e+01 2.446963116007756511e+01 1.658077595970929607e+01 1.086224641119810563e+01 5.329654620924254793e+00 3.847923543763870580e+00 3.438585100009105666e+00 2.032526570212473516e+00 1.553664621200040230e+00 1.274315530148423692e+00 8.555613025692725415e-01 5.497652603287136452e-01 3.708579475264026648e-01
7.901528844930388118e+01 2.166388902495085631e+02 5.747449746255315262e+01 2.372620487375834557e+02 1.243711389935652107e+02 1.765081995741540197e+02 1.480862380365600472e+02 8.709990650831608150e+01 7.747716702797023913e+01 7.060288293354811628e+01 4.813797282942798006e+01 4.019685718178497780e+01 2.436161799830313157e+01 1.678853328833245229e+01 1.091556373437912875e+01 5.537519211725697943e+00 3.874823455506064995e+00 3.519053017803404959e+00 1.969675562884565023e+00 1.511063083066860546e+00 1.255373412339056527e+00 8.609972274707405893e-01 5.640849608538063276e-01 3.628095704355314699e-01
7.245107643828004029e+01 2.098571082110289581e+02 6.260340459096553900e+01 2.306317822461557512e+02 1.295518193405595753e+02 1.820191160175440359e+02 1.468665947630422011e+02 8.763666074643398929e+01 7.718179402877898099e+01 7.100139529158899165e+01 4.899603959001269260e+01 4.082728206739166410e+01 2.496660490987054715e+01 1.656870982109096246e+01 1.084513921945589843e+01 5.725863432880034409e+00 4.068920163321722683e+00 3.322907723557310344e+00 2.041083841566167401e+00 1.559573293661779658e+00 1.256659897414726945e+00 8.419603889459589263e-01 5.228335913645663080e-01 3.525021627550719572e-01
7.660550779215097350e+01 2.089091745340505497e+02 5.757773135098565120e+01 2.399158297446286099e+02 1.323502278448894742e+02 1.769874988469626942e+02 1.434490383097371762e+02 8.922213770126002430e+01 7.897636193795105441e+01 7.182464703225460312e+01 4.872057735842275861e+01 4.000278093489025366e+01 2.457031580459793574e+01 1.658076854632109942e+01 1.079299832767827816e+01 5.536328321666005969e+00 3.851481532374976702e+00 3.454147239183873896e+00 2.056856605309578701e+00 1.554069167771457982e+00 1.271562951561562071e+00 8.312521825859641167e-01 5.480346698923769244e-01 3.515978053538876824e-01
6.734499668292258434e+01 1.838971221649426582e+02 5.558460211968632336e+01 2.326465047217201629e+02 1.301047594563605116e+02 1.849571048753316518e+02 1.446610913399168226e+02 8.797164350714321301e+01 7.619529676919452754e+01 7.152620104030265225e+01 4.849357010951032976e+01 4.015405304789555174e+01 2.458287363525587566e+01 1.620787911073815479e+01 1.077528698923147843e+01 5.439679309107123828e+00 3.893563474164397409e+00 3.386921141363091969e+00 2.029821944952982182e+00 1.503924815111703950e+00 1.284876721663608112e+00 8.654217427706091259e-01 5.493784494276514607e-01 3.476042011589413061e-01
7.305605776593732514e+01 2.143575305994436064e+02 5.312021506360287759e+01 2.384147490971712955e+02 1.275153501493382890e+02 1.780865170161063986e+02 1.475801392432035186e+02 8.612425878791705713e+01 7.627112104616753641e+01 7.060277218519692610e+01 4.847865227305363334e+01 4.007471401534868960e+01 2.408435150415097681e+01 1.637603163780874382e+01 1.079551632058440980e+01 5.717067703457819228e+00 3.937422778631273879e+00 3.397649144344051297e+00 2.004073745606886447e+00 1.517951941546606953e+00 1.224091503079240084e+00 8.682926652709069826e-01 5.689321909406005462e-01 3.475620075110924523e-01
5.850511160307170400e+01 2.194423454815249954e+02 5.329475002225093760e+01 2.303743707192134309e+02 1.358446865932133676e+02 1.741544747404700217e+02 1.485102226281113076e+02 8.871958349229261387e+01 7.794102300645326409e+01 7.073441854950962693e+01 4.749914741967668164e+01 4.038706975183944081e+01 2.513664221064760085e+01 1.635560172079680896e+01 1.097046844379545583e+01 5.557193664989204862e+00 3.914600375843381386e+00 3.365377433261738105e+00 1.941104775687201522e+00 1.501725333242043270e+00 1.293764502926939342e+00 8.741943461560616191e-01 5.848432159651020257e-01 3.505972675528807869e-01
6.971348260172624123e+01 1.986694601279604910e+02 6.720692788121370143e+01 2.362894209968743553e+02 1.387518197308744732e+02 1.714372785002495903e+02 1.476241536113199118e+02 9.215508215983813045e+01 7.805509473665166809e+01 7.146963903449338318e+01 4.844144138427522250e+01 3.966048049366965245e+01 2.436551195378174128e+01 1.671978340942454722e+01 1.094201947848955037e+01 5.656669792157837051e+00 3.963196866650177785e+00 3.368511830938193619e+00 1.997874151721181546e+00 1.521276720613945477e+00 1.282179986091400048e+00 8.283419841431785002e-01 5.534704200511383343e-01 3.408788023244532228e-01
6.615161771161315585e+01 2.203576227989720735e+02 5.995078415217089685e+01 2.454293610734761728e+02 1.225857238288145936e+02 1.771015559599242977e+02 1.476168348367064311e+02 8.685207466556941824e+01 7.730405601138342320e+01 7.159351928778495733e+01 4.786674758620235082e+01 3.977831853562482678e+01 2.462790044861608152e+01 1.678575557842172827e+01 1.070069722927476263e+01 5.382769717581998847e+00 3.769952969399368303e+00 3.418682085185301034e+00 1.984117325401732135e+00 1.530578750204963479e+00 1.295157478802033468e+00 8.419910838564473865e-01 5.621823913326977618e-01 3.607855171309392039e-01
7.434621425430084685e+01 2.236211903418273721e+02 5.877878743434453668e+01 2.541793067539500726e+02 1.403513059908155753e+02 1.724609877347177758e+02 1.424184363726374443e+02 8.958463499148180631e+01 7.810290786913894578e+01 7.048648056982084142e+01 4.759888643194616265e+01 4.035558027482022680e+01 2.451856974492628893e+01 1.630167801455229437e+01 1.072225855971071162e+01 5.347013796413102149e+00 3.984091668656926988e+00 3.397996013051265418e+00 2.033302993452570373e+00 1.602001632656048447e+00 1.289945816128811984e+00 8.869821715219472491e-01 5.453935979870131456e-01 3.400432450613662394e-01
7.791725484791048473e+01 2.158129096416757591e+02 5.611623865412436629e+01 2.408581780538352746e+02 1.273750507880372993e+02 1.774768129793956746e+02 1.475980881141740042e+02 9.033346799154780626e+01 7.842009110958554174e+01 6.925053761612542758e+01 4.823274313651694456e+01 3.961194998712274895e+01 2.428371246843462217e+01 1.669374497534110091e+01 1.081371274462637189e+01 5.428533292406096500e+00 3.730726822395645570e+00 3.430522153076447367e+00 1.970224225262904305e+00 1.523563971831840114e+00 1.222086189693454950e+00 8.645959426896866473e-01 5.587520924710559500e-01 3.533084543283214751e-01
7.292897447979542846e+01 2.180490834674481562e+02 4.579825870521467124e+01 2.360597364319100961e+02 1.306812163414502663e+02 1.752181494835100182e+02 1.467312670912656358e+02 8.688231859174209148e+01 7.915163041657176279e+01 6.982542861617123719e+01 4.842694330112908574e+01 4.039801792398510827e+01 2.430289674776628672e+01 1.668766726484280483e+01 1.078668765418970388e+01 5.404029823212434636e+00 3.852705763590099419e+00 3.449998977242658693e+00 2.063941743950077790e+00 1.487675289397761613e+00 1.302260827920826536e+00 8.572885256172300128e-01 5.382706961467782492e-01 3.537879464903556648e-01
9.446287311351964888e+01 2.115085458465701151e+02 5.642083126953530581e+01 2.208457981941974992e+02 1.276826345639193505e+02 1.770588501460894406e+02 1.487506692908093555e+02 8.605960314078468798e+01 7.843795382809963712e+01 7.132377107321158860e+01 4.754819400406972818e+01 4.012932519029216394e+01 2.382515958176092497e+01 1.653251104257604709e+01 1.077266405226577461e+01 5.599868818481023247e+00 3.901800403414745766e+00 3.418891430865623970e+00 2.050743647704221573e+00 1.508607705091702389e+00 1.292560678510980443e+00 8.574586334668936605e-01 5.634411829867544963e-01 3.668320564724788513e-01
7.111788899993862856e+01 1.988971464523922918e+02 3.975675046089916265e+01 2.404012058998036423e+02 1.351933662259966695e+02 1.770776909600545821e+02 1.424397339554427901e+02 8.608647645131686943e+01 7.878730891781034984e+01 7.005754906608360955e+01 4.729800224429752831e+01 3.969183620521452127e+01 2.478328257284139013e+01 1.657119275998492824e+01 1.084108905198137585e+01 5.503208650089185028e+00 3.774224517668342216e+00 3.388566231893222813e+00 1.934828187496419938e+00 1.523871926199385607e+00 1.285639740117012764e+00 8.359076121665293124e-01 5.210544328928723434e-01 3.548852562764938101e-01
5.929222015424831227e+01 2.205530156538334836e+02 5.445087374110668321e+01 2.188579224266992185e+02 1.288384133796846811e+02 1.715533436859422807e+02 1.470978328947381613e+02 9.089844366581492352e+01 7.748938329619834064e+01 7.032674306507733775e+01 4.918379100076528232e+01 3.949339090581769796e+01 2.468241379904661414e+01 1.665792551930701038e+01 1.093575892888232381e+01 5.486398063199405151e+00 3.935458999956944481e+00 3.503885764264642155e+00 2.006105710675485820e+00 1.506678577144776821e+00 1.282429764299768848e+00 8.526874137716276003e-01 5.311457148900577963e-01 3.360079558522704457e-01
7.286033592901580391e+01 2.280178656487689750e+02 5.657629663789131769e+01 2.326932875964307641e+02 1.315913080536754762e+02 1.760526249100909126e+02 1.452217041226863614e+02 9.059713346079219320e+01 7.716850531359688148e+01 7.064917481092548712e+01 4.950338382305387341e+01 3.962840501396701143e+01 2.455541541092925328e+01 1.606390718561275222e+01 1.080882323608626372e+01 5.546628317189884250e+00 3.981562229554780785e+00 3.323947380122998396e+00 1.954134767867319988e+00 1.497493927926222046e+00 1.253549672894750833e+00 8.774847850214878564e-01 5.759310819698097994e-01 3.708756548361352712e-01
7.338197945736956740e+01 2.063587695574131260e+02 6.117191032552697294e+01 2.440353897198623088e+02 1.318463938257633856e+02 1.701789393687127472e+02 1.453656601869267604e+02 8.688263528277971659e+01 7.651243438725883550e+01 7.047839955784739630e+01 4.874943702466138973e+01 4.091416711334115774e+01 2.483891167673806777e+01 1.661456643807509082e+01 1.092996622869424428e+01 5.498707979486954223e+00 3.881507482655268237e+00 3.382241827295795034e+00 1.995225109539853436e+00 1.529781703407393723e+00 1.289525327017134071e+00 8.392136102490640459e-01 5.203697465503602793e-01 3.478886689709860813e-01
6.212727620505361159e+01 2.125796435382986544e+02 5.884607755654756289e+01 2.421415526258672628e+02 1.252863372487047400e+02 1.770883585161861333e+02 1.453408089011893765e+02 8.913987163852168294e+01 7.894781663274181938e+01 7.019631802144078847e+01 4.761594597667750151e+01 3.929086985775422391e+01 2.475441513478085653e+01 1.623099190144148452e+01 1.078522426469784357e+01 5.539558564525682627e+00 4.023468867256458026e+00 3.421591611442932113e+00 2.059265097356532070e+00 1.545496770165869505e+00 1.335185618573452748e+00 8.651862121046129950e-01 5.523150217634914538e-01 3.627379473166966184e-01
7.294550231422822151e+01 2.193119389115070419e+02 5.275908089238629373e+01 2.373252116008145833e+02 1.338537229109166447e+02 1.737557265735334227e+02 1.459725442471811334e+02 8.988932887558635798e+01 7.654404907959188620e+01 7.013755257761789608e+01 4.811242381506691856e+01 3.990118589260170978e+01 2.477358420618253021e+01 1.672962602599419668e+01 1.071151230252178266e+01 5.456105076230863382e+00 3.997463552803197651e+00 3.479637963843941417e+00 2.068089269339404623e+00 1.509873707653433206e+00 1.246684025059324963e+00 8.449052747649500317e-01 5.277315394503129253e-01 3.449412856596842381e-01
5.975413334845855928e+01 2.121716059593003649e+02 5.306177923521056528e+01 2.324067484634849734e+02 1.236310105757473252e+02 1.747300057066342163e+02 1.477231110057726653e+02 8.640741430501829257e+01 7.664478986454327014e+01 7.077927878822882235e+01 4.850807726854440460e+01 4.086952506037807353e+01 2.477542437205119086e+01 1.672846875046641912e+01 1.069135782967155990e+01 5.804154403903255321e+00 3.890661454607583281e+00 3.444049473137119843e+00 2.074965779897454343e+00 1.501145694644328232e+00 1.264643516903314557e+00 8.652696447493862797e-01 5.770185762562255460e-01 3.815757071832261427e-01
8.822184481950441182e+01 2.300776247028503292e+02 5.051201272067644510e+01 2.343524097540846469e+02 1.277074577954899866e+02 1.683253739413525523e+02 1.459729388695351417e+02 8.295790418203532113e+01 7.712845097650456694e+01 7.113872295028716053e+01 4.898022070854522525e+01 4.009538434766781734e+01 2.450050623638653491e+01 1.629092322939217752e+01 1.088563413012683512e+01 5.379113754010698578e+00 3.922857398950007290e+00 3.396111565028367529e+00 2.031965262000167360e+00 1.539379993699939275e+00 1.311769538491202258e+00 8.463546363705510833e-01 5.356035391138340707e-01 3.369020671281706680e-01
7.436512552162264456e+01 2.276299348443965016e+02 6.249676729833189626e+01 2.447772942652752306e+02 1.272055744042635865e+02 1.776146449148197064e+02 1.427911672584625080e+02 8.734574325228462044e+01 7.888844243308413695e+01 7.081188856580719460e+01 4.874762255259177834e+01 4.021610891158676537e+01 2.437631672993790843e+01 1.651725514468212452e+01 1.060207150336760762e+01 5.352572816939145106e+00 3.896152640004769907e+00 3.292727012119482488e+00 2.021462509151521481e+00 1.609438416315764231e+00 1.311607398408775715e+00 8.145724931597556617e-01 5.160962042254344517e-01 3.745035289968672854e-01
9.181211731137145193e+01 2.232731170008214292e+02 6.216944340947274839e+01 2.323064453174418418e+02 1.314014135944943575e+02 1.786072440765716465e+02 1.451117163163057455e+02 8.506130669324194571e+01 7.879333974077424330e+01 7.050008210895566663e+01 4.744101408641290618e+01 4.008714582839203899e+01 2.394730143152748880e+01 1.605769123317185532e+01 1.075403519113010553e+01 5.391239771160319272e+00 3.817194672235910691e+00 3.348068769550345269e+00 1.928151621852835618e+00 1.463509369384268677e+00 1.253526880124750331e+00 8.351157502524511056e-01 5.277120336492121533e-01 3.236033468755503684e-01
6.313424180756901904e+01 2.071402549348775892e+02 6.113186530813247543e+01 2.450287791048689883e+02 1.281200595224792664e+02 1.793642864744806786e+02 1.472322404880723070e+02 8.713213274987306534e+01 7.805195717771138675e+01 7.086941651050942426e+01 4.862168803980096499e+01 4.042916698642197559e+01 2.412964114992234244e+01 1.725470256437099437e+01 1.060138117045772965e+01 5.251416429379776929e+00 3.821436187808922913e+00 3.350272479480147503e+00 2.021403093910342008e+00 1.501042402553105726e+00 1.278079478929320389e+00 8.651230659865418726e-01 5.426954088078237426e-01 3.413794473879872005e-01
7.347084600960100431e+01 1.968384884841502753e+02 5.179164309008191225e+01 2.526017546818557662e+02 1.317811306624171834e+02 1.822608463963793781e+02 1.485535818980163185e+02 8.916469389942558621e+01 7.658019491939532486e+01 7.060751577674980695e+01 4.858253787570941995e+01 3.975831922221540538e+01 2.477426284851686589e+01 1.677254467074802591e+01 1.074247334901838080e+01 5.649786521216190849e+00 3.864894852312196427e+00 3.413602975016982732e+00 2.106589015588143710e+00 1.524145654710634235e+00 1.313576125756422242e+00 8.800630930016667408e-01 5.241036717232516740e-01 3.667211933059225659e-01
7.241903613777199666e+01 1.966907074207807113e+02 5.267074779325547240e+01 2.485837579280705540e+02 1.263096257734101044e+02 1.778186253728196391e+02 1.493660356292391214e+02 8.680689724323185885e+01 7.802844642675309217e+01 6.934373588894733587e+01 4.855420310122365635e+01 4.114517531383777538e+01 2.452206528053572043e+01 1.656045390188900868e+01 1.078880181905169877e+01 5.475338179491748392e+00 3.791848661100290840e+00 3.406690027257551989e+00 2.040116687245829841e+00 1.530180335517654422e+00 1.300611331226140255e+00 9.052585927402820865e-01 5.604921771014842458e-01 3.689943055219755408e-01
8.368544589325978222e+01 2.131593238347435033e+02 7.654570804544904661e+01 2.419893271945821027e+02 1.224638345170746305e+02 1.812577472897901885e+02 1.476185600967598646e+02 8.697567984697428756e+01 7.966452815987619829e+01 7.122450133142272932e+01 4.814747279191058738e+01 3.980833854012693251e+01 2.403427354703988783e+01 1.652275868956502336e+01 1.081815463085273521e+01 5.420333393810182976e+00 3.879996305341498530e+00 3.436185474047811272e+00 2.064304779207809748e+00 1.511606942163098877e+00 1.294083978557306169e+00 8.525105161610155857e-01 5.382745589586783730e-01 3.528967019680340211e-01
6.620849334824688981e+01 2.220815603250819095e+02 5.257443087432203299e+01 2.369826340444616903e+02 1.288090805735626816e+02 1.779880882010409948e+02 1.456357674480996707e+02 8.914825439335167800e+01 7.716611529731281394e+01 6.996947804914242397e+01 4.905121612927720776e+01 4.033083194057078202e+01 2.460617243687019595e+01 1.641788940166770416e+01 1.090890843120316944e+01 5.260430022986625431e+00 3.850109292637887481e+00 3.492964068401755107e+00 2.026794715947116465e+00 1.523848442946354798e+00 1.315602388416291735e+00 8.717546418661197283e-01 5.215167787749582784e-01 3.479499349583345391e-01
6.040556346256255438e+01 2.191333752608323948e+02 4.548506070339137608e+01 2.382728342742343273e+02 1.290076947881952094e+02 1.743875049075761012e+02 1.470566501099698655e+02 8.693878355860074691e+01 7.702559158828820784e+01 7.088431899245169632e+01 4.837405539766713503e+01 4.000907477597724693e+01 2.461006727530063998e+01 1.636402432828531062e+01 1.071310277149114221e+01 5.548714731694982305e+00 3.918380643493703630e+00 3.336816346326752836e+00 1.983993349861152389e+00 1.511289457830283123e+00 1.280520400761035793e+00 8.760812907561125185e-01 5.338577983596027865e-01 3.600789013980091879e-01
7.068325416568943353e+01 2.115291600259162408e+02 5.506536677485861730e+01 2.430964898970092065e+02 1.326425153577702361e+02 1.692588780248217688e+02 1.475003251009788414e+02 8.689737552508996998e+01 7.700871639112786227e+01 6.993287712440901771e+01 4.895471899577402297e+01 4.036183553592273654e+01 2.457307970023277832e+01 1.664473217923197268e+01 1.063231158226352235e+01 5.494859947156238711e+00 3.871183790386904189e+00 3.363715394862262453e+00 2.044361817903772582e+00 1.522403503131273261e+00 1.300294952900987067e+00 8.480122904715847731e-01 5.334452625189852748e-01 3.604602594883271061e-01
6.552888724949730204e+01 1.987536103746107869e+02 5.708434767640503793e+01 2.363316241055791522e+02 1.240612887565203266e+02 1.719327197246223875e+02 1.457631986883646960e+02 9.239154406721148405e+01 7.527417237566211838e+01 6.907032234717900110e+01 4.862588024127060038e+01 3.971164998235717292e+01 2.444467561360768926e+01 1.659160064810665958e+01 1.107833410848810374e+01 5.304467766590007294e+00 3.672259902406494358e+00 3.527089722598088617e+00 1.960993151222049757e+00 1.507430540883857084e+00 1.258984947062746773e+00 8.057154232804547567e-01 5.435962404502804324e-01 3.118718015780275743e-01
8.240062211714750617e+01 2.153200944413945876e+02 4.361955583769123024e+01 2.304892711707808246e+02 1.313458082670040312e+02 1.778623537346705348e+02 1.473620226456696400e+02 8.909049753480151423e+01 7.748621087127668261e+01 7.110918418320912338e+01 4.832987785787928914e+01 3.960875046633567820e+01 2.399136647706800929e+01 1.651989439869420195e+01 1.068661244196328219e+01 5.410512282742981682e+00 3.970837102693287601e+00 3.377156150132571977e+00 2.097992763228594182e+00 1.531944466292586071e+00 1.244795861348827470e+00 8.705148400782062312e-01 5.475879070887346156e-01 3.336952271836255979e-01
9.322336355586492118e+01 2.115258780908435767e+02 5.993567009593864015e+01 2.257828232274798665e+02 1.272410368269506336e+02 1.799926893092643923e+02 1.475484132940616462e+02 8.675493379228920787e+01 7.723090181841524782e+01 7.052240632984774038e+01 4.812458297104825533e+01 4.063338611649492549e+01 2.466915737133297526e+01 1.660836062975762317e+01 1.101714142733271018e+01 5.426264662571939290e+00 3.968558177455371538e+00 3.359137542239132745e+00 1.991734949888180672e+00 1.532746209720659669e+00 1.307963490420083419e+00 8.472127635544567381e-01 5.620320684726245464e-01 3.485938168254830716e-01
9.885470920811202689e+01 2.169288605084367987e+02 6.583761000679749031e+01 2.394162855764547828e+02 1.302266072161445436e+02 1.806437422767944270e+02 1.459784068792654352e+02 8.911426715340650162e+01 7.768408107396369644e+01 7.083077510807474653e+01 4.822860980339474679e+01 4.023006526548474682e+01 2.459327182279805513e+01 1.631579731206070605e+01 1.066653763970192692e+01 5.527195257545160167e+00 3.967323167859266864e+00 3.440860232646924199e+00 2.032902945189011046e+00 1.523370600933266372e+00 1.286490305698193115e+00 8.681098619641194336e-01 5.590362278426458387e-01 3.780023230710231052e-01
7.134934565142840768e+01 2.205355126562296846e+02 6.480577485147449579e+01 2.363616391322843242e+02 1.279786680446210028e+02 1.706319100559176718e+02 1.486688305453305077e+02 8.745426915974398696e+01 7.766972763732252361e+01 7.116133271665738391e+01 4.840561828051259141e+01 4.012220532821304175e+01 2.458914519611064975e+01 1.635286003050165249e+01 1.061964259569435853e+01 5.279450141552277209e+00 4.038120581930207287e+00 3.460545199083673751e+00 2.013432751369778284e+00 1.476448620477288864e+00 1.285676398216166527e+00 8.698902471714855533e-01 5.091899356874810545e-01 3.523143973748763536e-01
6.445768832922914271e+01 2.132675856651967479e+02 5.179619756507870676e+01 2.371578298568888954e+02 1.217663321272842580e+02 1.783174490805657229e+02 1.465136209683112725e+02 8.610384850563873727e+01 7.934887713326419600e+01 7.134115715533837943e+01 4.873016528103683243e+01 3.987868890608122285e+01 2.413602234935679647e+01 1.625043748264321408e+01 1.049640410328002638e+01 5.675323358186807887e+00 3.977107512511050658e+00 3.332672649385270969e+00 2.043022702639043509e+00 1.547460285337449726e+00 1.281305827513007367e+00 8.430369552788617993e-01 5.199158095247466971e-01 3.591836287427631613e-01
8.416630519193110160e+01 2.259378130294460618e+02 5.566366021837256994e+01 2.328586824453330735e+02 1.294161818113161075e+02 1.744067329886190976e+02 1.475864834607456260e+02 8.869195337694058878e+01 7.618176815972786642e+01 7.072418426582298423e+01 4.823897225134227540e+01 3.987642206793121602e+01 2.460411887242581841e+01 1.653556320576470640e+01 1.071522800307160850e+01 5.409987984616929424e+00 3.929388151061482315e+00 3.484745352558532350e+00 2.041368610290460683e+00 1.533604801866466083e+00 1.295880149523183977e+00 8.431016014236656364e-01 5.313793475473521655e-01 3.287790582761720426e-01
6.701453550609720367e+01 2.080154111042447198e+02 6.031765123363413750e+01 2.453325358519792303e+02 1.304426246964728762e+02 1.728260808738750427e+02 1.506261366130852650e+02 8.660800107737125586e+01 7.800484965689338424e+01 6.886187646414158792e+01 4.810958448076324601e+01 4.005126363766434849e+01 2.428445345280182366e+01 1.680283655206395110e+01 1.063606922942867961e+01 5.585436732388671999e+00 3.707074277062631928e+00 3.420960686350489333e+00 2.038464727638308993e+00 1.513131323723072574e+00 1.299031925144604305e+00 8.484268471721330140e-01 5.266655288614151553e-01 3.568695180745786177e-01
6.734547402705217678e+01 2.068704927367860762e+02 5.401429052410619391e+01 2.410872759928680864e+02 1.271191054184067752e+02 1.753043634151917161e+02 1.466574647363570989e+02 8.727333181114512684e+01 7.624870223475450359e+01 7.050368858061035837e+01 4.827478891859959020e+01 3.993469368976712985e+01 2.472803785206313520e+01 1.627833188450100366e+01 1.091793093360525191e+01 5.412265125015806255e+00 4.040373072153406575e+00 3.502239044065815321e+00 2.096373380057279245e+00 1.528639950409326875e+00 1.298072317010047438e+00 8.713038917766393610e-01 5.416514471819509069e-01 3.606372367255218925e-01
7.530741973644184384e+01 2.141818323824118977e+02 5.560632319420444958e+01 2.410751730708356320e+02 1.278814734916266360e+02 1.739234607614183119e+02 1.465214646812981414e+02 8.815190447579090005e+01 7.535638211667148312e+01 7.050304170335499521e+01 4.825031277745615910e+01 3.994038140495992906e+01 2.435777094071407234e+01 1.659176844649353200e+01 1.086305171761736332e+01 5.488546202332104329e+00 3.937416877243550051e+00 3.502303675777512115e+00 2.042424999752752157e+00 1.520297227764237480e+00 1.278720234399319144e+00 8.835046633426937301e-01 5.493512028169701411e-01 3.463855222420137436e-01
6.856269537790349489e+01 2.133055148505671070e+02 4.354871848351783115e+01 2.451798720701551133e+02 1.268684135115458673e+02 1.789326458075509265e+02 1.486444906862013795e+02 8.766694798323841553e+01 7.671243645415997037e+01 7.129950724916668037e+01 4.769491726456976011e+01 3.986046948840986914e+01 2.445019214265776597e+01 1.640773920561800736e+01 1.085794805517834050e+01 5.409960309948697699e+00 4.003069439349844494e+00 3.490759658629500883e+00 2.021736856746058741e+00 1.615824612048677889e+00 1.319157664868285229e+00 8.662717080107170675e-01 5.709867817478992968e-01 3.782407202124820622e-01
8.121089562126982742e+01 2.137542088507854885e+02 6.216774893083834996e+01 2.539595725780004329e+02 1.317276902177821398e+02 1.777044699422854990e+02 1.477853933581214392e+02 8.950878366784155560e+01 7.841229926640460235e+01 7.133131762526264197e+01 4.717675178820721982e+01 3.962234158994983346e+01 2.453390625639780254e+01 1.662307495274242441e+01 1.077225107890932598e+01 5.462177625792580038e+00 3.876220092010236762e+00 3.287313435892218028e+00 2.080261425971859701e+00 1.505339522381276218e+00 1.231746498711405291e+00 8.186351712746041676e-01 5.340526696640569559e-01 3.170820763229601491e-01
7.352054404072357841e+01 2.377392866418340134e+02 5.238036606687203545e+01 2.325529155090403890e+02 1.307404159048911936e+02 1.777051075537487463e+02 1.487585703822009009e+02 9.013752232644280582e+01 7.884613515308627996e+01 6.897771607289828921e+01 4.643147512581530378e+01 4.092697057085585044e+01 2.451488127377447412e+01 1.663266015964091338e+01 1.068772832126381900e+01 5.570382095903687159e+00 3.926324677778165295e+00 3.416777262798539549e+00 2.013598688922437319e+00 1.501463183671099211e+00 1.233799889979384279e+00 8.511049124769470842e-01 5.620704787247786660e-01 3.665941477416694849e-01
6.393344415524716595e+01 2.225180597285918225e+02 5.706948232783031472e+01 2.340437522295434576e+02 1.316026971577725533e+02 1.677887236934345196e+02 1.459829450512077074e+02 8.955770929636298661e+01 7.798459015442539055e+01 7.159449563726283827e+01 4.799708012585159622e+01 4.047569851837554467e+01 2.442050430856069099e+01 1.626133033924610416e+01 1.062428394200923520e+01 5.369334250704804745e+00 3.861113898918823839e+00 3.433564043638596797e+00 2.005265345272646993e+00 1.568894283260969802e+00 1.219954303566309628e+00 8.278311978785098946e-01 5.299978527817138518e-01 3.356819007422720547e-01
7.609100215753797158e+01 2.200545193191297244e+02 6.465153565762295784e+01 2.378407235252432201e+02 1.380583661293941304e+02 1.737072756417275343e+02 1.443617696960713488e+02 8.676163077880228514e+01 7.767359936785543084e+01 7.210885746885323044e+01 4.781177420540610257e+01 3.897928786835671389e+01 2.381986712257528538e+01 1.647432813894949888e+01 1.083582322535015763e+01 5.472106057344743313e+00 3.721381513486897497e+00 3.291683067790608597e+00 2.011984648573633905e+00 1.462471753045536671e+00 1.228685106468644150e+00 8.453908111005778991e-01 5.490303463803101192e-01 3.622886868788077752e-01
7.922640862043698462e+01 2.120586781832654708e+02 5.947308752352493855e+01 2.487344062514941072e+02 1.307025652782928660e+02 1.775961973543254544e+02 1.458242611786694454e+02 8.912339776155337745e+01 7.596985090512436045e+01 7.133204037745630899e+01 4.891960747674548315e+01 4.002598582075149380e+01 2.465610095570153248e+01 1.695283872318986340e+01 1.075804780803732008e+01 5.430420862102375956e+00 3.853144707971165595e+00 3.467205426622737008e+00 2.044825991777037721e+00 1.539885920918766748e+00 1.270044736866940527e+00 8.508962794659229445e-01 5.347229195603948604e-01 3.591883206925224337e-01
6.420575192703279299e+01 2.139652438207561715e+02 6.129922645338881892e+01 2.431476257472303928e+02 1.312838099516015973e+02 1.744785039976354710e+02 1.485706457356415058e+02 8.947693601359694071e+01 7.789185300312190918e+01 7.078478961883804743e+01 4.825585477661711309e+01 4.005712531234500062e+01 2.467467129666222547e+01 1.658981034516306252e+01 1.065382646746522610e+01 5.368391863711717171e+00 3.933608227572007898e+00 3.407048937119979914e+00 2.037210113279952939e+00 1.565961065950737696e+00 1.306117668775304663e+00 8.408909266035810015e-01 5.484370826748791172e-01 3.491829618660843293e-01
7.327579860761728980e+01 2.164423624576594136e+02 5.995246055185861422e+01 2.401793379703844664e+02 1.346735023182858697e+02 1.735594013016231827e+02 1.465500169332104861e+02 8.661585963759296192e+01 7.796071203115862147e+01 7.137431318712074813e+01 4.817350469128681567e+01 3.994954082096980130e+01 2.446978027691240953e+01 1.662529803600612865e+01 1.090354403055955856e+01 5.530996929490705760e+00 3.827432560860104971e+00 3.367550608800408352e+00 2.017639658114565471e+00 1.550430176395051207e+00 1.293626475001321330e+00 8.651713075231310945e-01 5.312910279523773704e-01 3.312605406763827753e-01
7.070596685356953515e+01 2.125043708121321231e+02 4.379131631972774130e+01 2.360246120876127804e+02 1.275978547669534606e+02 1.716965712696114679e+02 1.466022316408426036e+02 8.697508259149810783e+01 7.863040255681252688e+01 7.060761009666275356e+01 4.800306269939508041e+01 3.998489843457480220e+01 2.434373092498035263e+01 1.643756769824298303e+01 1.073440894772761922e+01 5.557572806436745338e+00 3.843353635738920637e+00 3.451211317290341363e+00 1.972131295751441638e+00 1.565186080332522822e+00 1.291802203853555042e+00 8.561340433676211115e-01 5.366861982045478818e-01 3.727452834828531847e-01
8.636378014975240092e+01 2.132106294276541121e+02 4.098470997431209639e+01 2.483291367654246642e+02 1.288166938355936111e+02 1.768043604467195848e+02 1.461560398556777045e+02 8.922757955804108576e+01 7.591351540303357126e+01 7.088438519629355028e+01 4.802109431355111724e+01 4.023897635152901842e+01 2.448426381137827335e+01 1.659058827935237090e+01 1.063816472807027580e+01 5.141986156835975486e+00 3.851443751898245615e+00 3.287318442072600710e+00 1.993155855819340738e+00 1.409346241305990066e+00 1.212307610068339869e+00 8.211828057521024515e-01 5.104285546495813675e-01 3.215355754917652020e-01
8.276975162168635336e+01 2.110127908986565615e+02 6.726591390958962791e+01 2.307132399161831984e+02 1.330524264383059574e+02 1.707088870031361125e+02 1.441068000852526438e+02 9.082282866271181376e+01 7.806271619379946003e+01 7.124203589888468002e+01 4.747469665847340536e+01 4.031569804985331729e+01 2.426577482719487833e+01 1.651048600688161727e+01 1.085349374749112172e+01 5.417353669871134869e+00 3.973934750829245299e+00 3.333235618570477676e+00 1.980310002881412013e+00 1.479757240744363767e+00 1.230848248048013627e+00 8.291373325195943167e-01 5.400393989301066622e-01 3.493053569317275953e-01
7.101811691470145149e+01 2.141707926813602398e+02 6.502395690404581785e+01 2.447945234359011977e+02 1.288946116712990033e+02 1.725890912462979259e+02 1.487427588625439796e+02 8.715757559922977293e+01 7.727758433610259203e+01 7.087649670548661618e+01 4.791736414252829235e+01 4.034403740213452494e+01 2.447050493204358901e+01 1.666394454647710077e+01 1.085796879812667193e+01 5.409211220774066575e+00 3.919886933645262417e+00 3.422892701555053652e+00 2.042488987734986328e+00 1.538026761047937230e+00 1.275908444859258584e+00 8.669450725383174294e-01 5.414651049116893100e-01 3.662203998799566929e-01
7.435566657713690120e+01 2.075543256772295706e+02 5.401643880865762526e+01 2.405390840497751981e+02 1.218710138967436905e+02 1.761222824860888068e+02 1.437097734943543799e+02 9.003993094698785171e+01 7.883265981373868669e+01 7.077795528997391727e+01 4.838001621674148112e+01 3.964729078352944924e+01 2.427806727214646543e+01 1.637347472894508371e+01 1.075526722144228309e+01 5.485217525949336981e+00 3.844924092827118667e+00 3.384512970256900566e+00 2.017700878431930800e+00 1.528084324317952492e+00 1.255780566059441439e+00 8.580978472110593058e-01 5.625982749379324632e-01 3.427481540138739846e-01
4.646429430237068203e+01 2.052882316778467384e+02 5.819408890851642013e+01 2.317523728101849372e+02 1.261402034592586574e+02 1.763205112695712558e+02 1.456172369318868505e+02 9.152739270269570682e+01 7.697947831028804444e+01 7.112988273026488173e+01 4.833006475996351980e+01 4.004241172084260114e+01 2.375595313389979424e+01 1.685187272699700500e+01 1.077941076233916817e+01 5.568842072864682358e+00 3.926906207823160688e+00 3.460597320278489430e+00 1.985654538770201816e+00 1.523512432241425518e+00 1.287875933179727816e+00 8.760631255543872564e-01 5.650285645064307971e-01 3.643182523139022466e-01
7.992574344900363315e+01 2.215864720001559931e+02 4.625099995573351919e+01 2.429168346353155812e+02 1.274384008331228273e+02 1.734806401734353187e+02 1.478072568877524873e+02 8.853193151019506502e+01 7.710885637308059870e+01 7.115716323398442000e+01 4.945807938970551021e+01 4.089314625284905702e+01 2.473823174823099791e+01 1.679809099292408092e+01 1.085533711897320863e+01 5.563969150385968732e+00 3.815709973014670631e+00 3.431323510899275675e+00 2.052452273352983081e+00 1.547258358831609337e+00 1.274950579126769457e+00 8.369512655312216776e-01 5.376293618489957904e-01 3.512075104286725424e-01
6.101981152219501325e+01 2.098346977099485855e+02 5.446034044243988603e+01 2.436985489135924468e+02 1.286068000746514599e+02 1.737042723286833734e+02 1.476279382548313208e+02 8.875187169487070094e+01 7.772497975770491507e+01 6.956205192807564686e+01 4.824757197374027839e+01 3.917904301277103940e+01 2.467827120386310824e+01 1.658130838200278845e+01 1.076717784182457116e+01 5.602778391144536130e+00 3.954256665794590564e+00 3.332187436161812233e+00 2.037115071806899991e+00 1.543185277907849651e+00 1.240193590438138482e+00 8.626314121527838275e-01 5.436400144379086585e-01 3.641430707391658528e-01
6.028198034435884267e+01 2.121987684043094475e+02 5.417209520753346652e+01 2.496346242770576964e+02 1.318155590140061690e+02 1.774181981976820452e+02 1.472191854086383387e+02 8.866946317790930721e+01 7.702861208077938215e+01 7.124397356626282374e+01 4.857459084173489572e+01 4.065579474875848121e+01 2.479099184282559065e+01 1.657614568958201673e+01 1.068853018685844525e+01 5.555251565743175135e+00 3.807932237183275781e+00 3.441224842730564060e+00 2.020956703046467240e+00 1.524181960858073337e+00 1.304197815714623898e+00 8.738353859279099911e-01 5.661337349957016318e-01 3.679811232839986790e-01
9.098952655217749452e+01 2.207926686867829744e+02 5.033417500315386661e+01 2.344800543569602951e+02 1.350933212556140290e+02 1.783201743433470767e+02 1.483746166146760856e+02 8.884594685091600752e+01 7.727542434704766094e+01 6.981084072740792124e+01 4.783091420750606204e+01 4.007153338369243301e+01 2.433452952648848466e+01 1.654223145911371873e+01 1.074932279147352787e+01 5.403623869281029890e+00 3.897226007397873726e+00 3.419409061330915378e+00 2.016055308950337022e+00 1.533745837786124833e+00 1.288210885310371534e+00 8.731928514035492972e-01 5.482687976004249064e-01 3.464524684510744690e-01
7.322504318079188579e+01 2.142471725948811923e+02 5.497527613927552892e+01 2.413158790362805348e+02 1.314199754770656909e+02 1.750640242023524422e+02 1.485455143666902131e+02 8.987578997896326882e+01 7.860307149927336923e+01 7.178765990678631681e+01 4.869375009189862880e+01 4.068855537922574683e+01 2.468281305363447231e+01 1.672245512631211284e+01 1.089932426375411900e+01 5.535365589129248143e+00 3.939946227001710710e+00 3.470627161355201551e+00 2.052557948474797112e+00 1.539143091551756992e+00 1.292102466889357482e+00 8.579370773388828031e-01 5.510236308570073405e-01 3.538032680216611214e-01
7.475886994845870959e+01 2.141082055613170496e+02 5.437601261403242603e+01 2.421564266655874178e+02 1.314093215264824437e+02 1.753332700052930306e+02 1.485005362984458941e+02 8.911214489960202911e+01 7.979252972260637478e+01 7.150493866134490872e+01 4.909181717243821907e+01 4.054567453452997938e+01 2.479896389485719865e+01 1.658426917200645079e+01 1.093264693257664710e+01 5.636433776292269826e+00 3.961125137245927075e+00 3.489252210416546873e+00 2.021795268241983745e+00 1.528017907108773388e+00 1.280919941580021648e+00 8.486797901299393265e-01 5.460510180198552277e-01 3.554165679154248636e-01
6.778747120656557001e+01 2.073827333267836082e+02 5.621863110147994291e+01 2.488133297876297263e+02 1.310046381640820528e+02 1.722938531724338702e+02 1.493183293040827948e+02 8.484636621883282714e+01 7.621116078444723030e+01 7.118167526425952474e+01 4.772706974807212532e+01 3.960628395103538679e+01 2.433350472502900175e+01 1.654715692484462508e+01 1.087337759400367609e+01 5.395101353846429859e+00 3.920755871465079423e+00 3.408030384231358401e+00 2.045359641450239518e+00 1.570092999172636450e+00 1.301832476740662159e+00 8.482619713719946608e-01 5.514057776393139765e-01 3.355209640228958845e-01
7.130833874233692882e+01 2.064548896561733500e+02 5.624334454587845045e+01 2.462993091580543137e+02 1.344965759397903753e+02 1.747953376344572405e+02 1.485679156202674278e+02 8.845073798029474688e+01 7.751303626168832750e+01 7.135252143759201715e+01 4.893957289929439725e+01 4.087239698843399793e+01 2.447281935618221027e+01 1.701658130592603513e+01 1.078230629435980781e+01 5.511899186288010455e+00 3.943755260339337987e+00 3.435431910029706604e+00 2.002081134930918438e+00 1.537035020789188522e+00 1.296675128270914579e+00 8.843048984338661711e-01 5.467814016088798912e-01 3.599868770997819989e-01
6.966166383101457882e+01 2.125652038479181556e+02 5.175522105364141368e+01 2.328326869801565522e+02 1.268682383374750486e+02 1.753368789569454123e+02 1.488700838624186815e+02 8.834756008817203110e+01 7.832437035771974365e+01 7.109645869411437502e+01 4.896304088982002867e+01 4.001395747258218449e+01 2.458176997922715046e+01 1.652511285253649120e+01 1.099698184708645599e+01 5.529934517377911085e+00 3.974819069746170275e+00 3.465623492332636335e+00 2.048873055578147362e+00 1.544651382424010455e+00 1.279398752478611678e+00 8.534157028203802620e-01 5.416673790937490685e-01 3.735352078851691404e-01
7.332981316497746604e+01 2.152541987739010381e+02 5.785345049971999742e+01 2.430513932859730915e+02 1.308326044166899749e+02 1.788312377700849538e+02 1.496977045653910068e+02 8.972556189418958184e+01 7.789872784026474051e+01 7.215786558858083310e+01 4.918002162715161063e+01 4.068492688836791160e+01 2.473033635515296780e+01 1.659353871359417454e+01 1.088468475680820191e+01 5.654572059227929159e+00 3.926284579037807365e+00 3.495266524221394278e+00 2.055338408356703006e+00 1.535709195929954474e+00 1.290559380234346465e+00 8.515703020746109297e-01 5.487515469818091685e-01 3.596942446785819092e-01
7.337523781157891278e+01 2.039805709014484307e+02 5.234669280337558916e+01 2.314854377266974268e+02 1.318924866917885481e+02 1.727487231008262825e+02 1.465094775134469955e+02 8.848797625241815012e+01 7.657126106965061751e+01 7.130933946782630528e+01 4.798743811624983380e+01 4.048734645951297750e+01 2.449245203644945690e+01 1.648591458843943158e+01 1.060691389301460497e+01 5.355327692324147293e+00 3.949506337729719263e+00 3.507480390617546018e+00 2.027825752508157997e+00 1.499823810300753957e+00 1.269305641842674470e+00 8.430831012923087897e-01 5.515248535805636898e-01 3.581698798694866737e-01
8.251920480773803490e+01 1.804142560070246759e+02 6.186229545374163052e+01 2.408083511912847996e+02 1.256421566300301720e+02 1.737856628405778849e+02 1.457983355423330067e+02 8.657382234816293476e+01 7.553643761429265169e+01 7.106157656112758048e+01 4.788735441356836731e+01 4.011521735474224926e+01 2.421265144106879319e+01 1.634909592886226193e+01 1.098248479238879227e+01 5.256049967942479029e+00 4.005133836293664373e+00 3.350876618551031250e+00 2.050523548907238869e+00 1.543818468513198372e+00 1.264529404140609437e+00 8.418914469758900232e-01 5.197163199212661011e-01 3.308241533066612616e-01
7.261157985850653063e+01 2.086011851104790651e+02 5.753152675466790100e+01 2.326216258885881132e+02 1.341288494101749507e+02 1.719384242193806358e+02 1.445135972954077488e+02 8.963245303109621887e+01 7.813506865032621818e+01 7.060620183301566044e+01 4.831136848916678161e+01 4.065021119076055811e+01 2.417493744760211882e+01 1.650717305026876147e+01 1.081565647808831798e+01 5.444371256429646699e+00 3.938922652987455475e+00 3.438105696880319861e+00 2.017370932281491669e+00 1.561256958706303211e+00 1.262421292325101918e+00 8.322471905032353678e-01 5.328757985545909959e-01 3.345122240313318507e-01
7.248890076518814851e+01 2.145438340598408331e+02 4.381557610995030672e+01 2.314968647521720868e+02 1.228740341592363166e+02 1.786111520810712818e+02 1.451642242289292710e+02 8.744695218255785107e+01 7.866407561561881323e+01 7.102338776566645606e+01 4.800336317476041614e+01 3.962008191276957803e+01 2.446172681616024747e+01 1.624415319470726260e+01 1.064607733765279818e+01 5.393668834977107807e+00 3.865455906693531674e+00 3.380441735729287966e+00 1.975888137621754970e+00 1.475277892809382152e+00 1.265870277237000963e+00 8.358212558963458161e-01 5.356842458488466630e-01 3.515751752202791458e-01
7.586651048935074471e+01 2.107712427992272524e+02 5.689054370368317848e+01 2.422171871010011728e+02 1.327328674018141328e+02 1.791056678369538417e+02 1.465225224181664032e+02 8.905824046835860486e+01 7.791487501982476260e+01 7.108654159483660351e+01 4.877263569552874856e+01 4.017269758854773443e+01 2.457068045842364512e+01 1.654950672325124117e+01 1.083364103310394100e+01 5.510149378848304025e+00 3.988709730949601795e+00 3.410368223770845475e+00 2.026487957378470206e+00 1.520967557177430596e+00 1.297766860828449609e+00 8.401830132702503562e-01 5.411913923484086286e-01 3.546893421146308789e-01
7.245402875961676159e+01 2.091422294064612686e+02 6.632256795963047580e+01 2.310540921520998836e+02 1.228403561081717186e+02 1.690331224261861109e+02 1.487634523840599741e+02 8.279084908654742492e+01 7.561334685760105856e+01 7.084137180814767021e+01 4.699091663307196853e+01 4.020300474803334367e+01 2.390282730727703253e+01 1.631814941673106034e+01 1.040905843269981723e+01 5.400568199831488947e+00 3.805955551394260006e+00 3.414051036150380192e+00 2.032617522302809121e+00 1.526915694473741425e+00 1.301214816706530941e+00 8.897668175037950489e-01 5.465355629743955390e-01 3.663168202135887452e-01
5.717906862557126857e+01 1.715064524114449682e+02 6.576072004333235554e+01 2.338376042005284603e+02 1.176178742484799784e+02 1.750159983809192283e+02 1.447968147602880435e+02 9.074728292488417480e+01 7.815498412748006274e+01 6.849625210765481143e+01 4.654281183241154451e+01 3.928964316158207026e+01 2.421581546891173176e+01 1.672775897474651785e+01 1.038668620880622129e+01 5.090045533200427741e+00 3.837159486310398382e+00 3.376771208528406731e+00 2.056301702664242725e+00 1.479218001584909681e+00 1.297192032988222499e+00 8.577714413095105517e-01 5.199368742219536710e-01 3.551354478215252297e-01
7.112387737362779205e+01 2.197063589228974081e+02 5.461428764774694855e+01 2.365851985932069113e+02 1.271636667303343984e+02 1.721548158635696097e+02 1.498498542103473881e+02 8.648359469313231784e+01 7.759075202518349101e+01 7.108476558133429535e+01 4.870935028805385514e+01 4.013844782053237736e+01 2.422997778419400206e+01 1.671420382884993572e+01 1.072811288484366621e+01 5.514773054200069247e+00 3.876493267992063618e+00 3.453223538294603934e+00 2.004216832232754264e+00 1.513658494703688850e+00 1.282533063842025589e+00 8.510782983408166080e-01 5.336516612059378772e-01 3.421432340280968765e-01
6.468112135232900073e+01 2.049394164326363352e+02 6.790719495419602936e+01 2.303930674039927737e+02 1.314184539479519458e+02 1.758178019130756127e+02 1.472630896042409177e+02 8.995089760984352267e+01 7.633653222829065044e+01 6.998937040137212762e+01 4.843146394840126590e+01 3.986398194335490075e+01 2.425052076925026867e+01 1.647776793030010722e+01 1.068036254963723941e+01 5.491137345186907659e+00 3.836514277003792106e+00 3.485700871437503512e+00 2.008305573614718842e+00 1.519295267829580576e+00 1.261708426510027792e+00 8.610578080306725557e-01 5.250201286738125361e-01 3.408091068435725179e-01
7.538033981960522567e+01 2.018378626790293140e+02 5.171641234846124036e+01 2.436296564231942625e+02 1.277029968455328373e+02 1.774354266704389147e+02 1.479170761553050966e+02 8.918403185553054868e+01 7.716746852108101962e+01 7.078813964225084021e+01 4.804038725183229275e+01 4.031785102275723887e+01 2.430694561111775798e+01 1.667335643420083358e+01 1.073553065631047865e+01 5.460155676334317754e+00 3.830936228846314240e+00 3.400422071898738796e+00 2.010191156071208241e+00 1.524760122842308441e+00 1.272207968170166126e+00 8.511315930887556336e-01 5.518506206984210571e-01 3.546329610884039751e-01
