6.874092737810561005e+01 2.074151716012204076e+02 1.958331030943415101e+02 2.398788796089269795e+02 1.552198096337307334e+02 1.190956272191885432e+02 1.308673486873116190e+02 1.095864139274198834e+02 7.913784559740285829e+01 6.511188480003039558e+01 5.644293323520430761e+01 3.402639455055173556e+01 3.034990593167795581e+01 1.928701452890453893e+01 1.127344962508831294e+01 8.231981877767465150e+00 4.964175463127888044e+00 3.295133654484839969e+00 1.787910277722570607e+00 1.400828840584999790e+00 1.065039191151952780e+00 7.562247385076257267e-01 5.841260565636189339e-01 5.429832881849909754e-01
6.654639743639884841e+01 2.224534039265658407e+02 1.860526527947092177e+02 2.379116045703411828e+02 1.481371110779016078e+02 1.201062504005458464e+02 1.319231765429043151e+02 1.086397522173777617e+02 8.004144561050669893e+01 6.389760235304671454e+01 5.647609896024654574e+01 3.324364028080729128e+01 3.089923795712791588e+01 1.913687264948872624e+01 1.130216539057550840e+01 8.114531951607226290e+00 4.836884284148163182e+00 3.331161387934765461e+00 1.820195747413908105e+00 1.394433636380927322e+00 1.060664729858967537e+00 7.500511111794043728e-01 5.647359110880996180e-01 5.307450500879725697e-01
5.694059254002567627e+01 2.152381010297391697e+02 1.797724296840650027e+02 2.254724417574681752e+02 1.480879066603514218e+02 1.255871785343937432e+02 1.294986793489324839e+02 1.093725967113605151e+02 8.030276027076654088e+01 6.503336420244252736e+01 5.742536574246899761e+01 3.372293122201192261e+01 3.097198581397517358e+01 1.895280169048459840e+01 1.156218540199956912e+01 8.205995643815734653e+00 4.869208917693936378e+00 3.319919905337364252e+00 1.866075250402655428e+00 1.436773994604794602e+00 1.046723511588658395e+00 7.328037683211791053e-01 5.865907547664539479e-01 5.301073377721137181e-01
7.617198608940179838e+01 2.221435016123155890e+02 1.871252040112323130e+02 2.507467923070867073e+02 1.613308514869800661e+02 1.222939564262314036e+02 1.292355050229151630e+02 1.096670084434925485e+02 7.832850861302473788e+01 6.419212616239300928e+01 5.708177823077098623e+01 3.380177278792420736e+01 3.075463640403156518e+01 1.925004549171472945e+01 1.159114688406022786e+01 8.175064538216080479e+00 4.840452980241067849e+00 3.319109861001189987e+00 1.890456888203965846e+00 1.430275643913869077e+00 1.035786571606568618e+00 7.798866225919919293e-01 5.960387163348347395e-01 5.449799083617443696e-01
8.242947680306295410e+01 1.901185385168930395e+02 2.017940870656715617e+02 2.245423836504012343e+02 1.545519815537581678e+02 1.240008997090252763e+02 1.325644190567722092e+02 1.096479841193368969e+02 7.817152986058822250e+01 6.442732927031360646e+01 5.688172111467954295e+01 3.374352305921227213e+01 3.158416296927403621e+01 1.889917074762474414e+01 1.122111951690192555e+01 8.271925127997967309e+00 4.751655092505185252e+00 3.261140130582533381e+00 1.906472966028647242e+00 1.458959078432469525e+00 1.066036391181189424e+00 7.889374860986552163e-01 5.762959691130316031e-01 5.238360940997428550e-01
7.276801839099880453e+01 2.096528411859634957e+02 1.808264887664340961e+02 2.312257223216240902e+02 1.619876188495633755e+02 1.237530820795316657e+02 1.292017933296296519e+02 1.098324334047179889e+02 7.893007443952299695e+01 6.317496977313962248e+01 5.643462396226419742e+01 3.336729385492304800e+01 3.075357426062803867e+01 1.898970481168639424e+01 1.144730043613259873e+01 8.261228255694128109e+00 4.830336513698522793e+00 3.417305939327292652e+00 1.815173115818527805e+00 1.390160947706763572e+00 1.053986892835938827e+00 7.443279154659807606e-01 5.556248198875324285e-01 5.150005628087405141e-01
6.603043774982768355e+01 2.187165175195547135e+02 1.910138988778289786e+02 2.376158905405831376e+02 1.547570090224923547e+02 1.231865958232149012e+02 1.340047687724915022e+02 1.096334737756210700e+02 7.996821706898924731e+01 6.452382429817089360e+01 5.655931177343313010e+01 3.416794759478469956e+01 3.116834548739629795e+01 1.885152644478086970e+01 1.134202521299465793e+01 8.414680131790490236e+00 4.841782754592168558e+00 3.302456810802040899e+00 1.810294293585470227e+00 1.424041910236314434e+00 1.020629910907643545e+00 7.714117186930606884e-01 5.935575352890603007e-01 5.224748991140715226e-01
8.207217751866848232e+01 1.864496472385417860e+02 1.741666643842125097e+02 2.450979627880855105e+02 1.593839540447027616e+02 1.236945911589192235e+02 1.298759028633213006e+02 1.098359842257119112e+02 7.933045468032688063e+01 6.438513000110121709e+01 5.658695310050098470e+01 3.390333097114331906e+01 3.102081444746730909e+01 1.861566258083065861e+01 1.134053946154851822e+01 8.192649983584344042e+00 4.872890547886209234e+00 3.460394747565362916e+00 1.846762770183049795e+00 1.403901547362083724e+00 1.018806602444631393e+00 7.571226570878130113e-01 5.554819217362187977e-01 5.092730491885826272e-01
8.863427413441382896e+01 2.192000721428606198e+02 1.883493565232264757e+02 2.362869568733513574e+02 1.543637817451446494e+02 1.255277416655701614e+02 1.300581891453564651e+02 1.074053529564113916e+02 7.889247106729908410e+01 6.448514503404358322e+01 5.460719154515391693e+01 3.349404790502422458e+01 3.080618373879561744e+01 1.922611050574440839e+01 1.148986528764087289e+01 8.212195418546931691e+00 4.716423158474293942e+00 3.261248299556612995e+00 1.832727383757827511e+00 1.408079809394490400e+00 1.060192686214109115e+00 7.845143733762562910e-01 5.729603294620873033e-01 5.126662241509745144e-01
8.584883717527054614e+01 2.154378805009516213e+02 1.958312785874879864e+02 2.279858304883727840e+02 1.597386272928728488e+02 1.209047811242620725e+02 1.334919641677590789e+02 1.128323848899078996e+02 7.973472402040995632e+01 6.530047533986953567e+01 5.666260072804816161e+01 3.443366266072538906e+01 3.106474819226662021e+01 1.872528035758465492e+01 1.134600594386489547e+01 8.040062162697580561e+00 4.955163523229048295e+00 3.334496126558148976e+00 1.882580256899559989e+00 1.426241365193991140e+00 9.998060362080162244e-01 7.806477011918016018e-01 5.685912484146997681e-01 5.308231502331809404e-01
8.801780249831206504e+01 2.101910649027542490e+02 1.868246622855684507e+02 2.339098340921630950e+02 1.563970370954818350e+02 1.252478544692672955e+02 1.271263988550486346e+02 1.067811597230891181e+02 7.756413195951709838e+01 6.507906482643616641e+01 5.631530674288143956e+01 3.325993663435399128e+01 3.059699137037711125e+01 1.870648459362233496e+01 1.129327055977826078e+01 8.162352670161002521e+00 4.912791029337350679e+00 3.363073407921226554e+00 1.805052352590365006e+00 1.467775695042476736e+00 1.076632230244193078e+00 7.641282383368811493e-01 5.934276583981940023e-01 5.297483431493712480e-01
7.214851702968448421e+01 2.175911812402846692e+02 1.859528982888191422e+02 2.128199242374486175e+02 1.497942797901724816e+02 1.218133039930690558e+02 1.343054193197120014e+02 1.117111138368857439e+02 7.940253734699906829e+01 6.578287007083696381e+01 5.667939376109875127e+01 3.397755492709749348e+01 3.083109445698786644e+01 1.884542058369601492e+01 1.172116610207167220e+01 7.994467043827963693e+00 4.892635719520795234e+00 3.402456748177033585e+00 1.812568771982538074e+00 1.444971611938223210e+00 1.042845051330174799e+00 7.249984043037771553e-01 5.626787762846185981e-01 5.312788819366057735e-01
8.281319715447895646e+01 2.313835769029397795e+02 1.834302519563936471e+02 2.329429539520966443e+02 1.519410978999459587e+02 1.212554669595853056e+02 1.331801766423686217e+02 1.094551452221084418e+02 7.850639097467445993e+01 6.430689461049813360e+01 5.584300193732233453e+01 3.359730651703367243e+01 3.078843152431060659e+01 1.870574203629437093e+01 1.165924774765981198e+01 8.128688050100526752e+00 4.806908583980603389e+00 3.306722029233469140e+00 1.848828836074585702e+00 1.400242175977791659e+00 1.050200183806043519e+00 7.555232016304775922e-01 5.841647866242404286e-01 5.278912556974382220e-01
4.342530868257887988e+01 2.146365521931162732e+02 1.924060761411390104e+02 2.486724723949221243e+02 1.509767134368037489e+02 1.275871172099688948e+02 1.287384184131255722e+02 1.143180064540192262e+02 7.930891362450704207e+01 6.451657207373916947e+01 5.627203254263206844e+01 3.342117910077509180e+01 3.049776081709308784e+01 1.915353202370650720e+01 1.079646315097770959e+01 8.009448408961715060e+00 4.874683426402625308e+00 3.327798441845094324e+00 1.778346131742336356e+00 1.409695670065401085e+00 1.051741105133614962e+00 7.980370809994786763e-01 5.926741955013999918e-01 5.274634733939049802e-01
7.871210577113183149e+01 2.314755638837187064e+02 1.777901372256705201e+02 2.413713160961832216e+02 1.565241491155212827e+02 1.196411860892397527e+02 1.308293158373480196e+02 1.111449978044275184e+02 8.128471246368836489e+01 6.464476648522006030e+01 5.623203426442351116e+01 3.368894478858690178e+01 3.083668588871110572e+01 1.895426022486790529e+01 1.142072467624011090e+01 8.040735451883293194e+00 4.925925265137293785e+00 3.305679264690199126e+00 1.856662237178961838e+00 1.383849045578689152e+00 1.011261882222572739e+00 7.683185253889445177e-01 5.914795774492489500e-01 5.398129437560248434e-01
7.505183858351516335e+01 2.116571914435180020e+02 1.984444220113198583e+02 2.442629121373229282e+02 1.472363426251940837e+02 1.304232183681009190e+02 1.253289037901234053e+02 1.068301272918225209e+02 8.018528544147743276e+01 6.475226838772850613e+01 5.652935557893292895e+01 3.372114003895335799e+01 3.065286963591922742e+01 1.885495882412427804e+01 1.148181462484573601e+01 8.366976419986185576e+00 4.890852862857092198e+00 3.278888675295835942e+00 1.781987737596990140e+00 1.436849215064055274e+00 1.016633118461335084e+00 7.515899050001777493e-01 6.078429051213877221e-01 5.537616437757698629e-01
9.100539713739453873e+01 2.133697741534080876e+02 1.884328381188084904e+02 2.280935443835624596e+02 1.515663555236780269e+02 1.262529834706399470e+02 1.316170918017606937e+02 1.106660408040172996e+02 7.870994787294577577e+01 6.342680595716034020e+01 5.618657244644477800e+01 3.365332063369110216e+01 3.070873215324844807e+01 1.914252297810701364e+01 1.153990118599783976e+01 8.318759676656988233e+00 4.817854686492329286e+00 3.319206588549459269e+00 1.793484452998587830e+00 1.430775609842192875e+00 1.102055326295086957e+00 7.368914261746252192e-01 5.853585005121265672e-01 5.142482066611976377e-01
7.024405316551923306e+01 2.098066273246926698e+02 1.697315426112853913e+02 2.272386337265765803e+02 1.605221356313917909e+02 1.239381611291674545e+02 1.325780483951308781e+02 1.100950713211411625e+02 7.933409455237134011e+01 6.469438733612005876e+01 5.727110352709904362e+01 3.358752259395471640e+01 3.076532568923012079e+01 1.861130524443051470e+01 1.141647571619209067e+01 8.056361892015006632e+00 4.764692286086198436e+00 3.361855193907686168e+00 1.849004175263379679e+00 1.442386551128995054e+00 1.048947227922330860e+00 7.669548665381595853e-01 5.924569125711033335e-01 5.265351433740547149e-01
6.531507963528729022e+01 2.209163683360537505e+02 1.896182294246626725e+02 2.498373506783434834e+02 1.538217014419786040e+02 1.155456911471660106e+02 1.328182736147747960e+02 1.126951612252668724e+02 7.803736544325424518e+01 6.371698460015412024e+01 5.646707742035879107e+01 3.382312903739170196e+01 3.021689360735092222e+01 1.909350091105586245e+01 1.130435268530110626e+01 8.168596051519639190e+00 4.879881319110863203e+00 3.336757091675842446e+00 1.811525326423065962e+00 1.435885310047788632e+00 1.021164971914841901e+00 8.024239717340958533e-01 5.915493265915401366e-01 5.261162383488018346e-01
6.469475304983667741e+01 2.260588487998706171e+02 1.803203009156578673e+02 2.359074365321063738e+02 1.488123882314101252e+02 1.278985515545344356e+02 1.275769435295134286e+02 1.086139384040514386e+02 7.753396178938500327e+01 6.389659700839838763e+01 5.557488315033177173e+01 3.332736769842743030e+01 3.125224756805953419e+01 1.882173353194583854e+01 1.174836560987590772e+01 8.211666062123194720e+00 4.894150277962864948e+00 3.395999240822216603e+00 1.830315536570656487e+00 1.462245252570157028e+00 1.013943385368319294e+00 7.879097564338112258e-01 6.042415562672009965e-01 5.442413721808470051e-01
8.354608768616692771e+01 2.374329667276051339e+02 1.861452795875894708e+02 2.314318100248375174e+02 1.493599394497686035e+02 1.200959873088162055e+02 1.320689065586649917e+02 1.106466296338694946e+02 7.914580052953235167e+01 6.471815201445996024e+01 5.781266763206942727e+01 3.372364958869678020e+01 3.025684472149877990e+01 1.904321306714879469e+01 1.122000050745928057e+01 8.214431491741112978e+00 4.724700947775296811e+00 3.304072419128573301e+00 1.831802398492666351e+00 1.418038336303085956e+00 1.089019239921368731e+00 7.744424304776866830e-01 5.787829730933523598e-01 5.371835049070250445e-01
5.953182785615580030e+01 2.097007718271339911e+02 1.869047196556903145e+02 2.324062860919694344e+02 1.579772709903625127e+02 1.262111926147102139e+02 1.310020401213562877e+02 1.077338204850769330e+02 7.817247291568062906e+01 6.485281688996228411e+01 5.704584651888956870e+01 3.390501357129350879e+01 3.075894114554956360e+01 1.923074424730195275e+01 1.165494654979748645e+01 8.242496125996854772e+00 4.980712223353395807e+00 3.311820671643199709e+00 1.842472618806897833e+00 1.386468151067306698e+00 1.023310919956822884e+00 7.767352632555215575e-01 5.757715029126211359e-01 5.251297787708596454e-01
7.827581297205895794e+01 2.401467461327068236e+02 1.874488704499018468e+02 2.244094564613613727e+02 1.520169585679696524e+02 1.276327151626407641e+02 1.319831409976190457e+02 1.100430913600829115e+02 7.768308294811176040e+01 6.375364079854811905e+01 5.685086697218423524e+01 3.348998822805210551e+01 3.057790534272273675e+01 1.874545871332029989e+01 1.115333567989195274e+01 8.106074688694738128e+00 4.883660770397590056e+00 3.363122240227473192e+00 1.782524694969228385e+00 1.350057668335992389e+00 1.028938564523721677e+00 8.057231662074720857e-01 5.746506671503766039e-01 5.360879942481755478e-01
1.046160994004608824e+02 1.943620860231471852e+02 1.887231836950846287e+02 2.362652477866030551e+02 1.568037132287350062e+02 1.202134879336383761e+02 1.304606615676278523e+02 1.090479614688767924e+02 8.268768815948496353e+01 6.385694518552757870e+01 5.591896700612858950e+01 3.366780073673249518e+01 3.083304803652537984e+01 1.890246345047429344e+01 1.129859487278140939e+01 8.009160123765100892e+00 4.929506039502387971e+00 3.453381132637864059e+00 1.780802394015044809e+00 1.431788125817121671e+00 1.034248918075181711e+00 7.638142414483672926e-01 5.482722926246987871e-01 5.167553075748154701e-01
5.605652957923578583e+01 2.191910893866869969e+02 1.876447962249957300e+02 2.334565863565358086e+02 1.444880774578241471e+02 1.213272796902662094e+02 1.298398044475939628e+02 1.101337249702567362e+02 7.934217789675389554e+01 6.441209249076771926e+01 5.614736100615095893e+01 3.354751462175981658e+01 3.075111647783658597e+01 1.896860500595973420e+01 1.163706163737563593e+01 8.263398181482486393e+00 4.778402625673004778e+00 3.293546727757605819e+00 1.807488917898930847e+00 1.386718177964400445e+00 1.007004794659084101e+00 8.068191392386757643e-01 5.860351303511567300e-01 5.363356295553308728e-01
7.028179570650472385e+01 2.024295170345234567e+02 1.863292385791658319e+02 2.320358158409647444e+02 1.601429434550660744e+02 1.246488384245246266e+02 1.300563462887920991e+02 1.098668889579551404e+02 7.819333596450512402e+01 6.515782169108341293e+01 5.659968455199656034e+01 3.392610940705770872e+01 3.075842132763128589e+01 1.910809717039943934e+01 1.144356699106456432e+01 8.354573069017879661e+00 4.890765917012058317e+00 3.218928396365744238e+00 1.760565494864362091e+00 1.408497182325710417e+00 1.057336769990000702e+00 7.576713948212493444e-01 5.773774746614372955e-01 5.172886458529126763e-01
4.978545997388459199e+01 2.177682838574085054e+02 1.779138592487237815e+02 2.291547385948581450e+02 1.555832049294071169e+02 1.260948901433555989e+02 1.224985099158282935e+02 1.079583295427566014e+02 7.896273026816224672e+01 6.523978060295377190e+01 5.604191202537587202e+01 3.333749976897880174e+01 3.095565506480720686e+01 1.929565550025898801e+01 1.129804029433511126e+01 8.294201921033725000e+00 4.762912946246886214e+00 3.478268155510564341e+00 1.797406162466885338e+00 1.428356864992538000e+00 1.060831494369600225e+00 7.890209070323901397e-01 5.757709969798099348e-01 5.378662537860475767e-01
7.110967701741685687e+01 2.160894997900597616e+02 1.780732878387192102e+02 2.495561746889938490e+02 1.606057198739092371e+02 1.268964357644092615e+02 1.281130843466584395e+02 1.099441807144230125e+02 7.853621130118257554e+01 6.437956444430066938e+01 5.652976494176250810e+01 3.369053310276827062e+01 3.081218632225833431e+01 1.887721680277064706e+01 1.127436795400306657e+01 8.103756015336076146e+00 4.805907947153369442e+00 3.290332984047086740e+00 1.841654909243495064e+00 1.404346077510652879e+00 1.042940979100341004e+00 7.742395110942043024e-01 5.859730595179140078e-01 5.189469678980519474e-01
5.890411198196377285e+01 2.120363383974892315e+02 1.691021147671132212e+02 2.394208225418626057e+02 1.564657112231573990e+02 1.236518857100714968e+02 1.302600640742351459e+02 1.082446030204228578e+02 7.974203652682075472e+01 6.393649037508831867e+01 5.665095616238609466e+01 3.341081027604637654e+01 3.078915469713762576e+01 1.937133459059600682e+01 1.159458105416407037e+01 8.124373292461600116e+00 4.814674986063324447e+00 3.305831674539873699e+00 1.779966915364136870e+00 1.453089340009584340e+00 1.037448150262358926e+00 7.645740949545090093e-01 5.797861627143969798e-01 5.271450271741939808e-01
8.588326012419959454e+01 2.212709118762113292e+02 1.890382571156461324e+02 2.291541127643813525e+02 1.566867776605889162e+02 1.256131651327600451e+02 1.300008134577455223e+02 1.072928097547998476e+02 7.941385497986279063e+01 6.463466214109362795e+01 5.632997143739026313e+01 3.396496110210772201e+01 3.059217000770069816e+01 1.913914954109061028e+01 1.149321821605578187e+01 8.234241829948683034e+00 4.943984522208922705e+00 3.263901313770906309e+00 1.907598690667313690e+00 1.430756939822916296e+00 1.034346678144934861e+00 7.617267507640640423e-01 5.638263143621822238e-01 5.153775912408401494e-01
8.049204746563705726e+01 2.408388682002431551e+02 1.927697448155996653e+02 2.185094813845697956e+02 1.571851381049023644e+02 1.275535782491689503e+02 1.321634974439782866e+02 1.131311014514576101e+02 8.049914292369919622e+01 6.496507503511475079e+01 5.639699078498736640e+01 3.316686917879529517e+01 3.058200450351401400e+01 1.905570785485096508e+01 1.171114964120977575e+01 8.176809892258495083e+00 4.822159781066128303e+00 3.409029929148533089e+00 1.933262940096417415e+00 1.470215212935864324e+00 9.985019252392673961e-01 7.799005248267409929e-01 5.697660748557443755e-01 5.327955838388820364e-01
7.764905778058501085e+01 2.178153535934096965e+02 1.840441052564112283e+02 2.280138899332764311e+02 1.529053507364542668e+02 1.282245739800131332e+02 1.362508706651243813e+02 1.107935336777979671e+02 7.945756440721422109e+01 6.575654210860557214e+01 5.609131058584388541e+01 3.390567224271789826e+01 3.070852267556444204e+01 1.925929868570768733e+01 1.135052848850256346e+01 7.922146417292275977e+00 4.807305293930219214e+00 3.347362846068998365e+00 1.876518544740718442e+00 1.436862585558408512e+00 1.069585808867661303e+00 7.300458577148672967e-01 5.702341518118839714e-01 5.073432408093261348e-01
5.312747915172673174e+01 2.176903360271322754e+02 1.911417521568604911e+02 2.353346192099893415e+02 1.592107325226479588e+02 1.278163009932686833e+02 1.320737080939705663e+02 1.117198985590472375e+02 8.155264536617623605e+01 6.435153827070142540e+01 5.695562836521478545e+01 3.416925799754633886e+01 3.086079616323827324e+01 1.870596845640334394e+01 1.143878782767195368e+01 8.303056535687902695e+00 4.820771958669635815e+00 3.307157344131488763e+00 1.885400819313332921e+00 1.416084049771792586e+00 1.051007993523530137e+00 7.638097053463401842e-01 5.936401296394344662e-01 5.321901096769680040e-01
5.052944203132645384e+01 2.132285212707601829e+02 1.817938845613703052e+02 2.455356962058471879e+02 1.587398395738800048e+02 1.248291061117262331e+02 1.292081988750940127e+02 1.071870974678387540e+02 7.907245700356132545e+01 6.363545309896640845e+01 5.749750592537584737e+01 3.396824869028069571e+01 3.033171907604356221e+01 1.887801800638091265e+01 1.108897606263592017e+01 7.919084484852090711e+00 4.903189795549557140e+00 3.387638032614992856e+00 1.885564710945501155e+00 1.413648597623355263e+00 1.005972900676169512e+00 7.837970231194182347e-01 5.658326136617307656e-01 5.481312429054536750e-01
7.178025073665003220e+01 2.079966316038709238e+02 1.772816583842813714e+02 2.375657137136628307e+02 1.560699721913846929e+02 1.259423695452797318e+02 1.293428850761361275e+02 1.089958223320425930e+02 7.781048960124439873e+01 6.478544639549265582e+01 5.708600800517547214e+01 3.458473167526704373e+01 3.091997333343650567e+01 1.918704382475202053e+01 1.149944445035963803e+01 8.188933163825188544e+00 4.760846083289684394e+00 3.368289829577567840e+00 1.815238055412625062e+00 1.409281480182587032e+00 1.044830184859293132e+00 7.402541630712339282e-01 5.537522471818574488e-01 5.179572462081204476e-01
8.818262834983039511e+01 2.170487744979384956e+02 1.931650888783756272e+02 2.380432594553383865e+02 1.570682701934426575e+02 1.219223669435984903e+02 1.292208388058562605e+02 1.076548296466341981e+02 7.927464734782611799e+01 6.383820320496704426e+01 5.830687623761366467e+01 3.355291133139288462e+01 3.096299955040695195e+01 1.902287610873401746e+01 1.139953955132645191e+01 8.196457845791220720e+00 4.910571912760128832e+00 3.450388237117600010e+00 1.824607886866063344e+00 1.446164571155393652e+00 1.041361804834645133e+00 7.258335850066959249e-01 5.785396067162492661e-01 5.294996117793500101e-01
7.615415140706596731e+01 2.117555164631638434e+02 1.767868156253940981e+02 2.377771502836700108e+02 1.587308651182268875e+02 1.269874110460651622e+02 1.323099231946523275e+02 1.098876183369573170e+02 7.902146715622336615e+01 6.417473299691576472e+01 5.690889837587768341e+01 3.377041740095236833e+01 3.109252748559524804e+01 1.898037314830565592e+01 1.162415712119352129e+01 8.014995205486309615e+00 4.854334751188941866e+00 3.272731690239770508e+00 1.828664663820495528e+00 1.420755166100949873e+00 1.058790199870920157e+00 7.657011763757729517e-01 5.871194002367245979e-01 5.249231499582914795e-01
6.393003194541389433e+01 2.042815382021306618e+02 1.787456256512389814e+02 2.366160412330947054e+02 1.598931585935558246e+02 1.236128425925613215e+02 1.329395734452008071e+02 1.110786053457563725e+02 7.979579242996277344e+01 6.595282191526044357e+01 5.521069588943096562e+01 3.345983962551269997e+01 3.048833545403604361e+01 1.875887673516217546e+01 1.166766090223595143e+01 8.087613690245937903e+00 4.838081598194881039e+00 3.186909927006499110e+00 1.910701448037705807e+00 1.366828500396760626e+00 1.059726114898642768e+00 7.649212886116965038e-01 5.777121920869416893e-01 5.129067049976958614e-01
6.211880308253894611e+01 2.152632883164219493e+02 1.861611313938345518e+02 2.319883077233607764e+02 1.548102006864667430e+02 1.229077459987090748e+02 1.316327757220360013e+02 1.101732418613579227e+02 7.776510995335992504e+01 6.352163131452761746e+01 5.686453509798058548e+01 3.382052915475018295e+01 3.067888584009264719e+01 1.913764653802523341e+01 1.142193128622229992e+01 8.277395193278040963e+00 4.910167052608455762e+00 3.315978411544704851e+00 1.849148579813607141e+00 1.444605829600982272e+00 1.053134970601348863e+00 7.796790723229385378e-01 5.654965810889350797e-01 5.263328922904726426e-01
7.116676084957511250e+01 2.299738709429737469e+02 1.541731981122171931e+02 2.221919783473232428e+02 1.607451994214850117e+02 1.205112226010093934e+02 1.307629260507422657e+02 1.113360241194542510e+02 7.813865937184995403e+01 6.393877762813837506e+01 5.598168971254732895e+01 3.380318705934695345e+01 3.013088874032909459e+01 1.905871470812606461e+01 1.143283633204911531e+01 8.054359505643489570e+00 4.850422704720596556e+00 3.382839485805430702e+00 1.850323269968135120e+00 1.446666722610897571e+00 1.013202585770262454e+00 7.424664694932570086e-01 5.720127149462445049e-01 5.326421570283779161e-01
7.647779810767256947e+01 2.198626306144511773e+02 2.004706959940817512e+02 2.409927810033004221e+02 1.517917300188459251e+02 1.142074646392736099e+02 1.308209650163711331e+02 1.123102562226763723e+02 8.090514903394232249e+01 6.552003513158467740e+01 5.619584650347268706e+01 3.438273385574709806e+01 3.101642864702701274e+01 1.883726443415011786e+01 1.146623418443193820e+01 8.214505718842566750e+00 4.748558325905220201e+00 3.353304795646481207e+00 1.683797524048646466e+00 1.468526278768787607e+00 1.047777222702754640e+00 7.874285256807789235e-01 5.658370450694253373e-01 5.486707412595124289e-01
6.977520520875913235e+01 2.085208779473978211e+02 1.787580977178292301e+02 2.316453330619800397e+02 1.589715902517403947e+02 1.233683527211749151e+02 1.288540247275224715e+02 1.090028568163632627e+02 7.937251248112220026e+01 6.533846195607033280e+01 5.603553774624412398e+01 3.311615289583730259e+01 3.058593094600210449e+01 1.901681881995504142e+01 1.170433835167033010e+01 8.095237985377199408e+00 4.815426710496721441e+00 3.309983236801727013e+00 1.847354254645895422e+00 1.418030271638971662e+00 1.018794838981335493e+00 7.844313586626564527e-01 5.934480962322834507e-01 5.291099554432452390e-01
6.694122164145198894e+01 2.136658154629915600e+02 1.823398498109026491e+02 2.284564325790690589e+02 1.539680677548503525e+02 1.262824729635975984e+02 1.309708246665694560e+02 1.070299456993836316e+02 7.977703485803299088e+01 6.495144260391602131e+01 5.753965490847950548e+01 3.353271712365766177e+01 3.030237875342740139e+01 1.912599079274747282e+01 1.145695019433968120e+01 8.149457451525803364e+00 4.883563264347981381e+00 3.310578407103158316e+00 1.821493829805937992e+00 1.373738657419681486e+00 1.064604353491477307e+00 7.656411944801504443e-01 5.862474355524250891e-01 5.363556049945542581e-01
7.497895187648234128e+01 2.270238964984686163e+02 1.939551473343789496e+02 2.355854954274132922e+02 1.556596662489300229e+02 1.214956631493941899e+02 1.306449157200595153e+02 1.113188001679843211e+02 8.005717820373320137e+01 6.433311960661886530e+01 5.652675723493429416e+01 3.337699393871890408e+01 3.071614715047675404e+01 1.907482945741102043e+01 1.108517877775583926e+01 8.330759267687207981e+00 4.858085297100339872e+00 3.398058030245179051e+00 1.715479513809320844e+00 1.406679884655970048e+00 1.066197238947340198e+00 7.504366017326614680e-01 5.865163163336265528e-01 5.354615769498374256e-01
7.478976786346770211e+01 2.147425364771812610e+02 1.870969543736106857e+02 2.346462876089439646e+02 1.575348542529085876e+02 1.240594551978667539e+02 1.297825021052181569e+02 1.075837062685302641e+02 7.874735439007662308e+01 6.523969048564953255e+01 5.661245345123445105e+01 3.377687426900854462e+01 3.100042206095472608e+01 1.946856514289657980e+01 1.143398646215347014e+01 7.997356260638411207e+00 4.804891164953076554e+00 3.272448294919520162e+00 1.814006565867119836e+00 1.429449391219115961e+00 1.052555572105926096e+00 7.488123071366942218e-01 6.008903226312785062e-01 5.219733940532739203e-01
6.878781426333294746e+01 2.095967596562311996e+02 1.825925162720894264e+02 2.443327367317549204e+02 1.518535301144605114e+02 1.219483185162899304e+02 1.295649372649783686e+02 1.082976259830005716e+02 7.832777299808773819e+01 6.443975029171159008e+01 5.536348994911693211e+01 3.336984830890889953e+01 3.103267453064346171e+01 1.873450116053184189e+01 1.157122944662460284e+01 8.124300476385247549e+00 4.800975673357757323e+00 3.239646352189511802e+00 1.815358295107058373e+00 1.346332994596962207e+00 1.064693290844809015e+00 7.544792735946181939e-01 5.870588052696248393e-01 5.258846924537894374e-01
7.782615744359267751e+01 2.064112166308480596e+02 1.957387581335351001e+02 2.336432844939524784e+02 1.600633835241996792e+02 1.222532790117376464e+02 1.314319567008917033e+02 1.074806856231007117e+02 7.851993197854319817e+01 6.525461720940779742e+01 5.577581273807742690e+01 3.372739852053545917e+01 3.093369776562460061e+01 1.871949969313232742e+01 1.130138311792364547e+01 8.221063643456110626e+00 4.787856448620694039e+00 3.235160131244152026e+00 1.765733417308323894e+00 1.437727115238990772e+00 1.051078302861506275e+00 7.690550416638287645e-01 5.817354915748436106e-01 5.151038873931765849e-01
7.391907959167417630e+01 2.044832303326193141e+02 1.689775123103155465e+02 2.354838014726694269e+02 1.594908656931262101e+02 1.272733673142751485e+02 1.286212520243914810e+02 1.085466614487463630e+02 7.844338437143201759e+01 6.504048235269344502e+01 5.605890578502479116e+01 3.374353929899533711e+01 3.100664458853381333e+01 1.902976190213670904e+01 1.139791534456298905e+01 8.164104058580811341e+00 4.839442304743248435e+00 3.384212003628106924e+00 1.870193945455398632e+00 1.420466273375679211e+00 1.033660799982397904e+00 7.655911377051896061e-01 6.025082058324674472e-01 5.381525134618186934e-01
7.089061832846658717e+01 2.056277994215473086e+02 1.839586059938295364e+02 2.344786455182696443e+02 1.567422580740355613e+02 1.201373232909728017e+02 1.304089057621656593e+02 1.087654980882202267e+02 7.983292345670548684e+01 6.546243732409631377e+01 5.720251078633258146e+01 3.396178612378095352e+01 3.086298913035381730e+01 1.911687617728664534e+01 1.141018596624699732e+01 8.257719670288135916e+00 4.918357713912710594e+00 3.361618574510528035e+00 1.785010443099827482e+00 1.388432280598127067e+00 1.033426793049739167e+00 7.612261056296882877e-01 5.841827633574993017e-01 5.239536034548006871e-01
6.769408072515589936e+01 2.134402180142659233e+02 1.949549946113138503e+02 2.269426362785107756e+02 1.549047919860610705e+02 1.279322687830018310e+02 1.277522839415069882e+02 1.089214069750697576e+02 7.900087923083896158e+01 6.402691602461553089e+01 5.658270108629407247e+01 3.406845492110230822e+01 3.051346075835068561e+01 1.907075526534710619e+01 1.135268849436020666e+01 8.169935182225966486e+00 4.829842659417780126e+00 3.271644899344262392e+00 1.906018847585591924e+00 1.411898330790937406e+00 1.050167849744236381e+00 7.746813665908165447e-01 5.717344902334033918e-01 5.202126181205413147e-01
6.364042748124350624e+01 2.075358704246060313e+02 1.570888694211431869e+02 2.285171039366281036e+02 1.546812616779181440e+02 1.231437922779835787e+02 1.324581302896294517e+02 1.117586962039885634e+02 8.089496001843433248e+01 6.472895176405204154e+01 5.681616375725783286e+01 3.369164624646743533e+01 3.026009904196769895e+01 1.915796232370704288e+01 1.136214301541027893e+01 8.195792220330050171e+00 4.812526981844919227e+00 3.369282429635691134e+00 1.807931356944491696e+00 1.422612142834307480e+00 1.071949485535190760e+00 7.453403961299283065e-01 5.714160414638204122e-01 5.184309880872609577e-01
6.454854170026602844e+01 2.102326794158457517e+02 1.808126861869049549e+02 2.206360964994467793e+02 1.468678997674351194e+02 1.203975112854142253e+02 1.304049982953122253e+02 1.100970421255027674e+02 7.897957218835423987e+01 6.431431710187762008e+01 5.645087458856906437e+01 3.340302407341254565e+01 3.073614659390949910e+01 1.932543092918204408e+01 1.111907751355501794e+01 8.145308462820269213e+00 4.861613912546736138e+00 3.270854912628658351e+00 1.825599807134485886e+00 1.474366647173999345e+00 1.013140549387075540e+00 7.277901437640208471e-01 5.714313657607059671e-01 5.447226708043354515e-01
6.002210695058089840e+01 2.113418135299660605e+02 1.888191456169472247e+02 2.324991229198201665e+02 1.558688264718390144e+02 1.276465364050498010e+02 1.281754508009087772e+02 1.099958690017156187e+02 7.935781669594931031e+01 6.450512978090657157e+01 5.666743425605992712e+01 3.371755509507840998e+01 3.080891138071512714e+01 1.906795109726333592e+01 1.146105932526076465e+01 8.182598437979443418e+00 4.952062743449639370e+00 3.294294098076830046e+00 1.911372784721586893e+00 1.467002804945915617e+00 1.039863854949957700e+00 7.404701269777627104e-01 5.540570263520806504e-01 5.213176088862343516e-01
4.645969745756919878e+01 2.222180925152757140e+02 1.845641849000757304e+02 2.290477042757042341e+02 1.576149381493031854e+02 1.232427832439597211e+02 1.335277097346364030e+02 1.109133944718589504e+02 8.023430767908209305e+01 6.578368605836300276e+01 5.699007859768867235e+01 3.381992915363466068e+01 3.083143548245196897e+01 1.900443675105744035e+01 1.152418790360521150e+01 8.257194941873276406e+00 4.873145433759975553e+00 3.288609030023511348e+00 1.828148472612290520e+00 1.352980860655832451e+00 1.035545153601865609e+00 7.490622145234193674e-01 5.538260603427946904e-01 5.111591038912077778e-01
6.924778362472591198e+01 2.082018389184422062e+02 1.977865069569436685e+02 2.330608095602503624e+02 1.589506976483313565e+02 1.236284748300448086e+02 1.318900647815851528e+02 1.105590760153082215e+02 7.974867529391585208e+01 6.527478928190885199e+01 5.728837095109421540e+01 3.415004572097453206e+01 3.100804053558375628e+01 1.895998917069999479e+01 1.160520525237821587e+01 8.155710052470384497e+00 4.903870315370777000e+00 3.265270148885330848e+00 1.808063359184559182e+00 1.430268955005328024e+00 1.028553515345203895e+00 7.325422509667932625e-01 5.791405129224018733e-01 5.353433275947084846e-01
6.961275591178402067e+01 2.097685806855127169e+02 1.934582775302312427e+02 2.359817883973518065e+02 1.560159091622675192e+02 1.213424408860184656e+02 1.339465993377458517e+02 1.113149875423204662e+02 7.976577676228211544e+01 6.469462475621288888e+01 5.693010369451298658e+01 3.426675080208291746e+01 3.032625021884683036e+01 1.901299024590663223e+01 1.150154876468178777e+01 8.099815590059872505e+00 4.908166910631544866e+00 3.328149163596540117e+00 1.808920235763529227e+00 1.401050088935235305e+00 1.021911926968951390e+00 7.815252141023343313e-01 5.795778052065913011e-01 5.165163052361273488e-01
6.585719407714438489e+01 2.177657581474854283e+02 1.831066260237802226e+02 2.464885752826259022e+02 1.552310926831925428e+02 1.209492149188004220e+02 1.307268480804624176e+02 1.091500371246947765e+02 7.949118568055219214e+01 6.572935657325174930e+01 5.654837628490109580e+01 3.329354924501937774e+01 3.045220158944309929e+01 1.907349519557732975e+01 1.143587600858039011e+01 8.171521595462214904e+00 4.865940116389381842e+00 3.444157490417343759e+00 1.787291037642441349e+00 1.411957036823800360e+00 1.060740490892955412e+00 7.546954904637079853e-01 5.708690103211647715e-01 5.217855208319904792e-01
7.002977901519516024e+01 2.174339465697876790e+02 1.792979168333442033e+02 2.336956276539118846e+02 1.553760492224548102e+02 1.246377530280342114e+02 1.324060938446007754e+02 1.089100244044082899e+02 7.898275733262714482e+01 6.385111691351302454e+01 5.716981525053376600e+01 3.373291838291424938e+01 3.088989876727493211e+01 1.924149984543358372e+01 1.158095103728433983e+01 8.168114134954620909e+00 4.860410648288868707e+00 3.329146201506134162e+00 1.818915098135850172e+00 1.413284963145990725e+00 1.012876723504447796e+00 7.521874903483499741e-01 5.752786312946854830e-01 5.429036900012210731e-01
8.233411930210866103e+01 1.910583067717900008e+02 1.747136537412491464e+02 2.241095439446469584e+02 1.470971979987869531e+02 1.235128110559173962e+02 1.285419505247724885e+02 1.095908249688881426e+02 7.762130640293689510e+01 6.405454231633436279e+01 5.734349347562606880e+01 3.357309054562995243e+01 3.075985087782502703e+01 1.873123863181793425e+01 1.172207688979620244e+01 8.055437550831598514e+00 4.717695205236472233e+00 3.348854732646782129e+00 1.671841555385237044e+00 1.357358352082046027e+00 1.025341143241761843e+00 7.493140107217133306e-01 6.006843846695845146e-01 5.249384624433344193e-01
6.275931526777648628e+01 2.028228915381005208e+02 1.935647690976531976e+02 2.320455072206725333e+02 1.587465844875510186e+02 1.171449512617280533e+02 1.306981096573381933e+02 1.119407476172714837e+02 8.143585932651301107e+01 6.567985965924690106e+01 5.543942060636232583e+01 3.357262080999856124e+01 3.037517756772701105e+01 1.931172259216350184e+01 1.146871156005765080e+01 8.095492607764342097e+00 4.944643302709504695e+00 3.291902129655275289e+00 1.798445531711104328e+00 1.447823215694923338e+00 1.040114779216460894e+00 7.833549206074746918e-01 6.229486523050122848e-01 5.249684277069073257e-01
7.445512780860187263e+01 2.120730201464561446e+02 1.879571810416444180e+02 2.422434476117286124e+02 1.529071964273985600e+02 1.248780795570603459e+02 1.298884916926270989e+02 1.094455388742980659e+02 7.944000412435677561e+01 6.386689586414560438e+01 5.742352209640166194e+01 3.464382029271415320e+01 3.071019494352507095e+01 1.873646210218195662e+01 1.142379348523174443e+01 8.201176497505041851e+00 4.951602954345407426e+00 3.366914889169954961e+00 1.782494375265050834e+00 1.417600534624392727e+00 1.083354268265306786e+00 7.610199420900006784e-01 5.976516153431177258e-01 5.369667510072380079e-01
8.958277781873360368e+01 2.027023395397064007e+02 1.776295514331605148e+02 2.386484253764193113e+02 1.557651289772060750e+02 1.227079625002171497e+02 1.305655837261708143e+02 1.090802971443248879e+02 7.816838600140205529e+01 6.475683371144337741e+01 5.628566141353024932e+01 3.381992989462489874e+01 3.057575837051214052e+01 1.921600941496507531e+01 1.132404920437417317e+01 7.994769945996075933e+00 4.964564216953944786e+00 3.300416815976541685e+00 1.847062725891591040e+00 1.437135785219479267e+00 1.072946779034907205e+00 7.698912098057828501e-01 5.797986479594027243e-01 5.128146549560302914e-01
5.879864186253141867e+01 2.108956482900911737e+02 1.885492344232842470e+02 2.340204723306992776e+02 1.498221029871646977e+02 1.273572625611118241e+02 1.329409299192183482e+02 1.070727631682195806e+02 8.041276090889016359e+01 6.455795400615119206e+01 5.602114248255571738e+01 3.326082652778038096e+01 2.983962741657916240e+01 1.963013677702089410e+01 1.136921011781705815e+01 8.194883634758980406e+00 4.943987249798353467e+00 3.296571191669707801e+00 1.821000621327777180e+00 1.426782952835906171e+00 1.035440514749812912e+00 7.593122745665310536e-01 6.237880211836119848e-01 5.403724564690157717e-01
8.184901643369724411e+01 2.062879496143137885e+02 1.815825914390853200e+02 2.381702756679101753e+02 1.562272629613867139e+02 1.177829729819928275e+02 1.281477594305102627e+02 1.099812020667423127e+02 7.639212017978674396e+01 6.485405952678296160e+01 5.694269377773051133e+01 3.323578854329499421e+01 3.046611025977625431e+01 1.910865004979490678e+01 1.130274491469548082e+01 8.098998188136240728e+00 4.846625535354672110e+00 3.370492546433141001e+00 1.811194926740169242e+00 1.395173638584343845e+00 1.030723913652656476e+00 7.348468747177665517e-01 5.800086952111253025e-01 5.388849917588558469e-01
5.492355268025982440e+01 2.186418366213868296e+02 1.856997582028232898e+02 2.375074798838696211e+02 1.542801406275569036e+02 1.285386396005341680e+02 1.303300405042383545e+02 1.099731176038088876e+02 7.996593425979736480e+01 6.514028634953407959e+01 5.697252581667068227e+01 3.369585819055067333e+01 3.062594983991920827e+01 1.869248016995830497e+01 1.190096194087507087e+01 7.942824519307044362e+00 4.997433532444645721e+00 3.327594368347874365e+00 1.777481158378565684e+00 1.463008926066994286e+00 1.054672711278208830e+00 7.519794694847403704e-01 5.655906035720492664e-01 5.215541694152607821e-01
5.084964585233414169e+01 2.129535408205277918e+02 1.879815354468210842e+02 2.370582126698421064e+02 1.609785793878621689e+02 1.247271953655279759e+02 1.284481017020946183e+02 1.088870678957606515e+02 8.025446379970935595e+01 6.445947961075786736e+01 5.680436757983157037e+01 3.371689506883490850e+01 3.070949720430047236e+01 1.890897933463304170e+01 1.153146592664407599e+01 8.194426396460846362e+00 4.900679282147159199e+00 3.353593610038835493e+00 1.812085740652817689e+00 1.438432872852089206e+00 1.046061968490433092e+00 7.484402312725506601e-01 5.847545608533147865e-01 5.381906794992535881e-01
7.297741328746788270e+01 2.246278607247194259e+02 1.880023747929511160e+02 2.434769534140877738e+02 1.524179385736940731e+02 1.178672363046341616e+02 1.327966037192928468e+02 1.090801004046540186e+02 7.979887595762789942e+01 6.360785145561615650e+01 5.681836563067651014e+01 3.346710117593649869e+01 3.057252189666288089e+01 1.918102427231488250e+01 1.152228806196602662e+01 8.138721166553780861e+00 4.820856389684483823e+00 3.362130515069339243e+00 1.833462475110599899e+00 1.406822447340005500e+00 1.044991690014959618e+00 7.708145838369319103e-01 5.828825977184859397e-01 5.229438011871937464e-01
6.993294331984790801e+01 2.127238394978618317e+02 1.845436961940839922e+02 2.330109624877225372e+02 1.546018589566414505e+02 1.220434787799058824e+02 1.296870695464192238e+02 1.087465944269569604e+02 7.851276474762984492e+01 6.445866514258894142e+01 5.586924654856643002e+01 3.354884236922165996e+01 3.062237413356168148e+01 1.889524327424878081e+01 1.137341439196564430e+01 8.137989721667343801e+00 4.858765753349722161e+00 3.319795752063950278e+00 1.796979653512245534e+00 1.422874227853928586e+00 1.052634059551268209e+00 7.660108545965822469e-01 5.848604867684942255e-01 5.245967046307891124e-01
7.732354515126287708e+01 2.043776737889487833e+02 1.848694581265833961e+02 2.339333510410485530e+02 1.599977244494178308e+02 1.225433715360592828e+02 1.257597026057610066e+02 1.082493857982908310e+02 7.913833697571912751e+01 6.556751081922665492e+01 5.615710289100888275e+01 3.349311743204379610e+01 3.091664719647629056e+01 1.889165906797005690e+01 1.138349791133625111e+01 8.126669165280572926e+00 4.948534646313417440e+00 3.355502132450442598e+00 1.896921073235948496e+00 1.389478742825082991e+00 1.079402314490046200e+00 7.795124387987011350e-01 5.874282863055603210e-01 5.483859391041060460e-01
8.023816334479487011e+01 2.097865199214176641e+02 1.850272910628623890e+02 2.313331613858049707e+02 1.561395584018006844e+02 1.265162454097411597e+02 1.293532361376569781e+02 1.072020097618038506e+02 7.717652472973084343e+01 6.537302935652346036e+01 5.629534852109642884e+01 3.377507435352355714e+01 3.082331868930791074e+01 1.928893048804674493e+01 1.165292424042311836e+01 8.210121662762388084e+00 4.852512784673876922e+00 3.273051534009425279e+00 1.806969340065573082e+00 1.417678003454030389e+00 1.048273782872606086e+00 7.941705797754951002e-01 5.909838808287779521e-01 5.218837092337736960e-01
8.948322479190160550e+01 2.162154381078223366e+02 1.716059051644878934e+02 2.423480249115845879e+02 1.530202756750205708e+02 1.221975800647490331e+02 1.278625115711103604e+02 1.093475999529024563e+02 7.863967427001323074e+01 6.295396452765914574e+01 5.651901619775306784e+01 3.394571434546214306e+01 3.060556902067213159e+01 1.869885483607666998e+01 1.140387205809726012e+01 8.052459500604923548e+00 4.933148251409373408e+00 3.339696437343409485e+00 1.797111450930360066e+00 1.418276231911464569e+00 1.033722240654009417e+00 7.875129277888093249e-01 5.672431515334266372e-01 5.067691534610453408e-01
8.137438339339803406e+01 2.097444042337867245e+02 1.894444815112342155e+02 2.365337994826428201e+02 1.542592295106839799e+02 1.222490535500484299e+02 1.318093770549764940e+02 1.090923256770834087e+02 8.037527711656220220e+01 6.400176367787928200e+01 5.703668926068167622e+01 3.377000489488943913e+01 3.056989676349830276e+01 1.912284943829666162e+01 1.143959890808912938e+01 8.140722160510671657e+00 4.856182270835681436e+00 3.336222684686275919e+00 1.862056467254849412e+00 1.414511108391928618e+00 1.031071111111567573e+00 7.659858456512316227e-01 5.886525786958328732e-01 5.276105973648099745e-01
7.984519147538944139e+01 2.130443991646372695e+02 1.964918241001066690e+02 2.346293913210487005e+02 1.580848706936149313e+02 1.245216462203921992e+02 1.314841903563966525e+02 1.092685689960311493e+02 7.993247619274848148e+01 6.479557415062231485e+01 5.614832905656585638e+01 3.362363761677224261e+01 3.057973500751728935e+01 1.910290517000498056e+01 1.144195865857295580e+01 8.084426401319076305e+00 4.961817330471836485e+00 3.246048425146083272e+00 1.837718475426721509e+00 1.452399974792411674e+00 1.019645992533216639e+00 7.759446132583802669e-01 5.798916996093304022e-01 5.251253183945610026e-01
6.776281126065310900e+01 2.144790131510132483e+02 1.864087765872879743e+02 2.305911449930818264e+02 1.508137296229608921e+02 1.233403771013727805e+02 1.306746802000210153e+02 1.086588430815865678e+02 7.977175076584165936e+01 6.501360307546525519e+01 5.681143695927617188e+01 3.321082249531753661e+01 3.078158749893145796e+01 1.908504075639723752e+01 1.144635823614770587e+01 8.120160206044525708e+00 4.940780190671761218e+00 3.376662240801463710e+00 1.823602297837653818e+00 1.405841765061498272e+00 1.025105785558265481e+00 7.325844932212859373e-01 5.736744389956855983e-01 5.353272439623346646e-01
7.965088952545818302e+01 2.086774837452271925e+02 1.911000520900716140e+02 2.235422992327308407e+02 1.590703548495175994e+02 1.225312902395462800e+02 1.365611227588391898e+02 1.100229734595731372e+02 7.975472767726338930e+01 6.435056406168995125e+01 5.739225702597200041e+01 3.396181239876239744e+01 3.082877537768113640e+01 1.924160494771539476e+01 1.104460580430866301e+01 8.034826859731792226e+00 4.877219948848669162e+00 3.228081946728352136e+00 1.810454449347972394e+00 1.420615774922574071e+00 1.051989745208355753e+00 7.561720976292753971e-01 5.643968744422903638e-01 5.016826547206123532e-01
7.958282812317303012e+01 2.146310870601459726e+02 1.798039788982282232e+02 2.313882181051830003e+02 1.511582932816189668e+02 1.228873312916753093e+02 1.291020171382807575e+02 1.109888045991727381e+02 7.731817578295827786e+01 6.543482250434067282e+01 5.682203466054977525e+01 3.394800901732462250e+01 3.070755052934817897e+01 1.922799851394238857e+01 1.153833861657951410e+01 8.289324399857337156e+00 5.018314979738943471e+00 3.371410007054722158e+00 1.835514884253521162e+00 1.444364053332017006e+00 1.023018864244707338e+00 7.537438943358750754e-01 5.488098991607144317e-01 5.104189583638517602e-01
7.757669544567401942e+01 2.065431178139584176e+02 1.798289585921263267e+02 2.330957307050942688e+02 1.596393455996216062e+02 1.200433351147492971e+02 1.320235191468722178e+02 1.082639907264148746e+02 8.097667324466316074e+01 6.443512909079605322e+01 5.595078526056181545e+01 3.363909416255935270e+01 3.049680659674688599e+01 1.897205846548658670e+01 1.166252991397446159e+01 8.178836622630713649e+00 4.841051431773918168e+00 3.379285732789143903e+00 1.801959931456699637e+00 1.466894374938225276e+00 1.026266744576078249e+00 7.592698927948395848e-01 5.516641043644472386e-01 5.163053482212465184e-01
7.763244245666612642e+01 2.051957760044596171e+02 1.838275408583186277e+02 2.332242599172140274e+02 1.560105830239756699e+02 1.251065487612413136e+02 1.282834424838306973e+02 1.105218681773067857e+02 7.880413226761314149e+01 6.372637773290875884e+01 5.631472681426687643e+01 3.397050822214167454e+01 3.079701040929351308e+01 1.906069634572505933e+01 1.149998364729763090e+01 8.115825382296968371e+00 4.912220881839179931e+00 3.272404074313098654e+00 1.814817860565575591e+00 1.450623128150392516e+00 1.030528618585825784e+00 7.630438080196756401e-01 5.777210508736908556e-01 5.339400774998090959e-01
9.359696896002074595e+01 2.109368939452030531e+02 1.845455808183341446e+02 2.384980253692277756e+02 1.603136365664945515e+02 1.217903861592166095e+02 1.342725420937120191e+02 1.136210570872873546e+02 7.869319640597001353e+01 6.596111876556469156e+01 5.697855308649049988e+01 3.391909714199884007e+01 3.057285547058440045e+01 1.892629732954646826e+01 1.172743494897803984e+01 8.027700127331325319e+00 4.892883286428607370e+00 3.367400577413983243e+00 1.782973502454241688e+00 1.388512052449968559e+00 1.010360214315361160e+00 7.493397060521851394e-01 5.783773610016174072e-01 5.145994600103104277e-01
4.648522175207675389e+01 2.324863245334580597e+02 2.065921932280661508e+02 2.257162848726667903e+02 1.575945562936387319e+02 1.223218621593009203e+02 1.299969333924595105e+02 1.105687529600133132e+02 8.082921082781916766e+01 6.368908450411554156e+01 5.574812787243109113e+01 3.360487241200686981e+01 3.062765262515461728e+01 1.890672019966491746e+01 1.147547867116509224e+01 8.180111086714729751e+00 4.719471308735512238e+00 3.438062733789705838e+00 1.770747098278310672e+00 1.366352850068071278e+00 1.034294009813193416e+00 7.450941712090746183e-01 5.337953492972274949e-01 5.172679179431696195e-01
6.326375853314517883e+01 2.157067490056595034e+02 1.943810124345182260e+02 2.348761517328667310e+02 1.627710944479377702e+02 1.260021349717624020e+02 1.312829452439623026e+02 1.106618819090644905e+02 7.857355417074693094e+01 6.508998067736318660e+01 5.649900366785142580e+01 3.370362529890734038e+01 3.083765286672842976e+01 1.925708214489216275e+01 1.155394272948272416e+01 8.066162265241889173e+00 4.818858110555416019e+00 3.399333290237336325e+00 1.780949201969412865e+00 1.450524360362259069e+00 1.056498845399912456e+00 7.446320765515394013e-01 5.782460993472773314e-01 5.308405272292633370e-01
7.035548275908064397e+01 2.071388670611336238e+02 1.878779843319337317e+02 2.352369753624000452e+02 1.536196464089130700e+02 1.218510642702875941e+02 1.271624774703388283e+02 1.078406407218837586e+02 7.981837833020840378e+01 6.300508823645184719e+01 5.606415010654738751e+01 3.368199519673351716e+01 3.095216947892498283e+01 1.880834781406829848e+01 1.138277174041088990e+01 8.129676848161151881e+00 4.802187213834540280e+00 3.302636672843216825e+00 1.863330167240542234e+00 1.395238415812603883e+00 1.067850509859487262e+00 7.711388426468498425e-01 5.709662273438026459e-01 5.301068780156577009e-01
7.253256694244531388e+01 2.022149928598703070e+02 1.908859957499144571e+02 2.318482635497518061e+02 1.582708295326090138e+02 1.252664245695931982e+02 1.311217929181476904e+02 1.091643860664621428e+02 7.894781817433943161e+01 6.501568818295989161e+01 5.641674310700643957e+01 3.359940131951298525e+01 3.066087879875688671e+01 1.904415609059057957e+01 1.156155321478418863e+01 8.144601431472702657e+00 4.874046003258682980e+00 3.351831018737290613e+00 1.817208132462994286e+00 1.425808339595354690e+00 1.051431840169772869e+00 7.537331531309489074e-01 5.751396820455987324e-01 5.256823566827160121e-01
