1.230246376991271928e+00 1.598870682716369673e+00 1.817210384607315099e+00 1.904517724514007471e+00 1.828860585689544571e+00 1.712977216243743994e+00 1.577952169179916320e+00 1.440772424936294538e+00 1.334337861537933323e+00 1.241877889633178800e+00 1.159755837917327836e+00 1.100240582227706820e+00 1.054455651044845510e+00 1.032843068838119605e+00 1.019927604794502285e+00 1.013403081297874486e+00 1.007753767967224157e+00 1.005469875335693430e+00 1.002615329623222307e+00 1.001438378691673181e+00 1.000960353612899700e+00 9.985520142316818282e-01 9.972657907009124800e-01 9.934028208255767378e-01
1.233161436319351267e+00 1.604739389419555629e+00 1.828210055828094482e+00 1.910625218152999905e+00 1.836078342199325641e+00 1.715712840557098495e+00 1.582700818777084351e+00 1.448393012285232651e+00 1.338460901975631723e+00 1.246536453962326041e+00 1.165457749366760165e+00 1.106564705371856583e+00 1.059582965373992991e+00 1.038376742601394565e+00 1.024781441092491141e+00 1.018108215928077653e+00 1.012054491043090865e+00 1.009548897147178659e+00 1.006280742883682189e+00 1.004600365757942093e+00 1.003111303448677161e+00 9.994658201932906660e-01 9.972161918878554854e-01 9.925175595283508567e-01
1.201243004202842801e+00 1.611940295696258518e+00 1.808438667058944738e+00 1.911575485467910784e+00 1.828762093782424936e+00 1.713248441219329843e+00 1.582905633449554372e+00 1.449258061647415108e+00 1.340634132623672592e+00 1.245908898115158037e+00 1.164877150058746258e+00 1.105452228784561175e+00 1.059274859428405824e+00 1.037183732986450169e+00 1.022963902950286830e+00 1.016181110739707849e+00 1.010459327101707494e+00 1.008305286169052017e+00 1.005289465785026648e+00 1.003775720596313370e+00 1.002945973873138330e+00 9.999448704719543501e-01 9.975206732749939409e-01 9.928195464611053733e-01
1.202211360931396467e+00 1.603642351627349916e+00 1.810501667261123604e+00 1.902893121242523300e+00 1.827327190637588528e+00 1.708846663236617935e+00 1.577391581535339427e+00 1.442167875766754204e+00 1.335268051624298069e+00 1.242263998985290607e+00 1.161006993055343717e+00 1.102880616188049334e+00 1.056524180173873839e+00 1.034367291927337673e+00 1.020436941385269192e+00 1.013786866068840054e+00 1.007898531556129518e+00 1.005574331283569434e+00 1.002782402038574272e+00 1.001164565682411300e+00 1.000020856261253366e+00 9.973043334484100741e-01 9.952689236402512130e-01 9.907252335548401012e-01
1.199375977516174308e+00 1.611350677013397181e+00 1.809239038228988683e+00 1.916139512062072781e+00 1.842206556797027606e+00 1.717771902084350488e+00 1.582577999830246052e+00 1.449269199371337802e+00 1.343245513439178529e+00 1.247254768610000619e+00 1.166589088439941468e+00 1.107202713489532364e+00 1.060874580144882229e+00 1.038780285120010305e+00 1.024950944781303441e+00 1.018208443522453210e+00 1.012177094221115015e+00 1.009891607165336547e+00 1.007420172095298661e+00 1.006139434576034608e+00 1.004973369240760750e+00 1.002251482009887784e+00 1.000474085211753739e+00 9.959509867429733321e-01
1.214863191843032819e+00 1.608473305702209366e+00 1.826722414493560764e+00 1.910089627504348853e+00 1.826269949674606430e+00 1.711131275892257664e+00 1.576809418201446489e+00 1.442276794910430926e+00 1.333405566215515092e+00 1.241950271129608208e+00 1.160902935266494795e+00 1.101203439235687309e+00 1.055588722229003906e+00 1.033042535781860449e+00 1.019289095401763934e+00 1.012474543452262843e+00 1.006126695871353061e+00 1.003995683193206867e+00 1.000704143643379229e+00 9.990961194038391335e-01 9.982926928997040150e-01 9.956304979324340776e-01 9.934667229652405229e-01 9.893807452917099399e-01
1.219845680594444204e+00 1.611847351789474470e+00 1.823945242166519209e+00 1.910191907882690332e+00 1.835036240816116271e+00 1.714635171890258825e+00 1.583591688871383685e+00 1.448072285652160618e+00 1.339553701877594039e+00 1.247572807073593193e+00 1.165404375791549763e+00 1.105892796516418475e+00 1.059605033397674534e+00 1.037486798763275209e+00 1.023754146695136980e+00 1.017402507662773070e+00 1.010929884910583443e+00 1.008358633518219083e+00 1.005286487340927071e+00 1.003704411983489919e+00 1.002812936305999658e+00 9.997927957773208307e-01 9.972433435916900901e-01 9.924289602041244107e-01
1.243066942691803067e+00 1.613000421524047878e+00 1.832332133054733303e+00 1.922114865779876780e+00 1.840131405591964642e+00 1.715548199415206865e+00 1.586517447233199984e+00 1.451527639627456567e+00 1.343926208019256663e+00 1.250907490253448495e+00 1.167271490097046005e+00 1.108500616550445628e+00 1.062679193019866908e+00 1.040905601978302064e+00 1.027266505956649700e+00 1.020984955430030761e+00 1.014891952276229858e+00 1.012906520366668728e+00 1.010261090397834849e+00 1.008869755864143292e+00 1.007912662625312761e+00 1.005080878138542078e+00 1.003283187150955102e+00 9.987399870157241955e-01
1.239850102663040188e+00 1.612257517576217714e+00 1.835183351039886501e+00 1.920422857999801725e+00 1.828941205739974984e+00 1.718864920139312691e+00 1.582766164541244525e+00 1.445176274776458714e+00 1.338269819021224993e+00 1.246960262060165414e+00 1.162815073728561410e+00 1.104599632024765077e+00 1.058158499002456621e+00 1.036139457225799587e+00 1.022826452255249041e+00 1.016478733420371983e+00 1.010625836849212700e+00 1.008104985356330863e+00 1.004806603789329511e+00 1.003055880665779220e+00 1.002019267678260883e+00 9.987825530767441284e-01 9.961656528711319014e-01 9.913540387153625399e-01
1.227444590926170420e+00 1.608222459554672135e+00 1.830002562999725413e+00 1.911777019500732422e+00 1.835601967573165849e+00 1.716338415145874041e+00 1.583987029790878243e+00 1.448829827308654838e+00 1.341564917564392001e+00 1.248966048955917341e+00 1.165972781181335405e+00 1.106109526157379230e+00 1.060769643783569416e+00 1.038883482217788590e+00 1.025303828120231575e+00 1.019042472839355451e+00 1.012921361923217800e+00 1.010529623627662632e+00 1.007551265358924919e+00 1.006267871856689533e+00 1.005402026772499013e+00 1.002350699901580766e+00 1.000169801712036177e+00 9.956032210588454667e-01
1.243476202487945548e+00 1.623310700654983618e+00 1.825019654035568317e+00 1.916545370817184457e+00 1.836760070323944172e+00 1.720115082263946604e+00 1.584395089149475133e+00 1.449618644714355531e+00 1.342477793693542587e+00 1.248373458385467538e+00 1.167126144170761215e+00 1.106639167070388785e+00 1.061024873256683376e+00 1.038436865806579679e+00 1.025239011645317166e+00 1.018750898838043151e+00 1.012680195569992003e+00 1.010410993099212673e+00 1.007332525849342408e+00 1.006031919121742169e+00 1.005012042522430482e+00 1.002090029716491637e+00 9.998182141780853627e-01 9.952186363935470181e-01
1.242990923523902946e+00 1.618226870298385522e+00 1.828144545555114853e+00 1.920181541442871120e+00 1.837297822237014877e+00 1.720896388292312729e+00 1.586148176193237225e+00 1.450983129739761290e+00 1.341691964864730746e+00 1.250517200231552106e+00 1.167234663963317765e+00 1.108098437786102286e+00 1.062513719797134382e+00 1.040264745950698844e+00 1.026610751748084915e+00 1.019853119850158585e+00 1.013507946729659936e+00 1.011292065382003891e+00 1.008373144268989607e+00 1.007140009999275110e+00 1.006193513870239364e+00 1.003243401050567529e+00 1.001169866323471158e+00 9.966243410110473544e-01
1.226012870073318384e+00 1.614047173261642376e+00 1.833766041994094875e+00 1.921920733451843333e+00 1.833241382837295541e+00 1.717203574180603098e+00 1.584915429353713989e+00 1.449994022846222030e+00 1.341369649171829215e+00 1.247212682962417496e+00 1.165383652448654273e+00 1.106284403800964267e+00 1.060622119903564364e+00 1.038632956743240410e+00 1.025428972244262660e+00 1.018959568142890904e+00 1.012910467386245683e+00 1.010492162108421299e+00 1.007704260349273628e+00 1.006302745342254612e+00 1.005360870957374475e+00 1.002458469271659824e+00 1.000219799280166688e+00 9.957725995779037609e-01
1.230982371568679845e+00 1.614346446990966744e+00 1.833944102525711051e+00 1.908068413734436142e+00 1.837341533899307322e+00 1.719323031902313170e+00 1.580630571842193577e+00 1.447623130083084186e+00 1.338355441093444842e+00 1.246020891666412389e+00 1.164112783670425477e+00 1.105622830390930122e+00 1.059490643739700255e+00 1.036563433408737245e+00 1.023113345503807059e+00 1.016512928009033256e+00 1.010666087865829565e+00 1.008845509886741709e+00 1.005970762372016880e+00 1.004636479616165090e+00 1.003778690099716098e+00 1.000997043251991236e+00 9.991251325607299894e-01 9.951057577133178844e-01
1.238384665250778172e+00 1.627576559782028198e+00 1.831436879634857240e+00 1.921286411285400453e+00 1.839356263875961295e+00 1.720256996154785112e+00 1.588241990804672321e+00 1.452530767917633137e+00 1.344162306785583461e+00 1.249995058774948209e+00 1.167332402467727626e+00 1.108086494207382255e+00 1.062243894338607886e+00 1.039913483858108556e+00 1.026166089773178136e+00 1.019294046759605443e+00 1.012897073626518152e+00 1.011073544025421045e+00 1.008419364094734094e+00 1.007565332055091911e+00 1.007153131961822545e+00 1.004825471639633205e+00 1.003070798516273454e+00 9.985096174478530484e-01
1.228016858100891007e+00 1.614417632818222037e+00 1.826124019622802797e+00 1.912965182065963665e+00 1.830171842575073260e+00 1.714336539506912338e+00 1.585751855373382480e+00 1.448452789783477801e+00 1.339688991308212174e+00 1.249081529378891053e+00 1.164646840095520108e+00 1.106442351341247576e+00 1.061029738187790006e+00 1.038534939289093018e+00 1.025333887338638394e+00 1.018382436633110011e+00 1.011751246452331499e+00 1.009663052558898988e+00 1.006705240011215308e+00 1.004900330901145944e+00 1.003529163599014229e+00 1.000039477944373978e+00 9.975498825311660545e-01 9.929431790113448786e-01
1.230681577324867160e+00 1.593658356666564968e+00 1.816758569478988727e+00 1.902077882289886501e+00 1.833501971960067811e+00 1.709555982351303127e+00 1.577086192369461015e+00 1.446337531805038434e+00 1.340356736183166531e+00 1.244896291494369533e+00 1.163471281528472900e+00 1.102678537368774414e+00 1.057192844152450517e+00 1.035210262537002546e+00 1.021825438737869352e+00 1.015314648747444259e+00 1.009041908979415814e+00 1.006689025759696987e+00 1.003853577375412032e+00 1.002683017253875652e+00 1.002234320044517624e+00 9.999546122550964089e-01 9.980285024642944203e-01 9.936873656511306940e-01
1.235201492309570215e+00 1.627625609636306869e+00 1.829815056324005207e+00 1.900030686855316064e+00 1.833128483295440647e+00 1.713251137733459384e+00 1.576568065881729153e+00 1.450316544771194538e+00 1.338110605478286752e+00 1.247336097955703771e+00 1.165223565101623615e+00 1.105851742029190010e+00 1.060369464159011788e+00 1.037748968601226895e+00 1.023910549283027605e+00 1.016942412257194617e+00 1.011160492300987146e+00 1.009044496417045522e+00 1.006032176017761293e+00 1.004908871054649433e+00 1.003676264286041286e+00 1.000361952781677166e+00 9.983225876092910456e-01 9.935602331161499379e-01
1.235589103698730540e+00 1.616292947530746371e+00 1.819989912509918151e+00 1.918816971778869673e+00 1.829354999065399223e+00 1.718765307664871234e+00 1.580172948837280211e+00 1.449248002767562937e+00 1.338766217231750488e+00 1.247194792032241928e+00 1.167251173257827679e+00 1.107272418737411446e+00 1.060787768363952610e+00 1.038873026371002206e+00 1.024824212789535505e+00 1.018607342243194491e+00 1.012224949002265895e+00 1.010138483643531870e+00 1.007031251788139237e+00 1.005374613404274031e+00 1.004248528480529812e+00 1.001403265595436132e+00 9.992722749710083452e-01 9.950651323795318692e-01
1.235834567546844509e+00 1.601451143026351831e+00 1.822894487380981365e+00 1.918357681035995466e+00 1.833734587430954077e+00 1.713820166587829652e+00 1.584399977922439584e+00 1.446364344358444187e+00 1.338881899118423480e+00 1.244743554592132595e+00 1.164493339061737132e+00 1.103978201150894067e+00 1.058499447107315028e+00 1.035799058675765938e+00 1.022364163398742587e+00 1.015996483564376884e+00 1.009848340153694179e+00 1.007365452051162791e+00 1.004306182265281677e+00 1.002771272659301660e+00 1.001650552153587448e+00 9.987272459268570213e-01 9.968097013235092119e-01 9.923831009864807484e-01
1.241703209877014213e+00 1.612546318769454867e+00 1.819295309782028136e+00 1.910637692213058569e+00 1.826651306152343723e+00 1.714415445327758691e+00 1.582253698110580364e+00 1.448145166635513403e+00 1.341181992292404201e+00 1.245631902217865017e+00 1.165080646276474008e+00 1.104835193157196027e+00 1.059489215612411606e+00 1.037176951169967554e+00 1.023709847927093408e+00 1.017215975522995031e+00 1.010968897938728350e+00 1.008802647590637314e+00 1.005839196443557793e+00 1.004505384564399639e+00 1.003587907552719205e+00 1.000899973511695906e+00 9.989530456066131325e-01 9.944889378547668857e-01
1.218507852554321369e+00 1.612714157104492285e+00 1.842375317811965951e+00 1.915243529081344542e+00 1.837569164037704539e+00 1.719167206287383953e+00 1.585064399242401167e+00 1.448835427761077987e+00 1.343139383792877117e+00 1.248279626369476425e+00 1.167620242834091160e+00 1.108429930210113490e+00 1.060824942588806108e+00 1.039345315694808924e+00 1.026200153827667272e+00 1.019815393090248046e+00 1.013599899411201433e+00 1.011595355868339485e+00 1.009108295440673819e+00 1.008318717479705917e+00 1.007941572070121694e+00 1.005859765410423323e+00 1.004353032112121680e+00 1.000085025429725549e+00
1.231090295910835186e+00 1.625076767206192097e+00 1.827800457477569473e+00 1.913253055810928416e+00 1.836519333124160713e+00 1.719784721136093042e+00 1.584058865308761499e+00 1.450695000886917052e+00 1.341963917016983032e+00 1.247653942108154279e+00 1.167627863883972106e+00 1.106847804784774736e+00 1.061029186248779288e+00 1.038428149223327601e+00 1.024964624047279393e+00 1.018745340108871522e+00 1.012824840545654359e+00 1.010377712249755922e+00 1.007055890560150102e+00 1.005034002661705061e+00 1.003463715910911658e+00 9.999695110321045188e-01 9.970982480049133123e-01 9.923421239852905362e-01
1.214010099768638717e+00 1.624202729463577244e+00 1.837564527988433838e+00 1.912693456411361792e+00 1.833492475748062178e+00 1.718134250640869221e+00 1.587742267847061184e+00 1.447584415674209701e+00 1.342913367748260534e+00 1.247133955955505469e+00 1.164628162384033105e+00 1.105896431207656905e+00 1.060659301280975297e+00 1.039175206422805697e+00 1.025637331008911080e+00 1.019324833154678256e+00 1.012854423522949299e+00 1.010492715835571209e+00 1.007783319354057294e+00 1.006304741501808264e+00 1.005182266235351562e+00 1.002220731377601703e+00 9.998547166585922685e-01 9.949372565746307240e-01
1.235701271891593844e+00 1.610493957996368408e+00 1.826957917213440030e+00 1.918250964879989695e+00 1.835471030473709186e+00 1.719023212194442651e+00 1.583373718261718688e+00 1.448207755088806170e+00 1.341312922239303651e+00 1.246863073110580533e+00 1.164083116054534850e+00 1.105071425437927246e+00 1.058198066949844307e+00 1.036768016815185600e+00 1.022997951507568448e+00 1.016371051073074350e+00 1.010497926473617580e+00 1.008209558129310679e+00 1.005293092727661097e+00 1.004173004031181371e+00 1.003096669912338257e+00 1.000190237760543832e+00 9.980782610177993952e-01 9.936017853021621438e-01
1.246801686286926225e+00 1.622942801713943561e+00 1.823113173246383667e+00 1.924520325660705522e+00 1.832316300868988002e+00 1.718269019126892116e+00 1.580705715417861867e+00 1.445432680845260665e+00 1.340421428680419913e+00 1.247044591903686550e+00 1.164230120182037309e+00 1.105236620903015110e+00 1.060135279893875015e+00 1.036871428489685165e+00 1.023864945173263541e+00 1.017149334549903861e+00 1.011171899437904420e+00 1.009143162965774554e+00 1.006243317723274133e+00 1.004672172069549507e+00 1.003666753172874460e+00 1.000884466767311132e+00 9.989501142501830966e-01 9.945791035890578780e-01
1.243573504090309090e+00 1.631661322116851887e+00 1.822464269399642900e+00 1.913253313302993863e+00 1.840898127555847141e+00 1.721006858348846480e+00 1.583306730985641453e+00 1.450281199216842731e+00 1.343279743194579989e+00 1.248212234973907542e+00 1.166147812604904077e+00 1.107358157634735107e+00 1.060993825197219742e+00 1.038638100624084570e+00 1.024737951755523735e+00 1.018115802407264736e+00 1.011803982853889394e+00 1.009234322905540493e+00 1.006314474940299908e+00 1.004884161353111205e+00 1.003701291084289515e+00 1.000561751723289428e+00 9.986093854904174449e-01 9.942013961076736628e-01
1.242719230651855522e+00 1.615626428127288738e+00 1.836391185522079361e+00 1.918501694202423113e+00 1.831722778081893876e+00 1.717277863025665319e+00 1.586287224292755038e+00 1.452884565591812116e+00 1.343650935888290432e+00 1.249258253574371258e+00 1.166938999891281137e+00 1.108043318986892789e+00 1.062091180086135900e+00 1.039324737787246766e+00 1.025484212636947667e+00 1.019117089509963936e+00 1.013083859086036709e+00 1.010805475711822554e+00 1.007843730449676567e+00 1.006464180946350151e+00 1.005613884329795926e+00 1.002676567435264676e+00 1.000665608048439070e+00 9.961263781785965055e-01
1.240734957456588683e+00 1.621849501132964999e+00 1.836828988790512041e+00 1.928195323944091877e+00 1.838891530036926181e+00 1.718535052537918162e+00 1.585909584760665902e+00 1.453890792131423915e+00 1.342635911703109697e+00 1.250172362327575781e+00 1.167453625202178991e+00 1.107954246997833181e+00 1.062209790945053189e+00 1.040518264770507795e+00 1.026522750854492294e+00 1.020123504400253234e+00 1.014060626626014816e+00 1.012090927958488429e+00 1.009201117157936034e+00 1.007650670409202531e+00 1.006675876975059447e+00 1.003837234973907533e+00 1.002734747529029802e+00 9.986245471239090232e-01
1.226138983964919937e+00 1.595449599027633614e+00 1.833870102167129534e+00 1.910939825773239065e+00 1.831990811824798504e+00 1.719429628849029612e+00 1.583134094476699838e+00 1.449621517658233660e+00 1.338927599191665596e+00 1.248647997379302987e+00 1.166498596668243515e+00 1.106472492218017578e+00 1.060258374214172461e+00 1.038377470970153871e+00 1.024074938297271808e+00 1.017445083260536176e+00 1.011684339046478254e+00 1.009349005222320628e+00 1.006188266277313170e+00 1.004830883145332310e+00 1.003644980788230834e+00 1.000592059493064845e+00 9.982639265060424538e-01 9.937037211656570834e-01
1.232581257224082849e+00 1.620846132040023813e+00 1.819560555219650322e+00 1.901505601406097368e+00 1.824642289876937884e+00 1.716111803054809481e+00 1.577553962469100846e+00 1.448789860010147201e+00 1.340801492929458716e+00 1.247992581129074185e+00 1.164556895494460953e+00 1.103754683732986352e+00 1.058845231533050546e+00 1.037859890460967938e+00 1.024117577075958296e+00 1.017416244745254605e+00 1.011890071630477950e+00 1.009481521248817515e+00 1.006073777079582232e+00 1.004779307842254665e+00 1.004161747097969126e+00 1.001389936804771397e+00 9.993674755096435547e-01 9.947879987955093872e-01
1.208291589021682766e+00 1.591430292129516699e+00 1.813276162147521964e+00 1.921017867326736406e+00 1.825248827934265128e+00 1.713446878194808898e+00 1.576555709838867170e+00 1.445391170978546080e+00 1.337475237846374565e+00 1.244766839742660558e+00 1.162429043054580724e+00 1.103762872219085756e+00 1.057259542942047048e+00 1.035433454513549734e+00 1.021666287779807947e+00 1.014977861046790997e+00 1.008373742103576554e+00 1.005998211503028816e+00 1.003021912574768137e+00 1.001770531535148612e+00 1.000725331902504012e+00 9.980491572618483964e-01 9.963263791799544800e-01 9.924689722061157404e-01
1.181522214412689120e+00 1.621475291252136186e+00 1.833257701396942219e+00 1.912217876911163295e+00 1.841100834608077941e+00 1.720446873903274554e+00 1.588154939413070732e+00 1.450855723619461024e+00 1.342491761445999243e+00 1.247944326400756809e+00 1.166651395559310966e+00 1.106781364679336521e+00 1.060446696281433177e+00 1.038212834596633938e+00 1.024065212011337378e+00 1.017860471606254480e+00 1.011676459312438991e+00 1.009747819304466221e+00 1.006951884031295874e+00 1.005626193284988368e+00 1.004959868192672801e+00 1.002009251117706334e+00 1.000009790658950903e+00 9.955210995674133034e-01
1.251634699106216386e+00 1.616825994253158649e+00 1.812353020906448453e+00 1.933017261028289857e+00 1.845660684108734184e+00 1.718806096315383947e+00 1.587348638772964504e+00 1.453146320581436113e+00 1.344179359674453789e+00 1.252606632709503121e+00 1.169982849359512356e+00 1.109512479305267307e+00 1.063673217296600360e+00 1.041008067131042436e+00 1.027850129604339635e+00 1.021054869294166556e+00 1.014776271581649736e+00 1.012131287455558804e+00 1.009150704741478055e+00 1.007525387406349227e+00 1.006397414207458541e+00 1.003319559693336416e+00 1.001277338862419208e+00 9.965763074159622592e-01
1.232385362386703598e+00 1.611768459081649674e+00 1.815302759408950806e+00 1.920056633949279723e+00 1.840541796684265208e+00 1.721030619144439777e+00 1.584420115947723362e+00 1.452796378135681188e+00 1.344112608432769695e+00 1.250312552452087500e+00 1.169285646677017176e+00 1.109335795640945532e+00 1.063310264348983791e+00 1.040401188135147148e+00 1.027016450762748612e+00 1.020302404165267962e+00 1.013976364731788538e+00 1.011488472819328299e+00 1.008685534596443167e+00 1.007529189586639395e+00 1.006799160838127039e+00 1.004004842638969386e+00 1.002000041007995668e+00 9.974945187568664551e-01
1.236624671220779348e+00 1.622501481771469134e+00 1.814557619094848695e+00 1.909757570028305151e+00 1.824565451145172101e+00 1.710965738296508887e+00 1.578476542234420688e+00 1.445368055105209271e+00 1.338397846221923926e+00 1.245872445106506410e+00 1.164354852437972987e+00 1.105119866132736162e+00 1.059096528291702199e+00 1.037054859399795470e+00 1.023595713973045385e+00 1.017061656117439261e+00 1.011235256195068377e+00 1.008835870027542159e+00 1.005910615324974167e+00 1.004443685412407028e+00 1.003681977987289420e+00 1.001066871285438475e+00 9.995166122913360374e-01 9.959930986166000144e-01
1.204591434001922590e+00 1.626877751350402912e+00 1.817583466768264877e+00 1.912859808206558210e+00 1.831154938936233600e+00 1.710975005626678369e+00 1.579598658084869323e+00 1.445767310857772880e+00 1.339008466005325415e+00 1.247029846906662076e+00 1.163055601119995064e+00 1.104480483531951940e+00 1.057731177806854328e+00 1.034791785478591963e+00 1.020910837650299108e+00 1.014962954521179128e+00 1.009216566085815447e+00 1.007255598902702332e+00 1.004156742691993731e+00 1.002727642655372620e+00 1.001516393423080409e+00 9.984416544437408891e-01 9.962791788578033714e-01 9.914907497167587680e-01
1.232026696205139160e+00 1.621398115158080966e+00 1.825616899728774944e+00 1.914469763040542505e+00 1.834216107130050677e+00 1.716503463983535704e+00 1.585074119567871032e+00 1.446829285621643146e+00 1.342333661317825388e+00 1.248466523885726875e+00 1.165943254232406634e+00 1.107382217645645150e+00 1.060232230424881017e+00 1.038033146858215350e+00 1.024561201333999527e+00 1.018280448317527842e+00 1.011991143822670081e+00 1.010039245486259452e+00 1.006952009797096315e+00 1.005572987198829704e+00 1.004660846590995860e+00 1.001850481033325302e+00 1.000001980066299367e+00 9.956945461034775180e-01
1.242088352441787613e+00 1.615449879169464031e+00 1.822284740209579423e+00 1.913530153036117509e+00 1.835370885133743357e+00 1.715701941251754681e+00 1.586246606111526569e+00 1.452313525676727224e+00 1.341856648921966544e+00 1.251566900014877248e+00 1.168556753396987835e+00 1.109246399402618488e+00 1.062442165613174394e+00 1.040183335542678833e+00 1.026321985125541625e+00 1.019478758573532096e+00 1.013595766425132716e+00 1.011244862675666711e+00 1.008211145997047531e+00 1.006876525878906303e+00 1.005964510440826354e+00 1.002913540005683890e+00 1.000818471908569318e+00 9.963911265134811623e-01
1.241100138425827115e+00 1.624348176717758108e+00 1.817945053577423087e+00 1.917572338581085223e+00 1.833957008123397792e+00 1.718868402242660576e+00 1.584869462251663252e+00 1.451859580278396677e+00 1.342506649494171089e+00 1.249451907873153633e+00 1.166839700937271074e+00 1.107523952722549332e+00 1.061254185438156084e+00 1.037905772924423209e+00 1.025074304342269871e+00 1.019143349528312648e+00 1.013151966929435766e+00 1.010745456218719474e+00 1.008007431030273349e+00 1.006663049459457504e+00 1.005475383996963457e+00 1.002447939515113795e+00 1.000301592350006041e+00 9.956202685832977739e-01
1.239111443161964310e+00 1.629462343454360918e+00 1.812104547023773105e+00 1.923216533660888627e+00 1.835767742395401081e+00 1.722519546747207642e+00 1.589382982254028409e+00 1.453406420946121269e+00 1.345086450576782333e+00 1.251495434045791555e+00 1.168317680358886612e+00 1.109935942888259808e+00 1.063828533887863248e+00 1.041151404380798340e+00 1.027819036245346096e+00 1.021055426001548749e+00 1.014537905454635514e+00 1.012148338556289717e+00 1.009362255334854019e+00 1.007911729812622115e+00 1.006719382405281138e+00 1.003412507176399293e+00 1.001205993294715935e+00 9.961828249692916692e-01
1.235880235433578500e+00 1.598293303251266506e+00 1.831000678539276061e+00 1.907270056009292558e+00 1.831372869014739946e+00 1.711825819015502903e+00 1.580049970149993932e+00 1.444873893260955722e+00 1.338416382074355981e+00 1.244626786708831867e+00 1.163548923730850282e+00 1.103546123504638654e+00 1.057278552055358922e+00 1.035077041387558072e+00 1.021242758035659781e+00 1.014062045216560293e+00 1.008389897942542968e+00 1.006701025366783186e+00 1.003652716875076401e+00 1.002494351863861155e+00 1.001606049537658638e+00 9.988923835754394132e-01 9.972191393375396951e-01 9.938183230161666826e-01
1.210266187787055969e+00 1.599996271133422798e+00 1.823079253435134994e+00 1.918888093233108494e+00 1.838822394609451294e+00 1.718031915426254219e+00 1.583566471338271997e+00 1.449289085865020699e+00 1.341888840198516952e+00 1.248730518817901647e+00 1.166428024768829452e+00 1.107625192403793424e+00 1.061164849996566684e+00 1.039325188398361188e+00 1.026162783503532516e+00 1.019383727908134363e+00 1.013234038352966326e+00 1.011004667282104474e+00 1.007991289496421805e+00 1.006431855559348998e+00 1.005590984225273044e+00 1.003043816685676548e+00 1.001586778759956387e+00 9.976354998350143166e-01
1.245168559551238951e+00 1.615638341903686603e+00 1.832042356729507437e+00 1.918869575262069693e+00 1.836544359922409164e+00 1.717157685756683261e+00 1.576369794607162422e+00 1.443652901649475018e+00 1.336913064718246558e+00 1.242677619457244864e+00 1.160460133552551287e+00 1.101570312976837052e+00 1.055182241201400695e+00 1.033055711984634417e+00 1.019994013905525243e+00 1.013556772470474154e+00 1.007414696216583305e+00 1.005066101551055802e+00 1.002342661619186392e+00 1.001380794644355809e+00 1.000161658525466901e+00 9.971151518821715909e-01 9.947117447853088823e-01 9.906464982032775479e-01
1.232634683847427359e+00 1.616471048593521198e+00 1.823323379755020124e+00 1.910787682533264142e+00 1.836455324888229379e+00 1.719531031847000069e+00 1.581045124530792156e+00 1.450148531198501622e+00 1.340642005205154419e+00 1.246480067968368521e+00 1.164357064962387112e+00 1.105337971448898227e+00 1.058211748600005997e+00 1.036023901700973582e+00 1.022210759520530754e+00 1.015806822776794460e+00 1.009998939037322963e+00 1.007937061786651656e+00 1.005168501734733599e+00 1.004030242562294006e+00 1.003063481450080952e+00 1.000096834897995057e+00 9.979674315452575772e-01 9.934732365608215376e-01
1.225076515078544537e+00 1.614323506355285653e+00 1.827392209768295306e+00 1.918371729850768981e+00 1.825148754119872985e+00 1.713307993412017893e+00 1.583183736801147434e+00 1.449594159126281756e+00 1.340940788984298804e+00 1.246530390977859559e+00 1.162972000837326103e+00 1.104166998863220117e+00 1.057899674177169791e+00 1.036436291933059639e+00 1.022832558155059912e+00 1.016368040442466647e+00 1.010180732607841581e+00 1.008109921216964633e+00 1.005337288975715726e+00 1.004115039110183627e+00 1.003058678507804835e+00 9.999413514137267533e-01 9.976553851366043446e-01 9.930671584606171054e-01
1.244062423706054688e+00 1.599515929222106836e+00 1.833935495615005573e+00 1.918719547986984297e+00 1.833600792884826580e+00 1.718713706731796353e+00 1.586089545488357455e+00 1.449554487466812036e+00 1.339977623224258396e+00 1.245961172580718923e+00 1.163998379707336328e+00 1.104421528577804512e+00 1.059051306247711155e+00 1.035899730920791573e+00 1.022785831093788067e+00 1.016219558119773936e+00 1.009829534292220998e+00 1.007950552105903563e+00 1.004772034287452653e+00 1.003343811035156241e+00 1.002313932180404654e+00 9.992791557312011852e-01 9.971430790424347101e-01 9.924649250507354692e-01
1.241878800392150817e+00 1.615831739902496400e+00 1.830986522436141906e+00 1.915225596427917454e+00 1.830142318010330227e+00 1.713560180664062571e+00 1.583978106975555411e+00 1.448721238374710119e+00 1.339312708377838224e+00 1.245662531852722132e+00 1.164717738628387345e+00 1.104746352434158307e+00 1.058366301059722847e+00 1.036196242570877057e+00 1.022653614878654471e+00 1.016284999251365617e+00 1.010107378959655744e+00 1.008083306550979552e+00 1.005353649854660025e+00 1.004252743124961933e+00 1.003239799141883770e+00 1.000511105060577499e+00 9.986794650554656760e-01 9.948940223455429166e-01
1.237635946273803800e+00 1.629210863113403240e+00 1.821473059654235893e+00 1.916433879137039220e+00 1.826328365802764919e+00 1.720450829267501813e+00 1.585387607812881461e+00 1.453108745813369795e+00 1.342046762704849350e+00 1.248178062438964897e+00 1.165843826532363847e+00 1.107917472124099634e+00 1.060944627523422223e+00 1.038826345205307033e+00 1.025268583297729519e+00 1.019304003119468671e+00 1.013499307036399788e+00 1.011098870635032565e+00 1.007953649163246146e+00 1.006700723767280481e+00 1.005814681053161630e+00 1.002918141484260506e+00 1.000792287588119445e+00 9.962333953380584362e-01
1.235192863941192654e+00 1.634610593318939209e+00 1.829584599733352634e+00 1.913266364336013714e+00 1.834334675073623577e+00 1.725346651077270588e+00 1.588647977113723853e+00 1.453988534212112382e+00 1.345602431297302282e+00 1.251810848712921143e+00 1.169568169116973921e+00 1.110063406229019112e+00 1.064294811487197956e+00 1.041630895137786839e+00 1.027855902910232544e+00 1.021514168977737391e+00 1.015272134542465121e+00 1.013096650838851920e+00 1.010089467763900739e+00 1.008647221922874371e+00 1.007951886653900120e+00 1.005425167083740190e+00 1.003604688644409215e+00 9.997656923532486362e-01
1.218272415399551445e+00 1.623725435733795130e+00 1.822771514654159652e+00 1.913089510202407917e+00 1.829671996831893965e+00 1.707236653566360562e+00 1.579119566679000775e+00 1.445679306983947754e+00 1.339579693078994715e+00 1.247488944530487087e+00 1.163979073762893668e+00 1.105169048309326163e+00 1.058707789182663062e+00 1.035937449932098353e+00 1.022900716662406895e+00 1.016476515531539837e+00 1.010265063047409040e+00 1.008244373202323851e+00 1.005179247260093778e+00 1.003832522034645125e+00 1.002716873884200943e+00 9.997487062215805187e-01 9.977630555629730669e-01 9.931518083810806363e-01
1.224707898497581438e+00 1.608588807582855162e+00 1.826396467685699410e+00 1.919730244874954250e+00 1.834462972879409737e+00 1.707013034820556552e+00 1.582789700031280500e+00 1.444728486537933287e+00 1.339359610080719021e+00 1.245435688495635906e+00 1.163361598253250140e+00 1.104049495458602870e+00 1.058468888998031598e+00 1.034887712001800519e+00 1.022389236092567488e+00 1.015561552047729466e+00 1.009650502204894940e+00 1.007389966845512408e+00 1.004757162928581193e+00 1.003287433981895349e+00 1.002226298451423636e+00 9.992698490619659202e-01 9.971511340141296920e-01 9.923342877626418757e-01
1.234312115907669094e+00 1.628837621212005704e+00 1.826860153675079257e+00 1.917938398122787547e+00 1.842046067714691260e+00 1.714894416332244820e+00 1.583957684040069536e+00 1.447632397413253891e+00 1.338581757545471262e+00 1.246970515251159650e+00 1.165783550739288410e+00 1.106228115558624214e+00 1.060849565267562911e+00 1.038284063339233398e+00 1.024842811226844841e+00 1.018432565331458983e+00 1.012480810880661108e+00 1.010208379626274189e+00 1.007107610702514755e+00 1.005778411030769259e+00 1.004504144191741943e+00 1.001516931056976256e+00 9.992421901226044012e-01 9.945507651567458973e-01
1.220585371851921064e+00 1.617987258434295583e+00 1.829224553108215412e+00 1.918427577018737784e+00 1.821701855659484837e+00 1.713657815456390399e+00 1.581772989034652799e+00 1.444062258005142318e+00 1.338150991201400686e+00 1.245167148113250688e+00 1.162931157350540090e+00 1.103028917312621981e+00 1.056156542301178058e+00 1.033865414857864318e+00 1.020284564495086643e+00 1.013336446285247883e+00 1.007488875985145471e+00 1.004980129599571281e+00 1.001970053911209080e+00 1.000399485826492407e+00 9.996025484800338257e-01 9.968284952640533714e-01 9.946897351741790239e-01 9.913582104444503829e-01
1.232930522561073383e+00 1.615785292387008631e+00 1.831041882038116464e+00 1.924290795326232928e+00 1.837586711645126325e+00 1.717005918025970468e+00 1.589703202247619629e+00 1.452095774412155205e+00 1.341920577287673888e+00 1.250421040058135924e+00 1.167416553497314435e+00 1.108079625368118215e+00 1.062130143642425528e+00 1.040128624439239591e+00 1.026848227977752659e+00 1.020373966693878254e+00 1.013763398528099158e+00 1.011664117574691879e+00 1.008551186323165982e+00 1.006991201639175326e+00 1.005971704125404376e+00 1.003098956346511805e+00 1.001151896119117701e+00 9.964656102657317716e-01
1.237226120233535731e+00 1.626353065967559797e+00 1.834867622852325519e+00 1.925049058198928797e+00 1.833786578178405735e+00 1.716179896593093890e+00 1.586703950166702182e+00 1.451235289573669540e+00 1.343883553743362436e+00 1.250744335651397643e+00 1.168224904537200848e+00 1.107843605279922539e+00 1.062021718025207617e+00 1.039452859163284337e+00 1.026257963776588511e+00 1.019416155219078135e+00 1.013027400374412634e+00 1.011072958111763009e+00 1.008222140669822631e+00 1.006696623563766435e+00 1.005362946391105572e+00 1.002152881622314418e+00 1.000178958177566635e+00 9.959169369935989558e-01
1.247961196899413983e+00 1.628597754240036055e+00 1.818313964605331456e+00 1.917044498920440709e+00 1.843909212350845372e+00 1.720403394699096644e+00 1.588147442340850812e+00 1.449594045877456772e+00 1.343421213626861510e+00 1.250391814708709637e+00 1.167726713418960616e+00 1.108700417280197081e+00 1.062427933216095077e+00 1.039697338342666644e+00 1.026029860377311698e+00 1.019818621873855635e+00 1.014117652773857126e+00 1.012121871113777161e+00 1.009349783658981314e+00 1.008067752718925458e+00 1.006984642744064296e+00 1.004145923256874129e+00 1.001850427985191416e+00 9.976975136995315241e-01
1.239281705617904628e+00 1.621665112972259459e+00 1.818197979927062891e+00 1.922227153778076181e+00 1.834202747344970685e+00 1.717330826520919729e+00 1.586999925374984688e+00 1.453103358745575058e+00 1.343556355237960798e+00 1.250096164941787658e+00 1.168656972646713310e+00 1.108454586267471287e+00 1.062365509271621766e+00 1.040311295986175555e+00 1.026037907600402921e+00 1.019917519688606333e+00 1.013704401850700432e+00 1.011350207328796325e+00 1.008294889926910409e+00 1.007023249864578140e+00 1.005755500197410557e+00 1.002619362473487818e+00 1.000434139966964731e+00 9.954120004177093861e-01
1.239157992601394698e+00 1.599486682415008465e+00 1.833909492492675763e+00 1.921275345087051445e+00 1.842521768808364824e+00 1.717211326360702506e+00 1.583956297636032184e+00 1.450070233345031712e+00 1.340114794969558654e+00 1.248456745147705105e+00 1.166187123060226538e+00 1.105955394506454414e+00 1.059837522506713814e+00 1.037457511425018408e+00 1.024019849300384477e+00 1.017762424349784922e+00 1.011299334168434205e+00 1.008892591595649701e+00 1.006137571930885377e+00 1.005545073747634799e+00 1.004799428582191512e+00 1.002581008076667723e+00 1.000844898223876900e+00 9.966229921579361495e-01
1.245924786329269507e+00 1.615839421749114990e+00 1.811566259860992512e+00 1.915135437250137240e+00 1.834954959154128984e+00 1.715319373607635534e+00 1.581541640758514333e+00 1.444161494970321646e+00 1.341394988298416191e+00 1.247586475610733103e+00 1.166196730136871418e+00 1.107558673620224088e+00 1.060851845741271893e+00 1.038794152736663756e+00 1.024357805252075204e+00 1.018144768476486162e+00 1.012467233538627553e+00 1.010130450725555518e+00 1.007153273820877049e+00 1.005726466774940597e+00 1.004909406900405866e+00 1.002149016261100867e+00 1.000344910025596556e+00 9.963912653923034934e-01
1.232229947447776697e+00 1.623827924728393546e+00 1.804637074470520020e+00 1.917844692468643197e+00 1.832960597276687587e+00 1.718348894119262615e+00 1.587905852794647243e+00 1.451765887737274108e+00 1.342862094640731918e+00 1.250467618703842154e+00 1.167476216554641733e+00 1.107572259902954048e+00 1.061067034006118792e+00 1.038799829483032289e+00 1.025439063310623178e+00 1.018618555068969700e+00 1.012314411997795149e+00 1.010107179880142203e+00 1.007226645350456140e+00 1.005762962698936391e+00 1.004619640111923173e+00 1.001869003176689255e+00 1.000027047991752571e+00 9.960375475883483931e-01
1.227465735077857945e+00 1.607020059823989877e+00 1.836352456808090228e+00 1.921010857820510953e+00 1.834518132209777885e+00 1.717276847362518399e+00 1.583386334180831856e+00 1.449554251432418894e+00 1.338633325099945148e+00 1.246885893344879204e+00 1.164927017688751176e+00 1.106157177686691195e+00 1.059813709259033176e+00 1.037234269380569396e+00 1.023498640656471226e+00 1.017276002168655324e+00 1.011046271920204243e+00 1.009069026708602879e+00 1.006491885781288120e+00 1.005015942454338118e+00 1.004167283773422348e+00 1.001446286439895639e+00 9.996618986129760520e-01 9.953906613588333618e-01
1.225628721714019820e+00 1.607477514743804958e+00 1.828494566679000899e+00 1.912997391223907551e+00 1.835850458145141584e+00 1.716899930238723782e+00 1.585050380229950040e+00 1.450194736719131461e+00 1.341444224119186401e+00 1.247441220283508345e+00 1.165615628957748395e+00 1.107396284341812143e+00 1.061495348215103052e+00 1.039108912944793683e+00 1.025902860164642272e+00 1.019361966848373324e+00 1.013118187785148727e+00 1.010610808730125321e+00 1.008024922013282865e+00 1.006564238667488009e+00 1.005900420546531615e+00 1.003557506203651473e+00 1.002040613293647686e+00 9.977431082725525258e-01
1.232089619636535627e+00 1.621221107244491533e+00 1.835763422250747734e+00 1.925504891872406033e+00 1.843894721269607517e+00 1.729188139438629257e+00 1.588524849414825413e+00 1.457335920333862278e+00 1.348957092761993382e+00 1.253771284818649301e+00 1.171945060491561996e+00 1.112117146253585709e+00 1.066460509300231951e+00 1.043798139095306388e+00 1.030097887516021826e+00 1.023760473132133475e+00 1.017700412869453341e+00 1.015170190930366534e+00 1.012635868191719135e+00 1.011606498956680200e+00 1.010411838293075570e+00 1.006583444476127687e+00 1.003529683351516821e+00 9.980431348085403442e-01
1.229840890765190098e+00 1.612239925861358669e+00 1.823998414278030333e+00 1.916508580446243393e+00 1.837141845226287762e+00 1.713169286251068124e+00 1.578094882965087820e+00 1.445829284191131547e+00 1.338137197494506880e+00 1.246506782770156807e+00 1.164142096042632968e+00 1.104915164709091124e+00 1.058766484260559082e+00 1.037128714323043877e+00 1.023811072707176306e+00 1.016931055188178945e+00 1.010387630462646458e+00 1.008009982705116325e+00 1.005057055950164813e+00 1.003969765901565614e+00 1.003315764665603682e+00 1.000782968401908946e+00 9.986943727731705245e-01 9.948616421222686856e-01
1.239740000367164585e+00 1.635315262079238829e+00 1.838750458955764833e+00 1.919246698617935287e+00 1.855850416421890303e+00 1.728214854001998813e+00 1.592859451770782364e+00 1.462899166345596358e+00 1.352818921804428198e+00 1.258572570085525477e+00 1.176704819202423202e+00 1.117256773710250783e+00 1.070508593320846469e+00 1.047961409091949569e+00 1.034495315551757777e+00 1.027884979248046893e+00 1.021473120450973493e+00 1.019284819960594168e+00 1.016610521674156109e+00 1.015385619997978273e+00 1.014293810129165641e+00 1.011213802695274389e+00 1.009073210358619743e+00 1.003775302171707073e+00
1.223168548345565876e+00 1.613626861572265536e+00 1.824789800643920934e+00 1.919019870758056578e+00 1.828939688205718950e+00 1.715558459758758536e+00 1.581013162136077899e+00 1.449909715652465847e+00 1.338848021030426105e+00 1.248118785619735771e+00 1.165759689807891908e+00 1.106665284633636448e+00 1.060061182975769123e+00 1.038056452274322528e+00 1.024484705328941425e+00 1.017938715815544182e+00 1.011987449526786875e+00 1.009992709159851065e+00 1.006995652318000811e+00 1.005673931241035435e+00 1.004605892300605818e+00 1.001792680025100690e+00 9.998465871810913175e-01 9.955119138956070035e-01
1.246086573600769132e+00 1.631583818197250402e+00 1.843933826684951871e+00 1.934878126382827856e+00 1.851640040874481308e+00 1.731720224618911841e+00 1.599052568674087516e+00 1.462721548080444300e+00 1.353444151878356871e+00 1.259765473604202324e+00 1.176899137496948189e+00 1.117121326923370406e+00 1.070449062585830724e+00 1.048044798374176079e+00 1.034387437105178886e+00 1.027674673199653554e+00 1.021468282938003513e+00 1.019332545399665779e+00 1.016415093541145342e+00 1.015030452013015783e+00 1.013972001075744700e+00 1.011002405881881616e+00 1.008985708355903732e+00 1.004692480564117529e+00
1.221261211037635741e+00 1.621011193990707477e+00 1.833931243419647306e+00 1.924541113376617485e+00 1.842698154449462944e+00 1.724623270034790101e+00 1.590233199596404967e+00 1.456294070482254011e+00 1.346535863876342720e+00 1.253130376338958740e+00 1.171216348409652719e+00 1.112203025817871005e+00 1.065610814094543501e+00 1.043551486730575517e+00 1.030165549516677936e+00 1.023283239006996137e+00 1.016742275953292918e+00 1.014856844544410608e+00 1.011586735248565683e+00 1.009857772588729885e+00 1.008261788487434307e+00 1.004824756383895901e+00 1.002088975906372026e+00 9.966671520471572787e-01
1.234177396893501255e+00 1.612842433452606139e+00 1.816265769004821840e+00 1.914244934320449731e+00 1.835479460954666076e+00 1.710068186521530142e+00 1.586286628246307284e+00 1.448570122718811026e+00 1.341196254491806128e+00 1.248219503164291311e+00 1.166938177347183192e+00 1.107518762350082397e+00 1.063305692672729563e+00 1.041098741292953545e+00 1.027528020143508858e+00 1.020757988691330054e+00 1.014235154986381504e+00 1.011485382318496606e+00 1.008569099307060180e+00 1.006711695790290850e+00 1.005828070044517464e+00 1.002715060114860446e+00 1.000418143272399973e+00 9.957994300127029907e-01
1.228258734345436087e+00 1.626366974115371677e+00 1.834964895248412997e+00 1.939138695001602075e+00 1.845977972745895368e+00 1.730374478101730285e+00 1.596975923776626560e+00 1.464049998521804730e+00 1.354048525094985855e+00 1.259866846799850393e+00 1.178089683055877579e+00 1.118115115165710494e+00 1.071047894954681334e+00 1.049263316392898604e+00 1.034963117837905955e+00 1.027880725860595756e+00 1.021680720448493895e+00 1.019652665257454016e+00 1.016485125422477820e+00 1.015075477957725569e+00 1.014010262489318803e+00 1.010760983824730008e+00 1.008421683311462314e+00 1.002642876505851710e+00
1.241801015138626063e+00 1.622924468517303431e+00 1.837774798870086768e+00 1.921910729408264240e+00 1.844243679046630779e+00 1.725904523134231594e+00 1.592434475421905526e+00 1.455859954357147323e+00 1.348793599605560223e+00 1.254968714714050249e+00 1.172453079223632733e+00 1.113413131237030118e+00 1.067324299812316912e+00 1.045047593116760209e+00 1.031495292186737078e+00 1.024538342952728165e+00 1.018283312320709122e+00 1.015790069699287423e+00 1.012648384571075422e+00 1.010927777290344221e+00 1.009473095536232101e+00 1.006204425096511867e+00 1.003768016099929827e+00 9.991229927539825306e-01
1.245236787796020428e+00 1.632993646860122716e+00 1.845618107318878209e+00 1.935567955970764142e+00 1.857643827199935815e+00 1.735204293727874658e+00 1.600183986425399718e+00 1.465132331848144620e+00 1.356033469438552963e+00 1.261506496667861965e+00 1.178569078445434570e+00 1.118261379003524736e+00 1.071330367326736477e+00 1.048620233535766610e+00 1.034872620105743435e+00 1.028150196671485883e+00 1.022183186411857569e+00 1.020211653709411692e+00 1.017161411643028313e+00 1.015620374083519017e+00 1.014792163372039813e+00 1.012273932099342355e+00 1.010457428097724986e+00 1.006409661769867014e+00
1.237564474344253540e+00 1.612620278596877954e+00 1.829310653209686333e+00 1.901639871597289977e+00 1.830275909900665354e+00 1.715062859058380074e+00 1.578854609727859515e+00 1.446901406049728500e+00 1.339306889772415188e+00 1.246197456121444613e+00 1.163355549573898307e+00 1.105266599655151394e+00 1.058452243804931747e+00 1.036404989957809386e+00 1.022703577280044573e+00 1.016078968644142044e+00 1.009890512824058506e+00 1.008275333642959515e+00 1.005249400734901322e+00 1.003750069141387868e+00 1.002935492992401034e+00 9.999412405490875067e-01 9.977879601716995728e-01 9.935043233633041870e-01
1.213485524058341980e+00 1.585208617448806701e+00 1.775843936204910323e+00 1.894557306766510019e+00 1.810897239446640050e+00 1.698720458745956341e+00 1.572669130563735918e+00 1.435126111507415869e+00 1.328566719293594378e+00 1.236376641988754299e+00 1.155373916625976660e+00 1.096186599731445277e+00 1.050959903001785323e+00 1.028024272918701243e+00 1.014793652296066329e+00 1.008519641757011476e+00 1.002472413182258659e+00 1.000011062622070401e+00 9.968807929754257557e-01 9.959421676397323120e-01 9.955989551544189853e-01 9.937080490589141890e-01 9.923467218875885454e-01 9.892927706241607666e-01
1.225461351275443977e+00 1.610026051998138419e+00 1.818682093620300311e+00 1.911738520860672086e+00 1.829081087112426784e+00 1.709107978343963552e+00 1.578058683872222812e+00 1.445877075195312500e+00 1.336754134893417323e+00 1.244184261560440152e+00 1.162737542390823275e+00 1.103891458511352619e+00 1.057233749628067043e+00 1.034669603109359848e+00 1.021470440030098015e+00 1.015125129818916339e+00 1.008720793724060094e+00 1.006790544390678388e+00 1.003594231605529741e+00 1.002549828886985850e+00 1.001728026866912868e+00 9.988597893714904474e-01 9.969771438837051747e-01 9.924547690153121549e-01
1.234220522046089119e+00 1.611338919401168912e+00 1.813457688093185416e+00 1.901515589952468943e+00 1.823469911813735855e+00 1.708175787925720224e+00 1.573122451305389413e+00 1.441394954919815063e+00 1.332536690235137877e+00 1.239228855371475202e+00 1.158951981067657400e+00 1.099347482919692975e+00 1.052958747148513785e+00 1.030750817060470670e+00 1.017274976968765232e+00 1.010920932888984769e+00 1.004905322790145883e+00 1.002617650032043395e+00 9.997263240814209251e-01 9.985381019115447954e-01 9.974124491214751975e-01 9.947487121820449696e-01 9.931996440887451705e-01 9.892554259300232467e-01
1.244066272974014176e+00 1.634023299217224112e+00 1.844589594602584759e+00 1.935791549682617241e+00 1.848699156045913616e+00 1.731652324199676407e+00 1.596871979236602845e+00 1.462451869249343783e+00 1.351890977621078571e+00 1.257518563270568768e+00 1.175682518482208172e+00 1.115612244606018155e+00 1.069208276271820024e+00 1.046432045698165947e+00 1.032440010309219280e+00 1.025816121101379430e+00 1.019818431735038722e+00 1.017620083689689592e+00 1.014663315415382350e+00 1.013196804523468053e+00 1.011978549361228996e+00 1.008716421127319407e+00 1.006401233077049318e+00 1.001593782901763818e+00
1.223907513022422844e+00 1.607351396083831707e+00 1.807057830095291084e+00 1.902419377565383929e+00 1.815382661819457955e+00 1.699094189405441213e+00 1.573883578777313330e+00 1.437595269680023158e+00 1.330509817600250333e+00 1.239658076763153094e+00 1.158903666734695470e+00 1.099914922714233301e+00 1.054976319074630631e+00 1.032439256906509506e+00 1.019152656793594458e+00 1.012668389081955000e+00 1.006440368890762382e+00 1.003960611820220894e+00 1.000985120534896744e+00 9.995293736457824263e-01 9.988235497474670099e-01 9.965538334846496538e-01 9.952187716960907427e-01 9.917781525850295488e-01
1.211998136043548557e+00 1.560355532169342085e+00 1.797985956668853857e+00 1.883269989490508944e+00 1.813647940158843896e+00 1.696965574026107815e+00 1.561468070745468228e+00 1.425692476034164491e+00 1.320624700784683192e+00 1.229540885686874363e+00 1.148662508726119968e+00 1.091301230192184502e+00 1.045503977537155071e+00 1.023931297063827461e+00 1.010821688771247784e+00 1.004260521531105121e+00 9.986380159854888472e-01 9.957277148962020430e-01 9.929451739788055509e-01 9.918725746870040716e-01 9.910894829034805342e-01 9.881041049957275391e-01 9.868766009807586892e-01 9.840154606103896917e-01
1.239058471322059596e+00 1.610718668699264500e+00 1.815170984268188459e+00 1.915315957069396946e+00 1.837066550254821795e+00 1.712967519760131729e+00 1.582828543186187709e+00 1.446313897371292123e+00 1.339888727664947599e+00 1.246934732198715201e+00 1.163812044858932415e+00 1.105342597961425755e+00 1.059576861858367858e+00 1.037173113822936976e+00 1.023353059887885941e+00 1.016751650571823040e+00 1.010576138496398935e+00 1.008305609226226807e+00 1.005185027122497576e+00 1.003395044803619296e+00 1.002170746326446427e+00 9.986706769466400235e-01 9.963155770301819203e-01 9.919419157505035001e-01
1.226554716229438791e+00 1.608480981588363612e+00 1.811109788417816224e+00 1.903726902008056721e+00 1.826920078992843699e+00 1.700219023227691695e+00 1.575744310617446908e+00 1.440591580867767396e+00 1.333090813159942600e+00 1.241280386447906503e+00 1.159183508157730191e+00 1.100579129457473826e+00 1.055383462905883807e+00 1.033644064664840601e+00 1.019987056255340585e+00 1.013770152926444901e+00 1.007518748044967660e+00 1.004933435916900653e+00 1.001942759156227103e+00 1.000570160746574455e+00 9.998217314481735452e-01 9.969092577695846114e-01 9.948408967256545665e-01 9.910085332393646640e-01
1.227633219361305317e+00 1.612270524501800528e+00 1.829947351217269924e+00 1.914717539548873804e+00 1.834929066896438643e+00 1.712731583118438650e+00 1.583411558866500757e+00 1.448625353574752861e+00 1.341104284524917700e+00 1.247861145734787014e+00 1.165205060243606594e+00 1.106085854768753096e+00 1.060264953374862706e+00 1.038077480792999330e+00 1.024413443207740748e+00 1.018097177147865295e+00 1.011906916499137887e+00 1.009779701232910165e+00 1.006834380030632081e+00 1.005529850125312707e+00 1.004606846570968548e+00 1.001547460556030167e+00 9.993147742748260676e-01 9.947419351339340521e-01
