1.499504280090332031e+01 8.147838592529296875e+01
7.165023803710937500e+01 5.036905670166015625e+01
2.935050487518310547e+00 3.573208236694335938e+01
2.419668197631835938e+01 2.629062461853027344e+01
1.591154193878173828e+01 2.001384544372558594e+01
3.097470283508300781e+01 1.486615276336669922e+01
5.027047157287597656e+00 1.130503463745117188e+01
-1.509032368659973145e+00 8.702365875244140625e+00
2.289783716201782227e+00 6.595978736877441406e+00
4.189180433750152588e-01 4.986211776733398438e+00
-5.697051882743835449e-01 3.747236013412475586e+00
5.680235385894775391e+00 2.780876398086547852e+00
-2.078338861465454102e+00 2.070555686950683594e+00
1.652413487434387207e+00 1.523309707641601562e+00
1.334884166717529297e-01 1.112385272979736328e+00
2.503164708614349365e-01 8.129327297210693359e-01
7.488874793052673340e-01 5.931738615036010742e-01
4.757810235023498535e-01 4.325448870658874512e-01
2.518255412578582764e-01 3.156290352344512939e-01
1.717258393764495850e-01 2.303749024868011475e-01
9.287230670452117920e-02 1.681734025478363037e-01
-7.262863218784332275e-02 1.230102479457855225e-01
-7.219877094030380249e-02 9.014274924993515015e-02
2.662565000355243683e-02 6.665901839733123779e-02
