5.870046234130859375e+01 7.460684204101562500e+01
1.013707199096679688e+02 4.860319519042968750e+01
3.077179145812988281e+01 3.618239974975585938e+01
1.105717926025390625e+02 2.614016532897949219e+01
8.141998291015625000e+01 1.962326240539550781e+01
9.599529266357421875e+01 1.481824398040771484e+01
8.958862304687500000e+01 1.139011859893798828e+01
5.120411300659179688e+01 8.719276428222656250e+00
5.261351776123046875e+01 6.571845531463623047e+00
5.278594970703125000e+01 4.964171886444091797e+00
3.792619323730468750e+01 3.767787218093872070e+00
3.303971099853515625e+01 2.790329694747924805e+00
2.137288856506347656e+01 2.070638179779052734e+00
1.492401695251464844e+01 1.519191861152648926e+00
9.674215316772460938e+00 1.115461945533752441e+00
4.752139568328857422e+00 8.131663203239440918e-01
3.727607011795043945e+00 5.935084223747253418e-01
2.823650121688842773e+00 4.324992299079895020e-01
1.886576652526855469e+00 3.156780302524566650e-01
1.468060493469238281e+00 2.303240299224853516e-01
1.174452066421508789e+00 1.681491583585739136e-01
8.042287230491638184e-01 1.230298131704330444e-01
4.696378111839294434e-01 9.014870226383209229e-02
3.083118200302124023e-01 6.665676087141036987e-02
