5.853589630126953125e+01 1.141760177612304688e+02 6.252017974853515625e+01 1.079641571044921875e+02 8.194370269775390625e+01 6.785456085205078125e+01 8.096968078613281250e+01 6.292684173583984375e+01 6.120926284790039062e+01 4.997528839111328125e+01 4.302901077270507812e+01 3.013726043701171875e+01 2.466061973571777344e+01 1.682111930847167969e+01 9.034932136535644531e+00 7.489582538604736328e+00 4.305756568908691406e+00 3.195702075958251953e+00 1.310425519943237305e+00 1.398524641990661621e+00 1.016830801963806152e+00 6.762773394584655762e-01 4.323351979255676270e-01 4.400302171707153320e-01
6.585030364990234375e+01 1.214416122436523438e+02 5.953099822998046875e+01 1.074846191406250000e+02 7.856699371337890625e+01 6.970463562011718750e+01 8.178981018066406250e+01 6.224173736572265625e+01 6.183338165283203125e+01 4.932517623901367188e+01 4.262886047363281250e+01 2.937468719482421875e+01 2.494642639160156250e+01 1.677828216552734375e+01 9.058900833129882812e+00 7.407934665679931641e+00 4.208876132965087891e+00 3.222846508026123047e+00 1.364583134651184082e+00 1.408134102821350098e+00 9.964438676834106445e-01 6.651732921600341797e-01 4.154552221298217773e-01 4.370190799236297607e-01
5.404303359985351562e+01 1.193050537109375000e+02 5.714184188842773438e+01 1.037436904907226562e+02 7.852835083007812500e+01 7.104962921142578125e+01 7.927265167236328125e+01 6.306774902343750000e+01 6.248115921020507812e+01 5.033188247680664062e+01 4.348369598388671875e+01 2.969755363464355469e+01 2.522941780090332031e+01 1.653484916687011719e+01 9.147715568542480469e+00 7.460441112518310547e+00 4.214968204498291016e+00 3.244649887084960938e+00 1.392387390136718750e+00 1.431834936141967773e+00 9.883947372436523438e-01 6.581111550331115723e-01 4.287152588367462158e-01 4.296148121356964111e-01
6.625962066650390625e+01 1.253964691162109375e+02 5.961865234375000000e+01 1.113025741577148438e+02 8.301632690429687500e+01 7.141769409179687500e+01 7.938101959228515625e+01 6.316162490844726562e+01 6.111084365844726562e+01 4.922025299072265625e+01 4.310433578491210938e+01 2.992979431152343750e+01 2.504167747497558594e+01 1.666547584533691406e+01 9.354205131530761719e+00 7.433028221130371094e+00 4.162261486053466797e+00 3.230014562606811523e+00 1.380113005638122559e+00 1.423422455787658691e+00 9.897171258926391602e-01 6.880147457122802734e-01 4.407320022583007812e-01 4.312744438648223877e-01
6.508222198486328125e+01 1.059311141967773438e+02 6.624032592773437500e+01 1.020687026977539062e+02 8.326496887207031250e+01 7.109296417236328125e+01 8.330614471435546875e+01 6.380025100708007812e+01 6.139887237548828125e+01 4.963087463378906250e+01 4.296104431152343750e+01 2.990451812744140625e+01 2.555142784118652344e+01 1.654578208923339844e+01 8.943132400512695312e+00 7.551619529724121094e+00 4.104582309722900391e+00 3.201157331466674805e+00 1.368463635444641113e+00 1.443802118301391602e+00 9.954560995101928711e-01 6.994527578353881836e-01 4.192740619182586670e-01 4.280566573143005371e-01
6.138836669921875000e+01 1.109132385253906250e+02 5.637467193603515625e+01 1.043752441406250000e+02 8.511658477783203125e+01 7.094631958007812500e+01 8.133576965332031250e+01 6.286827850341796875e+01 6.129376983642578125e+01 4.897781372070312500e+01 4.271972656250000000e+01 2.950013732910156250e+01 2.505742835998535156e+01 1.668472480773925781e+01 9.096175193786621094e+00 7.551660060882568359e+00 4.167313098907470703e+00 3.272007226943969727e+00 1.355306029319763184e+00 1.387577295303344727e+00 9.944583177566528320e-01 6.595475077629089355e-01 4.081383943557739258e-01 4.166983664035797119e-01
6.215818023681640625e+01 1.194043807983398438e+02 6.253683471679687500e+01 1.092279815673828125e+02 8.329039001464843750e+01 7.084799957275390625e+01 8.209506225585937500e+01 6.323584365844726562e+01 6.190914154052734375e+01 4.963128662109375000e+01 4.309424591064453125e+01 3.003858947753906250e+01 2.507783889770507812e+01 1.652118301391601562e+01 9.085783004760742188e+00 7.677378177642822266e+00 4.237821102142333984e+00 3.219384193420410156e+00 1.384964227676391602e+00 1.436960458755493164e+00 9.739553928375244141e-01 6.937410235404968262e-01 4.278500080108642578e-01 4.154412448406219482e-01
6.262555313110351562e+01 1.042055587768554688e+02 5.558825683593750000e+01 1.115292510986328125e+02 8.226955413818359375e+01 6.826345825195312500e+01 7.987546539306640625e+01 6.388845062255859375e+01 6.107298278808593750e+01 4.973472213745117188e+01 4.314037322998046875e+01 2.971839523315429688e+01 2.552344512939453125e+01 1.618618583679199219e+01 9.155527114868164062e+00 7.535606861114501953e+00 4.269769191741943359e+00 3.355796575546264648e+00 1.325886011123657227e+00 1.402045249938964844e+00 9.503825306892395020e-01 6.639647483825683594e-01 4.152849316596984863e-01 4.046112000942230225e-01
7.495140075683593750e+01 1.215390777587890625e+02 6.060581207275390625e+01 1.069884414672851562e+02 8.187977600097656250e+01 7.189879608154296875e+01 8.090333557128906250e+01 6.196357345581054688e+01 6.121520996093750000e+01 5.008088302612304688e+01 4.196487808227539062e+01 2.969969177246093750e+01 2.500659179687500000e+01 1.668414306640625000e+01 9.232288360595703125e+00 7.515199661254882812e+00 4.081942558288574219e+00 3.185935497283935547e+00 1.351679801940917969e+00 1.407583594322204590e+00 1.007966876029968262e+00 7.046334147453308105e-01 4.162534773349761963e-01 4.142914414405822754e-01
7.123214721679687500e+01 1.163650054931640625e+02 6.428798675537109375e+01 1.059006958007812500e+02 8.387658691406250000e+01 6.889646148681640625e+01 8.236425781250000000e+01 6.528978729248046875e+01 6.218411636352539062e+01 5.048145675659179688e+01 4.307582092285156250e+01 3.011624145507812500e+01 2.507588386535644531e+01 1.642074966430664062e+01 9.208490371704101562e+00 7.369779586791992188e+00 4.256367206573486328e+00 3.211468458175659180e+00 1.401207327842712402e+00 1.411372780799865723e+00 9.699670672416687012e-01 7.068485021591186523e-01 4.217413067817687988e-01 4.412621557712554932e-01
7.554904937744140625e+01 1.145146331787109375e+02 5.938645553588867188e+01 1.066267547607421875e+02 8.179256439208984375e+01 7.226123809814453125e+01 7.889645385742187500e+01 6.129994583129882812e+01 6.041868972778320312e+01 4.971254348754882812e+01 4.257151794433593750e+01 2.935053253173828125e+01 2.474959182739257812e+01 1.636180114746093750e+01 9.130537986755371094e+00 7.491466045379638672e+00 4.258339881896972656e+00 3.228442192077636719e+00 1.331664800643920898e+00 1.440987348556518555e+00 1.019040465354919434e+00 6.751167774200439453e-01 4.417704045772552490e-01 4.358939528465270996e-01
6.335032272338867188e+01 1.176457519531250000e+02 6.023027038574218750e+01 9.809715270996093750e+01 8.026593780517578125e+01 6.955113220214843750e+01 8.299295806884765625e+01 6.423554229736328125e+01 6.185001373291015625e+01 5.020029830932617188e+01 4.284181976318359375e+01 2.955810737609863281e+01 2.516744995117187500e+01 1.646846771240234375e+01 9.375929832458496094e+00 7.322811603546142578e+00 4.316442012786865234e+00 3.276619195938110352e+00 1.346470355987548828e+00 1.421185374259948730e+00 9.567852020263671875e-01 6.450105905532836914e-01 4.087755084037780762e-01 4.366573691368103027e-01
6.895449829101562500e+01 1.322223968505859375e+02 5.977426528930664062e+01 1.054542541503906250e+02 8.081926727294921875e+01 7.007896423339843750e+01 8.124445343017578125e+01 6.328873062133789062e+01 6.144886398315429688e+01 4.998114776611328125e+01 4.286858749389648438e+01 2.954430198669433594e+01 2.497562599182128906e+01 1.631864356994628906e+01 9.352905273437500000e+00 7.422380447387695312e+00 4.153036117553710938e+00 3.222075939178466797e+00 1.368414998054504395e+00 1.413624167442321777e+00 1.002263426780700684e+00 6.829615235328674316e-01 4.366829991340637207e-01 4.352402091026306152e-01
4.604420852661132812e+01 1.154491958618164062e+02 6.479077148437500000e+01 1.113379821777343750e+02 8.013251495361328125e+01 7.392617797851562500e+01 8.024872589111328125e+01 6.550449371337890625e+01 6.203408432006835938e+01 5.009830093383789062e+01 4.264619445800781250e+01 2.943972969055175781e+01 2.501467514038085938e+01 1.658459854125976562e+01 8.611933708190917969e+00 7.390400409698486328e+00 4.266045570373535156e+00 3.193095922470092773e+00 1.306246042251586914e+00 1.388338208198547363e+00 1.001829743385314941e+00 7.141884565353393555e-01 4.300234317779541016e-01 4.254967570304870605e-01
6.841117858886718750e+01 1.220466308593750000e+02 5.663280487060546875e+01 1.089979400634765625e+02 8.201119232177734375e+01 6.893441772460937500e+01 8.115337371826171875e+01 6.344435501098632812e+01 6.226073455810546875e+01 4.976604843139648438e+01 4.278105545043945312e+01 2.959609031677246094e+01 2.512329673767089844e+01 1.645496940612792969e+01 9.140845298767089844e+00 7.413962364196777344e+00 4.262004852294921875e+00 3.198206901550292969e+00 1.378805160522460938e+00 1.383464574813842773e+00 9.635180830955505371e-01 6.884395480155944824e-01 4.415225088596343994e-01 4.420961439609527588e-01
6.141024017333984375e+01 1.178259735107421875e+02 6.532596588134765625e+01 1.078961791992187500e+02 7.739891052246093750e+01 7.385236358642578125e+01 7.789836883544921875e+01 6.232317352294921875e+01 6.203812789916992188e+01 4.958173751831054688e+01 4.255982208251953125e+01 2.970043945312500000e+01 2.500889015197753906e+01 1.659751129150390625e+01 9.176948547363281250e+00 7.637191772460937500e+00 4.206035137176513672e+00 3.175607442855834961e+00 1.314970016479492188e+00 1.423153638839721680e+00 9.797802567481994629e-01 6.839821338653564453e-01 4.448218047618865967e-01 4.535026848316192627e-01
7.618495941162109375e+01 1.147379074096679688e+02 6.196789932250976562e+01 1.053457794189453125e+02 8.093781280517578125e+01 6.913732147216796875e+01 8.185906219482421875e+01 6.421089935302734375e+01 6.172721099853515625e+01 4.936723709106445312e+01 4.264011383056640625e+01 2.982757377624511719e+01 2.461346817016601562e+01 1.671160316467285156e+01 9.317169189453125000e+00 7.514993190765380859e+00 4.174078464508056641e+00 3.191477060317993164e+00 1.340642929077148438e+00 1.412244796752929688e+00 1.008921265602111816e+00 6.638690829277038574e-01 4.241907596588134766e-01 4.062946438789367676e-01
6.171980285644531250e+01 1.107099990844726562e+02 5.589202880859375000e+01 1.061829071044921875e+02 8.204756164550781250e+01 7.145424652099609375e+01 8.216485595703125000e+01 6.247454071044921875e+01 6.122846984863281250e+01 4.992395019531250000e+01 4.304832077026367188e+01 2.928368759155273438e+01 2.497853469848632812e+01 1.630599594116210938e+01 9.150954246520996094e+00 7.434291362762451172e+00 4.187559127807617188e+00 3.271923780441284180e+00 1.386343836784362793e+00 1.421178102493286133e+00 9.922863245010375977e-01 6.931068897247314453e-01 4.447005689144134521e-01 4.341620206832885742e-01
5.363904190063476562e+01 1.168004226684570312e+02 5.576797103881835938e+01 1.134624862670898438e+02 8.473338317871093750e+01 6.700100708007812500e+01 8.124568939208984375e+01 6.428759765625000000e+01 6.031474304199218750e+01 4.901161575317382812e+01 4.312119674682617188e+01 2.991816520690917969e+01 2.452904701232910156e+01 1.673174667358398438e+01 9.055422782897949219e+00 7.468336582183837891e+00 4.258048057556152344e+00 3.199067354202270508e+00 1.326915860176086426e+00 1.427311182022094727e+00 9.675388336181640625e-01 7.098216414451599121e-01 4.363924264907836914e-01 4.103884696960449219e-01
6.219270706176757812e+01 1.214673538208007812e+02 5.620228576660156250e+01 1.057980575561523438e+02 7.804772186279296875e+01 7.226581573486328125e+01 7.966284942626953125e+01 6.344803237915039062e+01 6.078885269165039062e+01 4.890666580200195312e+01 4.211862182617187500e+01 2.935896492004394531e+01 2.539142036437988281e+01 1.649433517456054688e+01 9.440331459045410156e+00 7.437768936157226562e+00 4.269731044769287109e+00 3.271497011184692383e+00 1.358274817466735840e+00 1.450240612030029297e+00 9.858555197715759277e-01 6.981741189956665039e-01 4.471603631973266602e-01 4.464466869831085205e-01
7.041951751708984375e+01 1.285964965820312500e+02 6.021465682983398438e+01 1.058430557250976562e+02 8.025602722167968750e+01 6.818235778808593750e+01 8.082426452636718750e+01 6.335260009765625000e+01 6.159924316406250000e+01 4.978917312622070312e+01 4.390887832641601562e+01 2.970401763916015625e+01 2.459184837341308594e+01 1.659530448913574219e+01 8.937843322753906250e+00 7.542773723602294922e+00 4.110076904296875000e+00 3.206451416015625000e+00 1.375025391578674316e+00 1.416371941566467285e+00 1.037453174591064453e+00 6.841915845870971680e-01 4.341191351413726807e-01 4.417993426322937012e-01
5.505619812011718750e+01 1.167837295532226562e+02 5.880490112304687500e+01 1.049041137695312500e+02 8.310856628417968750e+01 7.134380340576171875e+01 8.086147308349609375e+01 6.257946395874023438e+01 6.052925109863281250e+01 4.980244445800781250e+01 4.296035385131835938e+01 2.976333618164062500e+01 2.505790901184082031e+01 1.674593353271484375e+01 9.373600006103515625e+00 7.540772914886474609e+00 4.329665184020996094e+00 3.207684278488159180e+00 1.392306447029113770e+00 1.400197982788085938e+00 9.747307896614074707e-01 6.958340406417846680e-01 4.384419918060302734e-01 4.354278147220611572e-01
6.635125732421875000e+01 1.302778167724609375e+02 5.792978668212890625e+01 1.024805679321289062e+02 7.881762695312500000e+01 7.320639801025390625e+01 8.096757507324218750e+01 6.225756454467773438e+01 6.149853515625000000e+01 4.911432647705078125e+01 4.303989028930664062e+01 2.943773841857910156e+01 2.490111923217773438e+01 1.658970069885253906e+01 9.008313179016113281e+00 7.517634868621826172e+00 4.250536441802978516e+00 3.233820438385009766e+00 1.267928242683410645e+00 1.363067030906677246e+00 9.679028391838073730e-01 6.972848773002624512e-01 4.188407659530639648e-01 4.308465123176574707e-01
8.792279052734375000e+01 1.112145996093750000e+02 6.251091384887695312e+01 1.068798751831054688e+02 8.187664794921875000e+01 6.989911651611328125e+01 8.127176666259765625e+01 6.326529693603515625e+01 6.381318664550781250e+01 4.961949920654296875e+01 4.267754745483398438e+01 2.948019218444824219e+01 2.517236709594726562e+01 1.652420616149902344e+01 8.986417770385742188e+00 7.335576057434082031e+00 4.312908172607421875e+00 3.346012115478515625e+00 1.300680279731750488e+00 1.412330985069274902e+00 9.847745299339294434e-01 6.880515217781066895e-01 3.984293937683105469e-01 4.132696986198425293e-01
5.219886779785156250e+01 1.191875305175781250e+02 6.144347381591796875e+01 1.054495620727539062e+02 7.764232635498046875e+01 6.954999542236328125e+01 8.076053619384765625e+01 6.428577423095703125e+01 6.108864593505859375e+01 4.942160034179687500e+01 4.260187149047851562e+01 2.930211639404296875e+01 2.487488174438476562e+01 1.644727706909179688e+01 9.374864578247070312e+00 7.568711757659912109e+00 4.141291141510009766e+00 3.207975625991821289e+00 1.315637111663818359e+00 1.386893749237060547e+00 9.646372199058532715e-01 7.238060235977172852e-01 4.510013759136199951e-01 4.586176574230194092e-01
6.207114791870117188e+01 1.089418792724609375e+02 6.131844329833984375e+01 1.067350921630859375e+02 8.303653717041015625e+01 7.030221557617187500e+01 8.061287689208984375e+01 6.280688476562500000e+01 6.136080169677734375e+01 5.016037368774414062e+01 4.271659088134765625e+01 3.006977081298828125e+01 2.527659988403320312e+01 1.669754791259765625e+01 9.295042991638183594e+00 7.628107070922851562e+00 4.226297378540039062e+00 3.129339694976806641e+00 1.278859615325927734e+00 1.401325941085815430e+00 1.006608247756958008e+00 6.680144667625427246e-01 4.221395254135131836e-01 4.182908833026885986e-01
4.250552749633789062e+01 1.172766876220703125e+02 5.622245788574218750e+01 1.045214843750000000e+02 8.358012390136718750e+01 7.227420043945312500e+01 7.580851745605468750e+01 6.277827072143554688e+01 6.177040863037109375e+01 5.008565139770507812e+01 4.194060516357421875e+01 2.920359039306640625e+01 2.509898567199707031e+01 1.669898414611816406e+01 9.068836212158203125e+00 7.608079910278320312e+00 4.159930229187011719e+00 3.357619524002075195e+00 1.353620886802673340e+00 1.430978059768676758e+00 1.011147618293762207e+00 7.005124092102050781e-01 4.310554862022399902e-01 4.413738250732421875e-01
6.335032272338867188e+01 1.187437667846679688e+02 5.652160263061523438e+01 1.148982772827148438e+02 8.394966125488281250e+01 7.232299804687500000e+01 7.926895904541015625e+01 6.357266616821289062e+01 6.097845077514648438e+01 4.954100036621093750e+01 4.324757766723632812e+01 2.948887443542480469e+01 2.506857872009277344e+01 1.643030166625976562e+01 8.971382141113281250e+00 7.421804428100585938e+00 4.198508739471435547e+00 3.188043117523193359e+00 1.363134145736694336e+00 1.383922576904296875e+00 9.809614419937133789e-01 6.855337619781494141e-01 4.247766733169555664e-01 4.073077440261840820e-01
5.679886627197265625e+01 1.214014053344726562e+02 5.175473022460937500e+01 1.062036132812500000e+02 8.180953979492187500e+01 7.110697937011718750e+01 8.058379364013671875e+01 6.197256469726562500e+01 6.125108337402343750e+01 4.929906845092773438e+01 4.313505935668945312e+01 2.967221260070800781e+01 2.514590644836425781e+01 1.675516510009765625e+01 9.231342315673828125e+00 7.522980690002441406e+00 4.168399810791015625e+00 3.210448980331420898e+00 1.306273102760314941e+00 1.438790202140808105e+00 9.862557053565979004e-01 6.837865114212036133e-01 4.367183148860931396e-01 4.431045651435852051e-01
8.270300292968750000e+01 1.165119857788085938e+02 6.051692581176757812e+01 1.080286407470703125e+02 8.324401855468750000e+01 7.039340972900390625e+01 8.044024658203125000e+01 6.078023529052734375e+01 6.190588760375976562e+01 4.957168960571289062e+01 4.239739227294921875e+01 2.978790092468261719e+01 2.466356849670410156e+01 1.661573028564453125e+01 9.270790100097656250e+00 7.466825008392333984e+00 4.285422801971435547e+00 3.200241088867187500e+00 1.415046811103820801e+00 1.436629414558410645e+00 9.960234761238098145e-01 6.757431030273437500e-01 4.114744067192077637e-01 4.038184583187103271e-01
6.746707153320312500e+01 1.298036346435546875e+02 6.205922317504882812e+01 1.031013259887695312e+02 8.147611236572265625e+01 7.132071685791015625e+01 8.190760803222656250e+01 6.417736816406250000e+01 6.248059082031250000e+01 5.004566955566406250e+01 4.288929748535156250e+01 2.921096420288085938e+01 2.476167297363281250e+01 1.656589889526367188e+01 9.382012367248535156e+00 7.426882266998291016e+00 4.182134628295898438e+00 3.284643888473510742e+00 1.446509599685668945e+00 1.462053179740905762e+00 9.435386657714843750e-01 6.928005814552307129e-01 4.404662549495697021e-01 4.357866048812866211e-01
7.164498901367187500e+01 1.218692855834960938e+02 6.075156021118164062e+01 1.052974243164062500e+02 8.002119445800781250e+01 7.389941406250000000e+01 8.400453948974609375e+01 6.275842666625976562e+01 6.186657714843750000e+01 5.027922439575195312e+01 4.256627273559570312e+01 3.001357841491699219e+01 2.481805992126464844e+01 1.653496360778808594e+01 9.120219230651855469e+00 7.231029987335205078e+00 4.103870868682861328e+00 3.232789993286132812e+00 1.372080802917480469e+00 1.421394109725952148e+00 1.007487297058105469e+00 6.357660889625549316e-01 4.161805212497711182e-01 4.058463871479034424e-01
4.565908432006835938e+01 1.163936538696289062e+02 6.100112533569335938e+01 1.082817764282226562e+02 8.243187713623046875e+01 7.299854278564453125e+01 8.176763916015625000e+01 6.399452209472656250e+01 6.295336532592773438e+01 4.916526794433593750e+01 4.331578826904296875e+01 2.989265441894531250e+01 2.512244987487792969e+01 1.647558784484863281e+01 9.144136428833007812e+00 7.466444492340087891e+00 4.138610363006591797e+00 3.233017921447753906e+00 1.381085157394409180e+00 1.390962481498718262e+00 9.871347546577453613e-01 6.728990674018859863e-01 4.221128523349761963e-01 4.258219897747039795e-01
4.923878097534179688e+01 1.164107360839843750e+02 5.447675704956054688e+01 1.120104827880859375e+02 8.209654235839843750e+01 7.075582885742187500e+01 7.989600372314453125e+01 6.137314224243164062e+01 6.157596206665039062e+01 4.887830734252929688e+01 4.377437591552734375e+01 2.963338279724121094e+01 2.462491035461425781e+01 1.632893943786621094e+01 8.787779808044433594e+00 7.272483348846435547e+00 4.253155708312988281e+00 3.251595258712768555e+00 1.435416698455810547e+00 1.390230536460876465e+00 9.608705639839172363e-01 6.989824175834655762e-01 4.157745838165283203e-01 4.503840208053588867e-01
6.807670593261718750e+01 1.086630859375000000e+02 5.737158203125000000e+01 1.084695281982421875e+02 8.091107940673828125e+01 7.104073333740234375e+01 8.049742889404296875e+01 6.234033966064453125e+01 6.077637100219726562e+01 5.007108688354492188e+01 4.347111892700195312e+01 3.053602218627929688e+01 2.501841163635253906e+01 1.664907455444335938e+01 9.175966262817382812e+00 7.508075714111328125e+00 4.168892383575439453e+00 3.258368968963623047e+00 1.345120787620544434e+00 1.384813070297241211e+00 9.953990578651428223e-01 6.545891165733337402e-01 4.081382751464843750e-01 4.217083752155303955e-01
7.404161071777343750e+01 1.177282028198242188e+02 6.505482482910156250e+01 1.053239822387695312e+02 8.348104095458984375e+01 7.021279144287109375e+01 8.002240753173828125e+01 6.246028518676757812e+01 6.086142730712890625e+01 4.937959671020507812e+01 4.403083038330078125e+01 2.972381973266601562e+01 2.501609992980957031e+01 1.644939804077148438e+01 9.147603988647460938e+00 7.468167781829833984e+00 4.274127483367919922e+00 3.324954032897949219e+00 1.352132081985473633e+00 1.426444411277770996e+00 9.953063130378723145e-01 6.563817858695983887e-01 4.324334859848022461e-01 4.427641630172729492e-01
6.329499435424804688e+01 1.159055938720703125e+02 5.684087753295898438e+01 1.083833465576171875e+02 8.230409240722656250e+01 7.179141235351562500e+01 8.071686553955078125e+01 6.357165908813476562e+01 6.100139236450195312e+01 4.975376510620117188e+01 4.339721298217773438e+01 2.981016921997070312e+01 2.512802886962890625e+01 1.646469879150390625e+01 9.328757286071777344e+00 7.332398891448974609e+00 4.198885440826416016e+00 3.186038970947265625e+00 1.338611721992492676e+00 1.415876269340515137e+00 1.009221792221069336e+00 6.841974854469299316e-01 4.330092072486877441e-01 4.240902662277221680e-01
5.092006301879882812e+01 1.125951232910156250e+02 5.690230178833007812e+01 1.065766143798828125e+02 8.469020080566406250e+01 7.049024200439453125e+01 8.211560058593750000e+01 6.260965728759765625e+01 6.270774459838867188e+01 5.049496841430664062e+01 4.208653259277343750e+01 2.940428352355957031e+01 2.465697097778320312e+01 1.633252334594726562e+01 9.336167335510253906e+00 7.405041694641113281e+00 4.249816417694091797e+00 3.139997720718383789e+00 1.408370614051818848e+00 1.358104586601257324e+00 1.008584499359130859e+00 6.922433972358703613e-01 4.301633536815643311e-01 4.275616109371185303e-01
5.634920883178710938e+01 1.158318328857421875e+02 6.099838256835937500e+01 1.077711029052734375e+02 8.248258209228515625e+01 7.010113525390625000e+01 8.316638946533203125e+01 6.356674194335937500e+01 6.052162170410156250e+01 4.910629272460937500e+01 4.316758728027343750e+01 2.946730422973632812e+01 2.500254058837890625e+01 1.662635040283203125e+01 9.077746391296386719e+00 7.516915321350097656e+00 4.188644409179687500e+00 3.181801319122314453e+00 1.339935421943664551e+00 1.402979493141174316e+00 9.857423305511474609e-01 6.758190393447875977e-01 4.073813259601593018e-01 4.393699169158935547e-01
6.076505279541015625e+01 1.159938583374023438e+02 5.511834716796875000e+01 1.010741806030273438e+02 8.104084777832031250e+01 6.818364715576171875e+01 8.133702850341796875e+01 6.521646118164062500e+01 6.033510589599609375e+01 4.934852600097656250e+01 4.273129653930664062e+01 2.972707176208496094e+01 2.439269256591796875e+01 1.655459594726562500e+01 9.089530944824218750e+00 7.384095191955566406e+00 4.209509849548339844e+00 3.249430179595947266e+00 1.334821701049804688e+00 1.425698399543762207e+00 9.719610810279846191e-01 6.575978398323059082e-01 4.226054549217224121e-01 4.198145270347595215e-01
6.668738555908203125e+01 1.188631591796875000e+02 6.436817169189453125e+01 1.090200653076171875e+02 8.057766723632812500e+01 6.799279022216796875e+01 8.123489379882812500e+01 6.436421966552734375e+01 6.207158660888671875e+01 5.054322814941406250e+01 4.301782989501953125e+01 3.009198188781738281e+01 2.506266784667968750e+01 1.633858871459960938e+01 9.144295692443847656e+00 7.484102249145507812e+00 4.198230743408203125e+00 3.214563608169555664e+00 1.234598040580749512e+00 1.446604132652282715e+00 9.860658645629882812e-01 7.031834125518798828e-01 4.176708161830902100e-01 4.366771876811981201e-01
6.658299255371093750e+01 1.160061187744140625e+02 5.916560363769531250e+01 1.015999832153320312e+02 8.451437377929687500e+01 7.225817108154296875e+01 8.005294799804687500e+01 6.299581146240234375e+01 6.136927032470703125e+01 5.024749755859375000e+01 4.229613876342773438e+01 2.946445846557617188e+01 2.492004203796386719e+01 1.651037216186523438e+01 9.342245101928710938e+00 7.346916675567626953e+00 4.258126735687255859e+00 3.161677598953247070e+00 1.353492140769958496e+00 1.399967193603515625e+00 9.972192645072937012e-01 6.810470819473266602e-01 4.398060441017150879e-01 4.226613342761993408e-01
7.843695831298828125e+01 1.233828887939453125e+02 6.366473388671875000e+01 1.057896118164062500e+02 8.089794158935546875e+01 7.162538909912109375e+01 8.040002441406250000e+01 6.161506271362304688e+01 6.169287490844726562e+01 5.017893218994140625e+01 4.371166992187500000e+01 2.961763954162597656e+01 2.468508338928222656e+01 1.662961196899414062e+01 9.102636337280273438e+00 7.427217960357666016e+00 4.318046092987060547e+00 3.239136457443237305e+00 1.329127073287963867e+00 1.356183528900146484e+00 9.877166748046875000e-01 6.775680780410766602e-01 4.357132017612457275e-01 4.495417177677154541e-01
6.324086380004882812e+01 1.248879394531250000e+02 6.415713500976562500e+01 1.048156433105468750e+02 8.090287017822265625e+01 6.837100982666015625e+01 8.043826293945312500e+01 6.417987823486328125e+01 6.212931823730468750e+01 4.976588439941406250e+01 4.306629562377929688e+01 2.940239143371582031e+01 2.463281822204589844e+01 1.663091087341308594e+01 8.832514762878417969e+00 7.566573143005371094e+00 4.227946758270263672e+00 3.287660598754882812e+00 1.253347396850585938e+00 1.371184825897216797e+00 9.938362836837768555e-01 6.560032367706298828e-01 4.318411052227020264e-01 4.281149506568908691e-01
6.566225433349609375e+01 1.170559387207031250e+02 6.045930480957031250e+01 1.057310180664062500e+02 8.199471282958984375e+01 7.073302459716796875e+01 7.900988769531250000e+01 6.210391616821289062e+01 6.072815704345703125e+01 5.026576995849609375e+01 4.311007690429687500e+01 2.987983703613281250e+01 2.528314208984375000e+01 1.692888450622558594e+01 9.136092185974121094e+00 7.354196071624755859e+00 4.214061737060546875e+00 3.230462312698364258e+00 1.380053400993347168e+00 1.447420597076416016e+00 1.005914926528930664e+00 6.591951251029968262e-01 4.373028278350830078e-01 4.290356636047363281e-01
6.164503860473632812e+01 1.193475646972656250e+02 5.889850234985351562e+01 1.094135131835937500e+02 8.034973907470703125e+01 6.956343841552734375e+01 8.028222656250000000e+01 6.294780731201171875e+01 6.061814498901367188e+01 4.936294174194335938e+01 4.260393142700195312e+01 2.975844383239746094e+01 2.537387847900390625e+01 1.649657058715820312e+01 9.206169128417968750e+00 7.443300247192382812e+00 4.138384819030761719e+00 3.204141855239868164e+00 1.357102990150451660e+00 1.379728794097900391e+00 1.000222086906433105e+00 6.722731590270996094e-01 4.302136898040771484e-01 4.136735796928405762e-01
6.863533782958984375e+01 1.168477172851562500e+02 6.474533081054687500e+01 1.065827102661132812e+02 8.285749053955078125e+01 7.021121215820312500e+01 8.177136993408203125e+01 6.252336502075195312e+01 6.158346557617187500e+01 4.974564361572265625e+01 4.281017684936523438e+01 2.957842636108398438e+01 2.512259864807128906e+01 1.626434135437011719e+01 9.113018035888671875e+00 7.473042488098144531e+00 4.143564224243164062e+00 3.144364118576049805e+00 1.326693892478942871e+00 1.409818768501281738e+00 1.000047683715820312e+00 6.775750517845153809e-01 4.184738695621490479e-01 4.183291792869567871e-01
6.408457946777343750e+01 1.176978302001953125e+02 5.764835357666015625e+01 1.046422042846679688e+02 8.209449005126953125e+01 7.073481750488281250e+01 7.949467468261718750e+01 6.315957641601562500e+01 6.087470626831054688e+01 5.003173828125000000e+01 4.265259933471679688e+01 2.957713699340820312e+01 2.520661926269531250e+01 1.661699676513671875e+01 9.153608322143554688e+00 7.420706748962402344e+00 4.198632717132568359e+00 3.271047830581665039e+00 1.380558490753173828e+00 1.410246253013610840e+00 9.742627739906311035e-01 6.901262402534484863e-01 4.447028636932373047e-01 4.316278100013732910e-01
6.192152404785156250e+01 1.132285919189453125e+02 5.721977996826171875e+01 1.054678955078125000e+02 8.273379516601562500e+01 6.763246917724609375e+01 7.979045104980468750e+01 6.216699981689453125e+01 6.158724594116210938e+01 5.048026275634765625e+01 4.318595504760742188e+01 2.973860549926757812e+01 2.484331130981445312e+01 1.663810157775878906e+01 9.128236770629882812e+00 7.555878639221191406e+00 4.301436424255371094e+00 3.257882833480834961e+00 1.317266106605529785e+00 1.401175141334533691e+00 9.888938665390014648e-01 6.796585917472839355e-01 4.375584423542022705e-01 4.233131110668182373e-01
5.854915237426757812e+01 1.163799896240234375e+02 6.243368148803710938e+01 1.046114196777343750e+02 8.305196380615234375e+01 7.238710784912109375e+01 7.972809600830078125e+01 6.283882141113281250e+01 6.133197402954101562e+01 4.956204986572265625e+01 4.314631271362304688e+01 2.997280502319335938e+01 2.486425590515136719e+01 1.675734329223632812e+01 9.105434417724609375e+00 7.499135494232177734e+00 4.206241607666015625e+00 3.174157142639160156e+00 1.398875594139099121e+00 1.411670804023742676e+00 9.971052408218383789e-01 6.869510412216186523e-01 4.355036318302154541e-01 4.356989264488220215e-01
5.222140502929687500e+01 1.155316314697265625e+02 4.707588958740234375e+01 1.070769882202148438e+02 8.177574157714843750e+01 6.866762542724609375e+01 8.173496246337890625e+01 6.379812622070312500e+01 6.280998229980468750e+01 4.979492950439453125e+01 4.269610977172851562e+01 2.954026031494140625e+01 2.456148338317871094e+01 1.669170188903808594e+01 9.002463340759277344e+00 7.491551399230957031e+00 4.188800811767578125e+00 3.251496315002441406e+00 1.400740861892700195e+00 1.390992760658264160e+00 9.844831228256225586e-01 6.480829715728759766e-01 4.050990939140319824e-01 4.089835584163665771e-01
5.898727035522460938e+01 1.154652633666992188e+02 5.583364868164062500e+01 9.986231994628906250e+01 7.930174255371093750e+01 6.925535583496093750e+01 8.143968200683593750e+01 6.297530746459960938e+01 6.225416564941406250e+01 4.938595581054687500e+01 4.240266418457031250e+01 2.959193420410156250e+01 2.482550430297851562e+01 1.683755302429199219e+01 8.986364364624023438e+00 7.473680019378662109e+00 4.186796665191650391e+00 3.220272302627563477e+00 1.389485716819763184e+00 1.453810572624206543e+00 9.631651043891906738e-01 6.606760025024414062e-01 4.309791922569274902e-01 4.490672945976257324e-01
5.876623153686523438e+01 1.161103134155273438e+02 5.553074645996093750e+01 1.061452789306640625e+02 8.343543243408203125e+01 7.210849761962890625e+01 7.912963104248046875e+01 6.438363647460937500e+01 6.150265884399414062e+01 4.978661727905273438e+01 4.331612396240234375e+01 2.968955612182617188e+01 2.525658226013183594e+01 1.673372268676757812e+01 9.037518501281738281e+00 7.516933917999267578e+00 4.295742988586425781e+00 3.179178714752197266e+00 1.402581572532653809e+00 1.441683888435363770e+00 9.724937677383422852e-01 6.577143669128417969e-01 4.104064702987670898e-01 4.160695672035217285e-01
4.784242630004882812e+01 1.212698669433593750e+02 5.829986572265625000e+01 1.074145584106445312e+02 8.352480316162109375e+01 6.872239685058593750e+01 8.171472167968750000e+01 6.322628021240234375e+01 6.272821807861328125e+01 5.065327072143554688e+01 4.324024200439453125e+01 2.998848342895507812e+01 2.503177452087402344e+01 1.649596977233886719e+01 9.329508781433105469e+00 7.440028667449951172e+00 4.245962142944335938e+00 3.236859321594238281e+00 1.341550827026367188e+00 1.338509559631347656e+00 9.702382683753967285e-01 6.752889752388000488e-01 4.053955376148223877e-01 4.254926443099975586e-01
6.335032272338867188e+01 1.123276748657226562e+02 6.359360885620117188e+01 1.060889129638671875e+02 8.236483764648437500e+01 7.119892883300781250e+01 8.128826904296875000e+01 6.414951324462890625e+01 6.130244445800781250e+01 5.008760833740234375e+01 4.362157440185546875e+01 2.976898574829101562e+01 2.517993927001953125e+01 1.663716888427734375e+01 9.255186080932617188e+00 7.442180633544921875e+00 4.230138301849365234e+00 3.173861026763916016e+00 1.332136988639831543e+00 1.437951326370239258e+00 9.763593673706054688e-01 6.624803543090820312e-01 4.349228739738464355e-01 4.385867416858673096e-01
5.830685806274414062e+01 1.148510894775390625e+02 6.545520782470703125e+01 1.064265975952148438e+02 8.121208953857421875e+01 6.971283721923828125e+01 8.266323089599609375e+01 6.424562072753906250e+01 6.204441833496093750e+01 4.975078582763671875e+01 4.357889938354492188e+01 3.009641075134277344e+01 2.464007377624511719e+01 1.654017829895019531e+01 9.172952651977539062e+00 7.441059589385986328e+00 4.289562702178955078e+00 3.259072780609130859e+00 1.329991221427917480e+00 1.417147994041442871e+00 9.916183352470397949e-01 6.944844126701354980e-01 4.325687289237976074e-01 4.176889061927795410e-01
6.316353225708007812e+01 1.199488220214843750e+02 5.860035705566406250e+01 1.106550598144531250e+02 8.212362670898437500e+01 6.832592773437500000e+01 8.092917633056640625e+01 6.321728897094726562e+01 6.177297973632812500e+01 5.079508590698242188e+01 4.263005447387695312e+01 2.937244224548339844e+01 2.485944747924804688e+01 1.653841972351074219e+01 9.222670555114746094e+00 7.444217681884765625e+00 4.264816761016845703e+00 3.303255081176757812e+00 1.312691450119018555e+00 1.413388371467590332e+00 9.953724741935729980e-01 6.715772151947021484e-01 4.202767908573150635e-01 4.180155098438262939e-01
6.293310165405273438e+01 1.179893112182617188e+02 5.644477081298828125e+01 1.068762207031250000e+02 7.982767486572265625e+01 7.056066131591796875e+01 8.172328948974609375e+01 6.287829971313476562e+01 6.197766494750976562e+01 4.892084503173828125e+01 4.323043823242187500e+01 2.957806015014648438e+01 2.508827781677246094e+01 1.666186332702636719e+01 9.225678443908691406e+00 7.513161182403564453e+00 4.196712017059326172e+00 3.229707002639770508e+00 1.341317534446716309e+00 1.397958993911743164e+00 9.605618119239807129e-01 6.712099313735961914e-01 4.266106784343719482e-01 4.504367411136627197e-01
7.053342437744140625e+01 1.025515365600585938e+02 5.605268096923828125e+01 1.047378997802734375e+02 7.817544555664062500e+01 7.078249359130859375e+01 7.923838043212890625e+01 6.378367233276367188e+01 5.976992034912109375e+01 4.971993255615234375e+01 4.388272094726562500e+01 2.967040824890136719e+01 2.516449928283691406e+01 1.632392692565917969e+01 9.453442573547363281e+00 7.232658386230468750e+00 4.052490711212158203e+00 3.191246986389160156e+00 1.258022546768188477e+00 1.331366777420043945e+00 9.626060724258422852e-01 6.486414670944213867e-01 4.263771772384643555e-01 4.015609323978424072e-01
5.781037139892578125e+01 1.142921676635742188e+02 6.447054290771484375e+01 1.041420135498046875e+02 8.409253692626953125e+01 6.631729125976562500e+01 8.015577697753906250e+01 6.483358001708984375e+01 6.269155883789062500e+01 5.098797988891601562e+01 4.257829284667968750e+01 2.992794036865234375e+01 2.446622467041015625e+01 1.675751113891601562e+01 9.301692962646484375e+00 7.415964603424072266e+00 4.280525207519531250e+00 3.189226865768432617e+00 1.346057534217834473e+00 1.440806627273559570e+00 9.767118096351623535e-01 7.109493017196655273e-01 4.650754630565643311e-01 4.273073375225067139e-01
6.572564697265625000e+01 1.153679656982421875e+02 5.960630035400390625e+01 1.100118179321289062e+02 8.217715454101562500e+01 6.952020263671875000e+01 8.160667419433593750e+01 6.263253021240234375e+01 6.167331314086914062e+01 4.954392623901367188e+01 4.359462738037109375e+01 3.042652702331542969e+01 2.505719375610351562e+01 1.637203216552734375e+01 9.026999473571777344e+00 7.502867698669433594e+00 4.334670543670654297e+00 3.228114604949951172e+00 1.303691148757934570e+00 1.409111022949218750e+00 1.027517080307006836e+00 6.867666244506835938e-01 4.562717676162719727e-01 4.458754658699035645e-01
7.509188079833984375e+01 1.135725097656250000e+02 5.695429992675781250e+01 1.074168472290039062e+02 8.065003967285156250e+01 7.029197692871093750e+01 8.091497039794921875e+01 6.301914596557617188e+01 6.156488800048828125e+01 5.012022399902343750e+01 4.269661712646484375e+01 2.976454734802246094e+01 2.478985595703125000e+01 1.682323074340820312e+01 9.130015373229980469e+00 7.306092739105224609e+00 4.304400444030761719e+00 3.232673883438110352e+00 1.367430925369262695e+00 1.407942295074462891e+00 1.014916300773620605e+00 6.856116056442260742e-01 4.345313012599945068e-01 4.064623713493347168e-01
4.484208679199218750e+01 1.156928710937500000e+02 6.287611007690429688e+01 1.030745086669921875e+02 7.981469726562500000e+01 7.138893890380859375e+01 8.107354736328125000e+01 6.172740554809570312e+01 6.162562179565429688e+01 5.013229370117187500e+01 4.294757080078125000e+01 2.944901657104492188e+01 2.413659286499023438e+01 1.693858528137207031e+01 9.126414299011230469e+00 7.515461444854736328e+00 4.214511871337890625e+00 3.192324399948120117e+00 1.364835500717163086e+00 1.406774282455444336e+00 9.954658746719360352e-01 6.839693784713745117e-01 4.539668560028076172e-01 4.483850896358489990e-01
7.906466674804687500e+01 1.150950393676757812e+02 5.797204208374023438e+01 1.084573516845703125e+02 8.206933593750000000e+01 6.680466461181640625e+01 8.006285095214843750e+01 6.402727508544921875e+01 6.000192642211914062e+01 5.047815322875976562e+01 4.345012283325195312e+01 2.960893821716308594e+01 2.490688896179199219e+01 1.679131317138671875e+01 9.153686523437500000e+00 7.450232982635498047e+00 4.213102340698242188e+00 3.252591609954833984e+00 1.328187465667724609e+00 1.387093305587768555e+00 9.729045033454895020e-01 6.414375305175781250e-01 4.221218228340148926e-01 4.257836043834686279e-01
5.194538879394531250e+01 1.193537979125976562e+02 6.000147628784179688e+01 1.081802368164062500e+02 8.195706176757812500e+01 7.189314270019531250e+01 8.064569091796875000e+01 6.365816116333007812e+01 6.202688217163085938e+01 5.005339050292968750e+01 4.336561584472656250e+01 2.972904968261718750e+01 2.501146697998046875e+01 1.631349754333496094e+01 9.621533393859863281e+00 7.455162048339843750e+00 4.387729644775390625e+00 3.191745281219482422e+00 1.333730459213256836e+00 1.429491758346557617e+00 9.928179979324340820e-01 6.822152137756347656e-01 4.230519533157348633e-01 4.330412447452545166e-01
4.091989898681640625e+01 1.169727935791015625e+02 6.043335723876953125e+01 1.093071746826171875e+02 8.487537384033203125e+01 7.160434722900390625e+01 7.977976989746093750e+01 6.278730773925781250e+01 6.220322036743164062e+01 4.975035476684570312e+01 4.318355178833007812e+01 2.997751808166503906e+01 2.510182189941406250e+01 1.652117538452148438e+01 9.226531982421875000e+00 7.479242801666259766e+00 4.241556644439697266e+00 3.224093198776245117e+00 1.339010477066040039e+00 1.407532215118408203e+00 9.773215055465698242e-01 6.687272191047668457e-01 4.340973198413848877e-01 4.507434964179992676e-01
6.421500396728515625e+01 1.233301544189453125e+02 6.082113647460937500e+01 1.098352813720703125e+02 8.192693328857421875e+01 6.801655578613281250e+01 8.240196228027343750e+01 6.309067153930664062e+01 6.226255416870117188e+01 4.912528228759765625e+01 4.325023651123046875e+01 2.954224395751953125e+01 2.475064659118652344e+01 1.654906463623046875e+01 9.239609718322753906e+00 7.449391365051269531e+00 4.203347206115722656e+00 3.255174398422241211e+00 1.364997386932373047e+00 1.396831393241882324e+00 9.971551299095153809e-01 6.965182423591613770e-01 4.256796538829803467e-01 4.284371733665466309e-01
6.335032272338867188e+01 1.171450958251953125e+02 5.979880905151367188e+01 1.064966278076171875e+02 8.187171936035156250e+01 7.041063690185546875e+01 8.081526184082031250e+01 6.321962356567382812e+01 6.148738861083984375e+01 4.987996292114257812e+01 4.295814514160156250e+01 2.975592231750488281e+01 2.497052001953125000e+01 1.655143165588378906e+01 9.164401054382324219e+00 7.468918800354003906e+00 4.232987403869628906e+00 3.235068559646606445e+00 1.342548847198486328e+00 1.412656664848327637e+00 9.992579817771911621e-01 6.808046102523803711e-01 4.279734790325164795e-01 4.212854504585266113e-01
6.908822631835937500e+01 1.155325546264648438e+02 5.753290176391601562e+01 1.065736999511718750e+02 8.260742187500000000e+01 6.954897308349609375e+01 7.847240447998046875e+01 6.276993179321289062e+01 6.157459259033203125e+01 5.023843002319335938e+01 4.278014373779296875e+01 2.970268630981445312e+01 2.517313766479492188e+01 1.651832580566406250e+01 9.109036445617675781e+00 7.522427558898925781e+00 4.296038627624511719e+00 3.250808954238891602e+00 1.392409563064575195e+00 1.389580726623535156e+00 1.020903110504150391e+00 6.906960606575012207e-01 4.357801675796508789e-01 4.377661645412445068e-01
6.837599182128906250e+01 1.173522338867187500e+02 5.950768280029296875e+01 1.065563430786132812e+02 8.233919525146484375e+01 7.167997741699218750e+01 8.172832489013671875e+01 6.143475723266601562e+01 6.041118621826171875e+01 5.064137649536132812e+01 4.258742523193359375e+01 2.993918800354003906e+01 2.485155677795410156e+01 1.663291549682617188e+01 9.251873016357421875e+00 7.451205730438232422e+00 4.210151672363281250e+00 3.157644033432006836e+00 1.378223538398742676e+00 1.426378011703491211e+00 9.846372008323669434e-01 6.823619604110717773e-01 4.175006747245788574e-01 4.176196157932281494e-01
7.354307556152343750e+01 1.173618011474609375e+02 5.637418365478515625e+01 1.092845153808593750e+02 8.043148040771484375e+01 7.032864379882812500e+01 7.956195831298828125e+01 6.319053649902343750e+01 6.110209274291992188e+01 4.868239974975585938e+01 4.286243057250976562e+01 3.012005233764648438e+01 2.474404335021972656e+01 1.633269500732421875e+01 9.179248809814453125e+00 7.371317863464355469e+00 4.274144172668457031e+00 3.217475652694702148e+00 1.321996092796325684e+00 1.405493497848510742e+00 9.758325219154357910e-01 7.001753449440002441e-01 4.181821644306182861e-01 4.084840118885040283e-01
6.851673889160156250e+01 1.144266738891601562e+02 6.218744659423828125e+01 1.030339813232421875e+02 7.956304931640625000e+01 6.921505737304687500e+01 8.164474487304687500e+01 6.289270782470703125e+01 6.222034072875976562e+01 4.918116760253906250e+01 4.341963195800781250e+01 2.966814422607421875e+01 2.491185569763183594e+01 1.663759040832519531e+01 9.164938926696777344e+00 7.488482475280761719e+00 4.230515956878662109e+00 3.244704246520996094e+00 1.378885388374328613e+00 1.416122317314147949e+00 9.912232160568237305e-01 6.747800707817077637e-01 4.409766495227813721e-01 4.409943222999572754e-01
6.896786499023437500e+01 1.171657867431640625e+02 6.502585601806640625e+01 1.071037292480468750e+02 8.323219299316406250e+01 7.110147094726562500e+01 8.135303497314453125e+01 6.303128814697265625e+01 6.208268737792968750e+01 4.994287490844726562e+01 4.270316314697265625e+01 2.970362663269042969e+01 2.486346244812011719e+01 1.664877128601074219e+01 9.164969444274902344e+00 7.408042907714843750e+00 4.322879314422607422e+00 3.162857532501220703e+00 1.354239583015441895e+00 1.441593289375305176e+00 9.705588817596435547e-01 6.934216022491455078e-01 4.316292405128479004e-01 4.294268190860748291e-01
6.295399856567382812e+01 1.147048492431640625e+02 6.030590057373046875e+01 1.051976852416992188e+02 8.089849853515625000e+01 6.847299194335937500e+01 8.083805084228515625e+01 6.264976119995117188e+01 6.190765762329101562e+01 5.036680603027343750e+01 4.307277297973632812e+01 2.953183364868164062e+01 2.506669807434082031e+01 1.660200881958007812e+01 9.105628967285156250e+00 7.417602062225341797e+00 4.338106632232666016e+00 3.278619766235351562e+00 1.366535902023315430e+00 1.398443222045898438e+00 9.831233024597167969e-01 6.629403829574584961e-01 4.434438347816467285e-01 4.441188275814056396e-01
6.576166534423828125e+01 1.148063507080078125e+02 6.546464538574218750e+01 1.045070495605468750e+02 8.453914642333984375e+01 7.037975311279296875e+01 8.495607757568359375e+01 6.226578521728515625e+01 6.169395065307617188e+01 5.024570083618164062e+01 4.314019775390625000e+01 2.956887435913085938e+01 2.507148742675781250e+01 1.675500679016113281e+01 9.010872840881347656e+00 7.417003631591796875e+00 4.247664928436279297e+00 3.127916574478149414e+00 1.343717098236083984e+00 1.403780579566955566e+00 1.009023904800415039e+00 6.748006939888000488e-01 4.154004454612731934e-01 4.028517007827758789e-01
6.998801422119140625e+01 1.165348358154296875e+02 5.678738021850585938e+01 1.034499053955078125e+02 8.320732879638671875e+01 7.089699554443359375e+01 7.977476501464843750e+01 6.405805206298828125e+01 6.078443145751953125e+01 4.981864547729492188e+01 4.307912445068359375e+01 2.985598182678222656e+01 2.491090774536132812e+01 1.668564414978027344e+01 9.211258888244628906e+00 7.537707328796386719e+00 4.368044853210449219e+00 3.247543334960937500e+00 1.359717369079589844e+00 1.440756201744079590e+00 9.696555137634277344e-01 6.684472560882568359e-01 4.003454148769378662e-01 4.121702015399932861e-01
6.800610351562500000e+01 1.150120468139648438e+02 5.382241821289062500e+01 1.057906417846679688e+02 8.298182678222656250e+01 7.002716827392578125e+01 8.128995513916015625e+01 6.257621765136718750e+01 6.263618469238281250e+01 5.009920883178710938e+01 4.228363037109375000e+01 2.997258377075195312e+01 2.481705284118652344e+01 1.653676605224609375e+01 9.305134773254394531e+00 7.467887878417968750e+00 4.175611972808837891e+00 3.257479190826416016e+00 1.321568489074707031e+00 1.425684452056884766e+00 9.894421100616455078e-01 6.638487577438354492e-01 4.208573400974273682e-01 4.295063316822052002e-01
7.044238281250000000e+01 1.123812103271484375e+02 6.019767379760742188e+01 1.057769851684570312e+02 8.174526214599609375e+01 7.165730285644531250e+01 7.996006774902343750e+01 6.315044784545898438e+01 6.146160888671875000e+01 4.924983215332031250e+01 4.287365341186523438e+01 2.983517837524414062e+01 2.499941444396972656e+01 1.654235458374023438e+01 9.203672409057617188e+00 7.442562103271484375e+00 4.257002830505371094e+00 3.172371864318847656e+00 1.329653024673461914e+00 1.424659967422485352e+00 9.736974239349365234e-01 6.646323800086975098e-01 4.220110177993774414e-01 4.289532005786895752e-01
7.386564636230468750e+01 1.136792526245117188e+02 6.041773986816406250e+01 1.061605758666992188e+02 8.456443023681640625e+01 7.039080047607421875e+01 8.136900329589843750e+01 6.606853485107421875e+01 6.201464462280273438e+01 5.069147872924804688e+01 4.302897262573242188e+01 2.990535163879394531e+01 2.487025260925292969e+01 1.655622673034667969e+01 9.392155647277832031e+00 7.383363723754882812e+00 4.252208232879638672e+00 3.265786647796630859e+00 1.315219998359680176e+00 1.401816844940185547e+00 9.773341417312622070e-01 6.933610439300537109e-01 4.339520633220672607e-01 4.260301589965820312e-01
5.010094451904296875e+01 1.276612243652343750e+02 6.868358612060546875e+01 1.035312805175781250e+02 8.064604949951171875e+01 6.999253845214843750e+01 7.945365142822265625e+01 6.402499389648437500e+01 6.308980560302734375e+01 4.905617904663085938e+01 4.203611755371093750e+01 2.968021583557128906e+01 2.495816421508789062e+01 1.637710380554199219e+01 9.117577552795410156e+00 7.388683795928955078e+00 4.170357704162597656e+00 3.320341348648071289e+00 1.293434023857116699e+00 1.363416552543640137e+00 9.940423965454101562e-01 6.741073131561279297e-01 3.900477886199951172e-01 4.285202026367187500e-01
5.771542739868164062e+01 1.177212066650390625e+02 6.359546279907226562e+01 1.074415206909179688e+02 8.579380798339843750e+01 7.251224517822265625e+01 8.215126800537109375e+01 6.291850662231445312e+01 6.087881469726562500e+01 5.004800796508789062e+01 4.310602951049804688e+01 2.959410858154296875e+01 2.487041473388671875e+01 1.669247436523437500e+01 9.234468460083007812e+00 7.447631359100341797e+00 4.150994300842285156e+00 3.271600484848022461e+00 1.329403877258300781e+00 1.411730647087097168e+00 9.807296395301818848e-01 6.560162305831909180e-01 4.251146912574768066e-01 4.249151647090911865e-01
6.297197723388671875e+01 1.194316864013671875e+02 6.013639450073242188e+01 1.055729217529296875e+02 8.083330535888671875e+01 6.921419525146484375e+01 7.972996520996093750e+01 6.212381744384765625e+01 6.191415786743164062e+01 4.913002014160156250e+01 4.282786178588867188e+01 2.967245101928710938e+01 2.500619697570800781e+01 1.646856117248535156e+01 9.132035255432128906e+00 7.435823917388916016e+00 4.154615402221679688e+00 3.185949802398681641e+00 1.397199630737304688e+00 1.396448969841003418e+00 9.894216656684875488e-01 6.793082952499389648e-01 4.155752658843994141e-01 4.190068542957305908e-01
6.597320556640625000e+01 1.170171432495117188e+02 6.282363510131835938e+01 1.071029434204101562e+02 8.253029632568359375e+01 7.180908203125000000e+01 8.042544555664062500e+01 6.304425811767578125e+01 6.132711029052734375e+01 5.003187942504882812e+01 4.288343811035156250e+01 2.967972755432128906e+01 2.490136718750000000e+01 1.659156799316406250e+01 9.291065216064453125e+00 7.464008808135986328e+00 4.239103794097900391e+00 3.254156112670898438e+00 1.362740516662597656e+00 1.413959026336669922e+00 9.885269403457641602e-01 6.739966869354248047e-01 4.299728870391845703e-01 4.311748445034027100e-01
