6.335032272338867188e+01 7.921051025390625000e+01
1.171450958251953125e+02 4.751205825805664062e+01
5.979880905151367188e+01 3.301499938964843750e+01
1.064966278076171875e+02 2.548896408081054688e+01
8.187171936035156250e+01 1.938370132446289062e+01
7.041063690185546875e+01 1.529886531829833984e+01
8.081526184082031250e+01 1.126493549346923828e+01
6.317316818237304688e+01 8.639948844909667969e+00
6.158359909057617188e+01 6.432578086853027344e+00
4.980031967163085938e+01 4.860807418823242188e+00
4.295663070678710938e+01 3.649125337600708008e+00
2.971106910705566406e+01 2.726733684539794922e+00
2.495101356506347656e+01 2.014785051345825195e+00
1.657131195068359375e+01 1.474161028861999512e+00
9.168720245361328125e+00 1.080528259277343750e+00
7.457209110260009766e+00 7.889331579208374023e-01
4.226150035858154297e+00 5.751547813415527344e-01
3.227022409439086914e+00 4.194637238979339600e-01
1.349318861961364746e+00 3.060013353824615479e-01
1.409606575965881348e+00 2.235140800476074219e-01
9.879174828529357910e-01 1.632364988327026367e-01
6.790111064910888672e-01 1.195465847849845886e-01
4.275062978267669678e-01 8.767949044704437256e-02
4.283801913261413574e-01 6.485531479120254517e-02
