4.320820999145507812e+01 1.051966018676757812e+02 5.695777893066406250e+01 1.136641921997070312e+02 6.081250381469726562e+01 9.071042633056640625e+01 8.064311218261718750e+01 6.516869354248046875e+01 4.479949188232421875e+01 4.878367233276367188e+01 3.897585296630859375e+01 3.117903327941894531e+01 2.206505012512207031e+01 1.454725837707519531e+01 1.070182514190673828e+01 4.436103820800781250e+00 3.723509073257446289e+00 2.789603948593139648e+00 2.185932159423828125e+00 1.213319182395935059e+00 1.036104083061218262e+00 7.377833724021911621e-01 5.066990256309509277e-01 2.513846158981323242e-01
3.260089111328125000e+01 1.080212707519531250e+02 6.216982269287109375e+01 1.202263336181640625e+02 5.814366531372070312e+01 9.344549560546875000e+01 8.066820526123046875e+01 6.299963378906250000e+01 4.795978546142578125e+01 4.889095687866210938e+01 3.933928680419921875e+01 3.146015930175781250e+01 2.212315940856933594e+01 1.451964092254638672e+01 1.059348487854003906e+01 4.504971981048583984e+00 3.697818279266357422e+00 2.827983856201171875e+00 2.053606986999511719e+00 1.227567672729492188e+00 1.023541688919067383e+00 7.086344361305236816e-01 5.166460275650024414e-01 2.677931785583496094e-01
4.127013397216796875e+01 1.077133178710937500e+02 6.058704376220703125e+01 1.137335128784179688e+02 6.075501251220703125e+01 9.122748565673828125e+01 8.163935852050781250e+01 6.335204315185546875e+01 4.494261932373046875e+01 4.934107208251953125e+01 3.980908203125000000e+01 3.132464408874511719e+01 2.232516288757324219e+01 1.460828113555908203e+01 1.080869102478027344e+01 4.556590080261230469e+00 3.749997854232788086e+00 2.769491434097290039e+00 2.071760892868041992e+00 1.248556971549987793e+00 1.025671482086181641e+00 7.163126468658447266e-01 5.283064842224121094e-01 2.681514918804168701e-01
2.980412673950195312e+01 1.055956344604492188e+02 5.152593612670898438e+01 1.174145965576171875e+02 6.311214828491210938e+01 9.228808593750000000e+01 8.168255615234375000e+01 6.210488128662109375e+01 4.450232696533203125e+01 4.978775024414062500e+01 3.887140274047851562e+01 3.120292854309082031e+01 2.206872558593750000e+01 1.447754192352294922e+01 1.053098869323730469e+01 4.480217933654785156e+00 3.634793758392333984e+00 2.723805189132690430e+00 2.086046218872070312e+00 1.257087826728820801e+00 1.071357011795043945e+00 7.307603955268859863e-01 5.033925771713256836e-01 2.525505721569061279e-01
7.795761871337890625e+01 1.130277557373046875e+02 6.056498718261718750e+01 1.197514953613281250e+02 5.991062545776367188e+01 9.467133331298828125e+01 8.040261840820312500e+01 6.306150817871093750e+01 4.554384994506835938e+01 4.945415115356445312e+01 3.865541458129882812e+01 3.220360183715820312e+01 2.208854293823242188e+01 1.464084053039550781e+01 1.080840969085693359e+01 4.531425476074218750e+00 3.730633974075317383e+00 2.741010904312133789e+00 2.147266387939453125e+00 1.243925452232360840e+00 1.087767243385314941e+00 7.265524268150329590e-01 5.197647213935852051e-01 2.783958911895751953e-01
4.822743988037109375e+01 1.069904098510742188e+02 6.218067550659179688e+01 1.115362701416015625e+02 5.946594619750976562e+01 9.058733367919921875e+01 8.037357330322265625e+01 6.533872222900390625e+01 4.477878570556640625e+01 4.782907867431640625e+01 3.934208297729492188e+01 3.152358818054199219e+01 2.213751792907714844e+01 1.471399307250976562e+01 1.049275112152099609e+01 4.355432033538818359e+00 3.646755933761596680e+00 2.898209571838378906e+00 2.081969738006591797e+00 1.221108555793762207e+00 1.037400603294372559e+00 7.150331735610961914e-01 4.805463552474975586e-01 2.229999452829360962e-01
5.291144561767578125e+01 9.900382995605468750e+01 6.247162628173828125e+01 1.100438156127929688e+02 6.121727371215820312e+01 9.208154296875000000e+01 8.091925048828125000e+01 6.177048492431640625e+01 4.390000534057617188e+01 4.874239730834960938e+01 3.917706680297851562e+01 3.159356117248535156e+01 2.190611076354980469e+01 1.425212383270263672e+01 1.052531528472900391e+01 4.444670200347900391e+00 3.719882011413574219e+00 2.847528457641601562e+00 2.111008167266845703e+00 1.260406255722045898e+00 1.076424002647399902e+00 7.616910934448242188e-01 5.027640461921691895e-01 2.528401017189025879e-01
4.898558807373046875e+01 1.120771789550781250e+02 6.313835906982421875e+01 1.151145629882812500e+02 6.439647674560546875e+01 9.348787689208984375e+01 8.143487548828125000e+01 6.345131683349609375e+01 4.633817291259765625e+01 4.878564834594726562e+01 3.798523330688476562e+01 3.185108757019042969e+01 2.182288360595703125e+01 1.466646289825439453e+01 1.075894641876220703e+01 4.407180786132812500e+00 3.599169015884399414e+00 2.819153070449829102e+00 2.090915441513061523e+00 1.213927865028381348e+00 1.076896667480468750e+00 7.128827571868896484e-01 4.827985763549804688e-01 2.441457957029342651e-01
4.836796569824218750e+01 1.049253234863281250e+02 6.065502548217773438e+01 1.126586990356445312e+02 5.677957916259765625e+01 9.191416168212890625e+01 7.916967010498046875e+01 6.421404266357421875e+01 4.559727096557617188e+01 4.929722213745117188e+01 3.936734771728515625e+01 3.118378448486328125e+01 2.222396278381347656e+01 1.404153060913085938e+01 1.042557430267333984e+01 4.498798847198486328e+00 3.654810428619384766e+00 2.949736833572387695e+00 2.133828401565551758e+00 1.250611901283264160e+00 1.082026958465576172e+00 7.305452823638916016e-01 5.131904482841491699e-01 2.526570856571197510e-01
2.863575172424316406e+01 1.115183334350585938e+02 5.735857009887695312e+01 1.113475952148437500e+02 5.997976684570312500e+01 9.353710937500000000e+01 8.050488281250000000e+01 6.367176818847656250e+01 4.524585723876953125e+01 4.869315719604492188e+01 3.875393676757812500e+01 3.149677658081054688e+01 2.234238815307617188e+01 1.456040668487548828e+01 1.061751461029052734e+01 4.283702850341796875e+00 3.656230688095092773e+00 2.819583654403686523e+00 2.088464975357055664e+00 1.258447647094726562e+00 1.033203125000000000e+00 7.303995490074157715e-01 5.324713587760925293e-01 2.726295292377471924e-01
5.184295272827148438e+01 1.104777374267578125e+02 6.084111785888671875e+01 1.115977630615234375e+02 5.871042633056640625e+01 9.182335662841796875e+01 8.174404907226562500e+01 6.259293746948242188e+01 4.510430908203125000e+01 4.901738357543945312e+01 3.884381484985351562e+01 3.166162109375000000e+01 2.213342094421386719e+01 1.473215293884277344e+01 1.066948509216308594e+01 4.462823867797851562e+00 3.641714811325073242e+00 2.904895067214965820e+00 2.023320913314819336e+00 1.220661878585815430e+00 1.030917286872863770e+00 7.495434284210205078e-01 5.472261905670166016e-01 2.743931412696838379e-01
4.808937454223632812e+01 1.093250427246093750e+02 6.187491226196289062e+01 1.080311508178710938e+02 5.928438186645507812e+01 9.540212249755859375e+01 8.092269897460937500e+01 6.271762847900390625e+01 4.479897308349609375e+01 4.923247909545898438e+01 3.951208496093750000e+01 3.247706985473632812e+01 2.237224197387695312e+01 1.450698566436767578e+01 1.070653152465820312e+01 4.674323558807373047e+00 3.727468490600585938e+00 2.693420410156250000e+00 2.075193643569946289e+00 1.259731650352478027e+00 1.059211015701293945e+00 7.197562456130981445e-01 5.017774105072021484e-01 2.501106560230255127e-01
5.229438400268554688e+01 1.029080505371093750e+02 5.893048095703125000e+01 1.140479660034179688e+02 6.104618453979492188e+01 9.214290618896484375e+01 8.000261688232421875e+01 6.361514282226562500e+01 4.579045867919921875e+01 4.921489715576171875e+01 3.882094573974609375e+01 3.162398147583007812e+01 2.223486137390136719e+01 1.460159015655517578e+01 1.062929058074951172e+01 4.496119022369384766e+00 3.641490459442138672e+00 2.797317028045654297e+00 2.107523441314697266e+00 1.230848908424377441e+00 1.041970610618591309e+00 7.060832977294921875e-01 5.308533906936645508e-01 2.606187462806701660e-01
4.474095535278320312e+01 9.567451477050781250e+01 5.609869384765625000e+01 1.121152191162109375e+02 6.051322937011718750e+01 9.625060272216796875e+01 8.020190429687500000e+01 6.360061264038085938e+01 4.400425720214843750e+01 4.919160842895507812e+01 3.929294204711914062e+01 3.177887344360351562e+01 2.205742645263671875e+01 1.445854377746582031e+01 1.070435047149658203e+01 4.359639644622802734e+00 3.636547327041625977e+00 2.794166088104248047e+00 2.092142105102539062e+00 1.214261174201965332e+00 1.051317930221557617e+00 7.406295537948608398e-01 5.357391238212585449e-01 2.573073804378509521e-01
4.719236373901367188e+01 1.139219284057617188e+02 5.685887908935546875e+01 1.138290023803710938e+02 5.993254089355468750e+01 9.284301757812500000e+01 8.132733154296875000e+01 6.222897720336914062e+01 4.485289001464843750e+01 4.870341110229492188e+01 3.894356918334960938e+01 3.162541580200195312e+01 2.171552085876464844e+01 1.454111099243164062e+01 1.065814876556396484e+01 4.620751857757568359e+00 3.716553211212158203e+00 2.772370338439941406e+00 2.055522680282592773e+00 1.216166138648986816e+00 9.994829297065734863e-01 7.465772032737731934e-01 5.484504699707031250e-01 2.582642436027526855e-01
3.978029632568359375e+01 1.102843933105468750e+02 5.870067596435546875e+01 1.119809036254882812e+02 6.439467620849609375e+01 9.212464141845703125e+01 8.205470275878906250e+01 6.236154174804687500e+01 4.566773605346679688e+01 4.907041549682617188e+01 3.867644119262695312e+01 3.185855102539062500e+01 2.263022804260253906e+01 1.425130367279052734e+01 1.088079166412353516e+01 4.513277053833007812e+00 3.742027997970581055e+00 2.746057033538818359e+00 2.000875473022460938e+00 1.210476636886596680e+00 1.063857197761535645e+00 7.479639649391174316e-01 5.758268237113952637e-01 2.571209371089935303e-01
4.487699508666992188e+01 1.045407409667968750e+02 6.436555480957031250e+01 1.106442947387695312e+02 6.386121368408203125e+01 9.277758026123046875e+01 8.148188018798828125e+01 6.522522735595703125e+01 4.483037185668945312e+01 4.904270553588867188e+01 3.901778793334960938e+01 3.110114097595214844e+01 2.241535758972167969e+01 1.472231292724609375e+01 1.072727489471435547e+01 4.680653095245361328e+00 3.728604793548583984e+00 2.747284889221191406e+00 2.032150268554687500e+00 1.219875693321228027e+00 1.076258659362792969e+00 6.896352171897888184e-01 5.296717286109924316e-01 2.443743050098419189e-01
4.253433227539062500e+01 1.190467453002929688e+02 5.758272171020507812e+01 1.133112335205078125e+02 5.972646713256835938e+01 9.227133178710937500e+01 8.179109191894531250e+01 6.337484741210937500e+01 4.538998031616210938e+01 4.939400100708007812e+01 3.891224288940429688e+01 3.159978294372558594e+01 2.229643058776855469e+01 1.474966907501220703e+01 1.057716655731201172e+01 4.295545101165771484e+00 3.503410339355468750e+00 2.764535665512084961e+00 2.022065877914428711e+00 1.242295980453491211e+00 1.073959589004516602e+00 7.160281538963317871e-01 5.406745076179504395e-01 2.628812193870544434e-01
5.513255691528320312e+01 1.189275283813476562e+02 6.684352874755859375e+01 1.203983383178710938e+02 6.247345352172851562e+01 8.968492126464843750e+01 7.963356781005859375e+01 6.485102081298828125e+01 4.605232620239257812e+01 4.878723907470703125e+01 3.798175430297851562e+01 3.158399391174316406e+01 2.221173095703125000e+01 1.429846858978271484e+01 1.059356689453125000e+01 4.313024520874023438e+00 3.724898338317871094e+00 2.790856122970581055e+00 2.092329740524291992e+00 1.289410114288330078e+00 1.062065482139587402e+00 7.658849358558654785e-01 5.177878141403198242e-01 2.522851526737213135e-01
4.728762054443359375e+01 1.134166488647460938e+02 6.046424865722656250e+01 1.147894210815429688e+02 6.003151702880859375e+01 9.374281311035156250e+01 8.121080780029296875e+01 6.388359069824218750e+01 4.549323272705078125e+01 4.825440979003906250e+01 3.895478820800781250e+01 3.133418655395507812e+01 2.205092811584472656e+01 1.473573589324951172e+01 1.068216896057128906e+01 4.495787620544433594e+00 3.507128000259399414e+00 2.816890239715576172e+00 2.036863565444946289e+00 1.233509540557861328e+00 9.884210228919982910e-01 7.554668784141540527e-01 5.451954007148742676e-01 2.634690105915069580e-01
4.792154312133789062e+01 1.132183990478515625e+02 5.349184036254882812e+01 1.110486373901367188e+02 5.970433807373046875e+01 9.243238067626953125e+01 8.200659942626953125e+01 6.264960861206054688e+01 4.597159194946289062e+01 4.816249465942382812e+01 3.888181304931640625e+01 3.192950439453125000e+01 2.197633743286132812e+01 1.476217174530029297e+01 1.070252418518066406e+01 4.357024669647216797e+00 3.621700763702392578e+00 2.808290719985961914e+00 2.105883598327636719e+00 1.183434844017028809e+00 1.076247572898864746e+00 7.523896098136901855e-01 5.180190205574035645e-01 2.591780126094818115e-01
6.540818023681640625e+01 1.083165664672851562e+02 6.048294067382812500e+01 1.050559539794921875e+02 5.969299316406250000e+01 9.353138732910156250e+01 8.232969665527343750e+01 6.121438217163085938e+01 4.600572967529296875e+01 4.931790542602539062e+01 3.851460647583007812e+01 3.161324882507324219e+01 2.149154281616210938e+01 1.457218551635742188e+01 1.056911468505859375e+01 4.530930519104003906e+00 3.666299819946289062e+00 2.787592887878417969e+00 2.071489810943603516e+00 1.183649539947509766e+00 1.067660331726074219e+00 7.387018203735351562e-01 5.330979824066162109e-01 2.718581557273864746e-01
4.601226043701171875e+01 1.006441040039062500e+02 5.455469894409179688e+01 1.131290283203125000e+02 6.456616210937500000e+01 9.219324493408203125e+01 7.916361236572265625e+01 6.307948684692382812e+01 4.506338119506835938e+01 4.837942886352539062e+01 3.813819122314453125e+01 3.127933120727539062e+01 2.236111831665039062e+01 1.437012767791748047e+01 1.061553955078125000e+01 4.345849514007568359e+00 3.547172784805297852e+00 2.777492046356201172e+00 2.038921356201171875e+00 1.208645224571228027e+00 1.069104790687561035e+00 7.366109490394592285e-01 5.065578818321228027e-01 2.666588723659515381e-01
3.336382675170898438e+01 1.095837860107421875e+02 5.697985458374023438e+01 1.031987991333007812e+02 6.124697113037109375e+01 8.857015991210937500e+01 8.061797332763671875e+01 6.454029083251953125e+01 4.507382202148437500e+01 4.824707412719726562e+01 3.951761245727539062e+01 3.129472541809082031e+01 2.226997947692871094e+01 1.472018909454345703e+01 1.087468624114990234e+01 4.465384960174560547e+00 3.663745164871215820e+00 2.853796958923339844e+00 2.073085069656372070e+00 1.216615796089172363e+00 1.052472352981567383e+00 7.275910377502441406e-01 5.123783349990844727e-01 2.496014982461929321e-01
4.713833236694335938e+01 1.180473480224609375e+02 5.745767211914062500e+01 1.098079376220703125e+02 6.066404342651367188e+01 9.203200531005859375e+01 7.972858428955078125e+01 6.394286346435546875e+01 4.541491699218750000e+01 4.901151657104492188e+01 3.994821166992187500e+01 3.150693130493164062e+01 2.236916542053222656e+01 1.426074218750000000e+01 1.064523696899414062e+01 4.521048069000244141e+00 3.749999523162841797e+00 2.682613849639892578e+00 2.033118247985839844e+00 1.193496584892272949e+00 1.028734326362609863e+00 7.609912157058715820e-01 5.502114892005920410e-01 2.738650739192962646e-01
4.757000732421875000e+01 1.076278991699218750e+02 6.044021606445312500e+01 1.142886276245117188e+02 6.293669128417968750e+01 8.970810699462890625e+01 8.052905273437500000e+01 6.312186050415039062e+01 4.391983032226562500e+01 4.859753799438476562e+01 3.952611160278320312e+01 3.217337417602539062e+01 2.217225646972656250e+01 1.465423011779785156e+01 1.069133949279785156e+01 4.466526985168457031e+00 3.688512802124023438e+00 2.761786937713623047e+00 2.060889244079589844e+00 1.226638674736022949e+00 1.054469227790832520e+00 7.269549965858459473e-01 5.022526383399963379e-01 2.540144622325897217e-01
4.645878219604492188e+01 1.097296218872070312e+02 6.077405548095703125e+01 1.142129974365234375e+02 5.640509796142578125e+01 9.255494689941406250e+01 8.094638061523437500e+01 6.292951202392578125e+01 4.568640136718750000e+01 4.851898574829101562e+01 3.890775299072265625e+01 3.103449630737304688e+01 2.243689537048339844e+01 1.440265750885009766e+01 1.061341667175292969e+01 4.470397472381591797e+00 3.756189584732055664e+00 2.787428617477416992e+00 2.081384897232055664e+00 1.236206650733947754e+00 1.098351240158081055e+00 7.480193376541137695e-01 5.273256897926330566e-01 2.698171138763427734e-01
4.456331634521484375e+01 1.119713439941406250e+02 5.727184677124023438e+01 1.104172668457031250e+02 6.312138366699218750e+01 9.108286285400390625e+01 8.065826416015625000e+01 6.374462127685546875e+01 4.439681243896484375e+01 4.842662048339843750e+01 3.836398315429687500e+01 3.156156539916992188e+01 2.229378128051757812e+01 1.477461242675781250e+01 1.061993789672851562e+01 4.408995151519775391e+00 3.730649232864379883e+00 2.846947193145751953e+00 2.118313789367675781e+00 1.222696304321289062e+00 1.029021620750427246e+00 7.259110808372497559e-01 5.099753737449645996e-01 2.552968859672546387e-01
3.395405960083007812e+01 1.040152969360351562e+02 5.794029235839843750e+01 1.115636672973632812e+02 5.794945907592773438e+01 9.094342803955078125e+01 8.129616546630859375e+01 6.190759277343750000e+01 4.491724777221679688e+01 4.867393493652343750e+01 3.886766433715820312e+01 3.192174530029296875e+01 2.218578338623046875e+01 1.486279010772705078e+01 1.060817813873291016e+01 4.631904602050781250e+00 3.665664911270141602e+00 2.788196086883544922e+00 2.123343944549560547e+00 1.197322607040405273e+00 1.028498053550720215e+00 7.382981777191162109e-01 5.432109832763671875e-01 2.787291407585144043e-01
4.783568954467773438e+01 1.251958465576171875e+02 5.812504959106445312e+01 1.069953002929687500e+02 5.877993774414062500e+01 8.912220764160156250e+01 8.085126495361328125e+01 6.055908203125000000e+01 4.463381958007812500e+01 4.934055328369140625e+01 3.976735687255859375e+01 3.161197280883789062e+01 2.233368301391601562e+01 1.440940952301025391e+01 1.067128181457519531e+01 4.411776065826416016e+00 3.692399501800537109e+00 2.724463701248168945e+00 2.095792531967163086e+00 1.224300384521484375e+00 1.076171994209289551e+00 7.326494455337524414e-01 5.158907771110534668e-01 2.478795051574707031e-01
4.848475265502929688e+01 1.205141067504882812e+02 6.380210494995117188e+01 1.129528274536132812e+02 6.061777496337890625e+01 9.494222259521484375e+01 7.863381958007812500e+01 6.352735519409179688e+01 4.575808715820312500e+01 4.867528533935546875e+01 3.914191055297851562e+01 3.180072784423828125e+01 2.209202575683593750e+01 1.461012077331542969e+01 1.046430683135986328e+01 4.361761569976806641e+00 3.662569999694824219e+00 2.665642261505126953e+00 2.067264080047607422e+00 1.286727070808410645e+00 1.092991590499877930e+00 6.992440819740295410e-01 4.765505790710449219e-01 2.831948995590209961e-01
5.718588256835937500e+01 1.145380172729492188e+02 6.014450073242187500e+01 1.081108169555664062e+02 6.278200531005859375e+01 9.313050079345703125e+01 8.051519012451171875e+01 6.254887771606445312e+01 4.622326278686523438e+01 4.904299926757812500e+01 3.836872482299804688e+01 3.158047676086425781e+01 2.191423606872558594e+01 1.447167491912841797e+01 1.063378620147705078e+01 4.410723686218261719e+00 3.692078590393066406e+00 2.751996517181396484e+00 2.026167631149291992e+00 1.178614258766174316e+00 1.035898685455322266e+00 7.335854172706604004e-01 5.065771341323852539e-01 2.268884330987930298e-01
4.676509857177734375e+01 1.080043945312500000e+02 6.239389038085937500e+01 1.140419235229492188e+02 6.097852706909179688e+01 9.372831726074218750e+01 8.100685882568359375e+01 6.271601867675781250e+01 4.552990341186523438e+01 4.933370971679687500e+01 3.907423019409179688e+01 3.192392921447753906e+01 2.170439338684082031e+01 1.507081317901611328e+01 1.048256111145019531e+01 4.328886985778808594e+00 3.643290519714355469e+00 2.680462598800659180e+00 2.093688488006591797e+00 1.218319892883300781e+00 1.057439804077148438e+00 7.489110827445983887e-01 5.342215299606323242e-01 2.474685162305831909e-01
4.709151458740234375e+01 9.977481079101562500e+01 6.097278594970703125e+01 1.177964401245117188e+02 6.279734039306640625e+01 9.578540039062500000e+01 8.177591705322265625e+01 6.378237533569335938e+01 4.399619674682617188e+01 4.876345825195312500e+01 3.870638275146484375e+01 3.147484397888183594e+01 2.230946159362792969e+01 1.492071723937988281e+01 1.064902591705322266e+01 4.571781158447265625e+00 3.620066165924072266e+00 2.793341636657714844e+00 2.107154130935668945e+00 1.232176423072814941e+00 1.074813008308410645e+00 7.538883090019226074e-01 5.050873160362243652e-01 2.726831436157226562e-01
4.133110046386718750e+01 1.059028930664062500e+02 5.582694244384765625e+01 1.169493637084960938e+02 5.981838226318359375e+01 9.392443084716796875e+01 8.246559143066406250e+01 6.232935333251953125e+01 4.513862609863281250e+01 4.753765106201171875e+01 3.877957534790039062e+01 3.221204757690429688e+01 2.219883155822753906e+01 1.463849925994873047e+01 1.065325260162353516e+01 4.385071754455566406e+00 3.527994155883789062e+00 2.765214681625366211e+00 2.078658103942871094e+00 1.239784717559814453e+00 1.062336087226867676e+00 7.892823815345764160e-01 5.410423874855041504e-01 2.766466438770294189e-01
5.586965179443359375e+01 1.104078598022460938e+02 6.774378204345703125e+01 1.175693054199218750e+02 5.610102081298828125e+01 9.485071563720703125e+01 8.190412902832031250e+01 6.181792831420898438e+01 4.754063415527343750e+01 4.913722991943359375e+01 3.901827239990234375e+01 3.120631027221679688e+01 2.193725967407226562e+01 1.475737476348876953e+01 1.069266319274902344e+01 4.407116413116455078e+00 3.645620107650756836e+00 2.807685375213623047e+00 2.114422321319580078e+00 1.216849327087402344e+00 1.059347510337829590e+00 7.264903783798217773e-01 5.172696709632873535e-01 2.595770359039306641e-01
4.770510864257812500e+01 1.134627990722656250e+02 5.697894287109375000e+01 1.115853805541992188e+02 6.154466247558593750e+01 9.409838867187500000e+01 8.158821868896484375e+01 6.367321395874023438e+01 4.535961532592773438e+01 4.779850006103515625e+01 3.934268951416015625e+01 3.176029586791992188e+01 2.246877098083496094e+01 1.458204555511474609e+01 1.074537372589111328e+01 4.243174552917480469e+00 3.644475221633911133e+00 2.847193717956542969e+00 2.101527452468872070e+00 1.216552138328552246e+00 1.081829905509948730e+00 7.464153170585632324e-01 4.998097419738769531e-01 2.511023581027984619e-01
4.631466674804687500e+01 1.121435852050781250e+02 5.364232254028320312e+01 1.137574844360351562e+02 5.957720184326171875e+01 9.142384338378906250e+01 8.097583770751953125e+01 6.391787338256835938e+01 4.395378875732421875e+01 4.910551071166992188e+01 3.876692581176757812e+01 3.162718963623046875e+01 2.242872619628906250e+01 1.446545696258544922e+01 1.062124729156494141e+01 4.507779598236083984e+00 3.646929025650024414e+00 2.677614927291870117e+00 2.057313203811645508e+00 1.225574016571044922e+00 1.062169194221496582e+00 7.565901875495910645e-01 5.225648283958435059e-01 2.607331573963165283e-01
4.530916595458984375e+01 1.100738220214843750e+02 5.755617523193359375e+01 1.126503219604492188e+02 6.123581695556640625e+01 8.889943695068359375e+01 7.967787170410156250e+01 6.176774978637695312e+01 4.487117004394531250e+01 4.800847625732421875e+01 3.923400115966796875e+01 3.207089996337890625e+01 2.202169418334960938e+01 1.469507694244384766e+01 1.057567691802978516e+01 4.491994380950927734e+00 3.714936733245849609e+00 2.755524635314941406e+00 2.127340793609619141e+00 1.241151928901672363e+00 1.081144690513610840e+00 7.394137978553771973e-01 5.213891863822937012e-01 2.584189772605895996e-01
4.116046524047851562e+01 1.101839981079101562e+02 4.988141632080078125e+01 1.109274978637695312e+02 6.127551269531250000e+01 9.073904418945312500e+01 7.971747589111328125e+01 6.460620117187500000e+01 4.390245056152343750e+01 4.731694412231445312e+01 3.884881973266601562e+01 3.126298141479492188e+01 2.215480232238769531e+01 1.470581245422363281e+01 1.098777961730957031e+01 4.242466449737548828e+00 3.463607072830200195e+00 2.901117563247680664e+00 2.050332546234130859e+00 1.215806841850280762e+00 1.026608824729919434e+00 6.954416632652282715e-01 5.218074321746826172e-01 2.334205657243728638e-01
5.424968338012695312e+01 1.095413970947265625e+02 5.530014419555664062e+01 1.090380554199218750e+02 6.122630310058593750e+01 9.038328552246093750e+01 8.087440490722656250e+01 6.395814514160156250e+01 4.543684005737304688e+01 4.875183868408203125e+01 3.843213272094726562e+01 3.120558738708496094e+01 2.178015518188476562e+01 1.459889793395996094e+01 1.056167888641357422e+01 4.386554718017578125e+00 3.654697656631469727e+00 2.772257804870605469e+00 2.137781143188476562e+00 1.229080319404602051e+00 1.027656912803649902e+00 7.453302145004272461e-01 5.204442143440246582e-01 2.438474595546722412e-01
5.712881851196289062e+01 1.081915512084960938e+02 5.861726379394531250e+01 1.114212341308593750e+02 5.909276199340820312e+01 9.282289886474609375e+01 8.131130218505859375e+01 6.209507751464843750e+01 4.524712753295898438e+01 4.868177795410156250e+01 3.911321258544921875e+01 3.187018585205078125e+01 2.223185348510742188e+01 1.476800727844238281e+01 1.092455673217773438e+01 4.469753265380859375e+00 3.647687435150146484e+00 2.785664319992065430e+00 2.071183443069458008e+00 1.239317297935485840e+00 1.046973586082458496e+00 7.416655421257019043e-01 5.393314957618713379e-01 2.590959668159484863e-01
4.836983489990234375e+01 1.047455825805664062e+02 5.857228851318359375e+01 1.111138229370117188e+02 6.086214065551757812e+01 9.510089874267578125e+01 8.127165985107421875e+01 6.362401580810546875e+01 4.536245727539062500e+01 4.859891510009765625e+01 3.871026992797851562e+01 3.153168487548828125e+01 2.214611244201660156e+01 1.439214324951171875e+01 1.058700561523437500e+01 4.495442867279052734e+00 3.640400886535644531e+00 2.772760152816772461e+00 2.098827600479125977e+00 1.232602953910827637e+00 1.082503914833068848e+00 7.581735253334045410e-01 5.455609560012817383e-01 2.835994958877563477e-01
4.611371994018554688e+01 1.130562515258789062e+02 6.395765686035156250e+01 1.139518280029296875e+02 6.096800231933593750e+01 9.084011840820312500e+01 8.324232482910156250e+01 6.278859710693359375e+01 4.539131164550781250e+01 4.920580673217773438e+01 3.907490921020507812e+01 3.181928634643554688e+01 2.274691581726074219e+01 1.453115940093994141e+01 1.060893917083740234e+01 4.323751449584960938e+00 3.823594570159912109e+00 2.842182636260986328e+00 2.081529617309570312e+00 1.215327739715576172e+00 1.084065318107604980e+00 7.678349018096923828e-01 4.926881492137908936e-01 2.622648179531097412e-01
4.067849731445312500e+01 1.116795349121093750e+02 5.716971206665039062e+01 1.138523101806640625e+02 5.758654403686523438e+01 9.373352050781250000e+01 8.258748626708984375e+01 6.164698791503906250e+01 4.687464141845703125e+01 4.931741714477539062e+01 3.922590255737304688e+01 3.133487510681152344e+01 2.182524299621582031e+01 1.438638591766357422e+01 1.046370887756347656e+01 4.632071018218994141e+00 3.699747800827026367e+00 2.661135435104370117e+00 2.064337253570556641e+00 1.216676831245422363e+00 1.047349095344543457e+00 7.291859984397888184e-01 5.040865540504455566e-01 2.582136094570159912e-01
5.671446228027343750e+01 1.128632049560546875e+02 5.883564758300781250e+01 1.105872039794921875e+02 6.065731048583984375e+01 9.156919097900390625e+01 8.175292205810546875e+01 6.274538421630859375e+01 4.459238433837890625e+01 4.914173126220703125e+01 3.837334823608398438e+01 3.113808631896972656e+01 2.222642898559570312e+01 1.447950172424316406e+01 1.069148159027099609e+01 4.393734455108642578e+00 3.745445966720581055e+00 2.798239231109619141e+00 2.075319528579711914e+00 1.195587635040283203e+00 1.087023496627807617e+00 7.258815765380859375e-01 5.155226588249206543e-01 2.438014894723892212e-01
4.232202529907226562e+01 1.039313964843750000e+02 6.088977813720703125e+01 1.155928726196289062e+02 6.252159500122070312e+01 9.017913818359375000e+01 8.300103759765625000e+01 6.133073425292968750e+01 4.508281326293945312e+01 4.782618331909179688e+01 3.835632705688476562e+01 3.177365493774414062e+01 2.201601409912109375e+01 1.494606304168701172e+01 1.045619392395019531e+01 4.582633018493652344e+00 3.507898807525634766e+00 2.792154073715209961e+00 2.060640096664428711e+00 1.226813197135925293e+00 1.067552447319030762e+00 7.340085506439208984e-01 5.202220678329467773e-01 2.649484872817993164e-01
4.322247314453125000e+01 9.960039520263671875e+01 5.261028671264648438e+01 1.165530166625976562e+02 6.082925796508789062e+01 9.370004272460937500e+01 8.135411834716796875e+01 6.168828964233398438e+01 4.450425720214843750e+01 4.861421585083007812e+01 3.872323608398437500e+01 3.157920074462890625e+01 2.235076141357421875e+01 1.432444286346435547e+01 1.076420879364013672e+01 4.433463096618652344e+00 3.817941427230834961e+00 2.878298997879028320e+00 2.164175987243652344e+00 1.225217700004577637e+00 1.077245116233825684e+00 7.427553534507751465e-01 5.264135599136352539e-01 2.755263745784759521e-01
4.919796371459960938e+01 1.098468246459960938e+02 6.114771652221679688e+01 1.145953292846679688e+02 5.949970626831054688e+01 9.193392944335937500e+01 8.180418395996093750e+01 6.329221725463867188e+01 4.383426284790039062e+01 4.841714859008789062e+01 3.912078094482421875e+01 3.158178710937500000e+01 2.223292350769042969e+01 1.466084766387939453e+01 1.072281742095947266e+01 4.424631118774414062e+00 3.650905370712280273e+00 2.843724012374877930e+00 2.087695837020874023e+00 1.197981834411621094e+00 1.044302344322204590e+00 7.654374241828918457e-01 5.248472094535827637e-01 2.554471492767333984e-01
4.705934906005859375e+01 1.077954101562500000e+02 5.482859802246093750e+01 1.146988677978515625e+02 5.790398025512695312e+01 9.390338134765625000e+01 8.147348785400390625e+01 6.243871688842773438e+01 4.451060485839843750e+01 4.889974594116210938e+01 3.804718399047851562e+01 3.128432464599609375e+01 2.192239570617675781e+01 1.427418041229248047e+01 1.067207717895507812e+01 4.364078998565673828e+00 3.735152006149291992e+00 2.854880571365356445e+00 2.099465608596801758e+00 1.297715067863464355e+00 1.091594696044921875e+00 7.512431144714355469e-01 5.399053692817687988e-01 2.766466140747070312e-01
6.337181854248046875e+01 1.075705261230468750e+02 6.232242965698242188e+01 1.165116424560546875e+02 6.193777847290039062e+01 9.499986267089843750e+01 8.217675781250000000e+01 6.508996582031250000e+01 4.566421508789062500e+01 4.925279617309570312e+01 3.844717788696289062e+01 3.135203742980957031e+01 2.218365097045898438e+01 1.470177745819091797e+01 1.074366474151611328e+01 4.423985004425048828e+00 3.632615327835083008e+00 2.672255039215087891e+00 2.060481071472167969e+00 1.225562810897827148e+00 1.037918925285339355e+00 7.138102650642395020e-01 5.241709947586059570e-01 2.302436232566833496e-01
4.857388687133789062e+01 1.237685928344726562e+02 5.938158798217773438e+01 1.107241058349609375e+02 5.975275802612304688e+01 9.346359252929687500e+01 8.174213409423828125e+01 6.494497680664062500e+01 4.531201934814453125e+01 4.790177917480468750e+01 3.789591979980468750e+01 3.228120422363281250e+01 2.239395904541015625e+01 1.477270889282226562e+01 1.051473903656005859e+01 4.532248020172119141e+00 3.740943431854248047e+00 2.751601934432983398e+00 2.020613193511962891e+00 1.204241037368774414e+00 1.017738699913024902e+00 7.276999950408935547e-01 5.357034206390380859e-01 2.729990482330322266e-01
3.786024856567382812e+01 1.142211990356445312e+02 6.624645996093750000e+01 1.096897354125976562e+02 5.985391235351562500e+01 8.882180786132812500e+01 8.118306732177734375e+01 6.321912765502929688e+01 4.571067047119140625e+01 4.953931045532226562e+01 3.840133666992187500e+01 3.200298309326171875e+01 2.184277915954589844e+01 1.425747013092041016e+01 1.067336654663085938e+01 4.325932025909423828e+00 3.643990993499755859e+00 2.825686931610107422e+00 2.081883192062377930e+00 1.279012560844421387e+00 1.014712810516357422e+00 7.140209674835205078e-01 5.022639036178588867e-01 2.442530393600463867e-01
5.030997467041015625e+01 1.119988708496093750e+02 6.464302825927734375e+01 1.093789901733398438e+02 6.527374267578125000e+01 9.288175201416015625e+01 8.060243225097656250e+01 6.327005386352539062e+01 4.486214828491210938e+01 4.999800872802734375e+01 3.880632019042968750e+01 3.054819488525390625e+01 2.170561027526855469e+01 1.467914962768554688e+01 1.066057586669921875e+01 4.586191654205322266e+00 3.500472784042358398e+00 2.630037307739257812e+00 2.100183486938476562e+00 1.191709280014038086e+00 1.028480529785156250e+00 7.269437909126281738e-01 5.340848565101623535e-01 2.603579163551330566e-01
5.107907104492187500e+01 1.097103424072265625e+02 6.232299804687500000e+01 1.167585372924804688e+02 6.242494964599609375e+01 9.235739135742187500e+01 8.029823303222656250e+01 6.312919235229492188e+01 4.455585479736328125e+01 4.925861740112304688e+01 3.914591598510742188e+01 3.169921493530273438e+01 2.221343612670898438e+01 1.481884670257568359e+01 1.062834739685058594e+01 4.388772010803222656e+00 3.646708726882934570e+00 2.816035270690917969e+00 2.099491596221923828e+00 1.215339303016662598e+00 1.047861933708190918e+00 7.245411276817321777e-01 5.115065574645996094e-01 2.656813859939575195e-01
4.496539688110351562e+01 1.086010131835937500e+02 5.870298004150390625e+01 1.150025177001953125e+02 6.242507171630859375e+01 9.113562774658203125e+01 8.173972320556640625e+01 6.388586425781250000e+01 4.495283889770507812e+01 4.868658065795898438e+01 3.835807037353515625e+01 3.156085014343261719e+01 2.224283599853515625e+01 1.466001129150390625e+01 1.057437610626220703e+01 4.305820465087890625e+00 3.665690898895263672e+00 2.723456144332885742e+00 2.095469713211059570e+00 1.234653234481811523e+00 1.056054472923278809e+00 7.236135601997375488e-01 5.214219689369201660e-01 2.556495666503906250e-01
4.278354263305664062e+01 1.101257629394531250e+02 6.146156311035156250e+01 1.148038024902343750e+02 6.245730972290039062e+01 9.140919494628906250e+01 8.059783935546875000e+01 6.174189758300781250e+01 4.541120529174804688e+01 4.894665908813476562e+01 3.899204254150390625e+01 3.137933731079101562e+01 2.197255134582519531e+01 1.472970008850097656e+01 1.066421031951904297e+01 4.516683101654052734e+00 3.554716110229492188e+00 2.741061925888061523e+00 2.072607755661010742e+00 1.234364986419677734e+00 1.070523023605346680e+00 7.423468232154846191e-01 5.085357427597045898e-01 2.420682013034820557e-01
4.543168640136718750e+01 1.090888290405273438e+02 5.354579544067382812e+01 1.106192092895507812e+02 6.158073425292968750e+01 9.046139526367187500e+01 8.089510345458984375e+01 6.200705337524414062e+01 4.530735397338867188e+01 4.896020507812500000e+01 3.865487289428710938e+01 3.153572082519531250e+01 2.197947502136230469e+01 1.455543136596679688e+01 1.062617206573486328e+01 4.456212520599365234e+00 3.645449161529541016e+00 2.800463199615478516e+00 2.029981136322021484e+00 1.270178318023681641e+00 1.065234541893005371e+00 7.373717427253723145e-01 5.180160999298095703e-01 2.787606418132781982e-01
5.779634475708007812e+01 1.138191833496093750e+02 4.993495178222656250e+01 1.144544143676757812e+02 5.987697601318359375e+01 9.251613616943359375e+01 8.108691406250000000e+01 6.317064666748046875e+01 4.475491333007812500e+01 4.849098587036132812e+01 3.821120834350585938e+01 3.156787872314453125e+01 2.199926567077636719e+01 1.467430686950683594e+01 1.048507118225097656e+01 4.292819976806640625e+00 3.672497749328613281e+00 2.716182947158813477e+00 2.003460168838500977e+00 1.139584422111511230e+00 9.982313513755798340e-01 7.149001955986022949e-01 4.950131773948669434e-01 2.378065735101699829e-01
5.468899154663085938e+01 1.052690811157226562e+02 6.383687591552734375e+01 1.102959747314453125e+02 6.179201507568359375e+01 9.016141510009765625e+01 8.038739013671875000e+01 6.473861694335937500e+01 4.564724731445312500e+01 4.866613769531250000e+01 3.770444107055664062e+01 3.131769180297851562e+01 2.218512344360351562e+01 1.461026668548583984e+01 1.061421585083007812e+01 4.375205993652343750e+00 3.744437456130981445e+00 2.701056480407714844e+00 2.007428884506225586e+00 1.173196196556091309e+00 1.015529036521911621e+00 6.945726871490478516e-01 5.191496014595031738e-01 2.538515329360961914e-01
4.507759857177734375e+01 1.108479614257812500e+02 6.538615417480468750e+01 1.159018783569335938e+02 5.967697143554687500e+01 9.204595947265625000e+01 8.079602050781250000e+01 6.254106140136718750e+01 4.506021881103515625e+01 4.861088180541992188e+01 3.862135314941406250e+01 3.185817146301269531e+01 2.205310440063476562e+01 1.471453475952148438e+01 1.086145782470703125e+01 4.380145072937011719e+00 3.649117231369018555e+00 2.819266557693481445e+00 2.101300716400146484e+00 1.235473513603210449e+00 1.049015879631042480e+00 7.453193664550781250e-01 5.148827433586120605e-01 2.712012231349945068e-01
4.880683517456054688e+01 1.051024703979492188e+02 5.717747116088867188e+01 1.148352127075195312e+02 5.822900009155273438e+01 9.221224212646484375e+01 7.931332397460937500e+01 6.408213043212890625e+01 4.551589202880859375e+01 4.863864135742187500e+01 3.903001785278320312e+01 3.126554107666015625e+01 2.206982994079589844e+01 1.439460563659667969e+01 1.056543159484863281e+01 4.495734691619873047e+00 3.642745733261108398e+00 2.725749492645263672e+00 2.081592559814453125e+00 1.247798681259155273e+00 1.033485054969787598e+00 7.422004342079162598e-01 5.336279869079589844e-01 2.560293972492218018e-01
3.708642959594726562e+01 1.040933456420898438e+02 5.743926239013671875e+01 1.134126358032226562e+02 5.783977890014648438e+01 9.375926971435546875e+01 8.134017944335937500e+01 6.511421966552734375e+01 4.562559509277343750e+01 4.872590637207031250e+01 3.847411346435546875e+01 3.142786026000976562e+01 2.151887702941894531e+01 1.504634094238281250e+01 1.061290073394775391e+01 4.490101814270019531e+00 3.784099102020263672e+00 2.821357488632202148e+00 2.017775535583496094e+00 1.226307511329650879e+00 1.043426752090454102e+00 7.453371286392211914e-01 5.532705187797546387e-01 2.601139545440673828e-01
4.300113296508789062e+01 1.134289016723632812e+02 5.417564392089843750e+01 1.144093170166015625e+02 5.997567367553710938e+01 9.127822875976562500e+01 8.110855865478515625e+01 6.274955368041992188e+01 4.447866821289062500e+01 4.854079818725585938e+01 3.955455398559570312e+01 3.192745208740234375e+01 2.218716049194335938e+01 1.468904399871826172e+01 1.058354759216308594e+01 4.481674194335937500e+00 3.584022521972656250e+00 2.796093463897705078e+00 2.104499816894531250e+00 1.242650866508483887e+00 1.049618124961853027e+00 7.317300438880920410e-01 5.202581286430358887e-01 2.661440968513488770e-01
3.806632232666015625e+01 1.072678833007812500e+02 5.843509292602539062e+01 1.154112701416015625e+02 5.993162536621093750e+01 9.297940063476562500e+01 8.226698303222656250e+01 6.347563934326171875e+01 4.536742401123046875e+01 4.810092544555664062e+01 3.881119155883789062e+01 3.087401390075683594e+01 2.225163841247558594e+01 1.464086723327636719e+01 1.055423927307128906e+01 4.393795967102050781e+00 3.678253412246704102e+00 2.745027542114257812e+00 2.078874588012695312e+00 1.263096928596496582e+00 1.028540253639221191e+00 7.345080375671386719e-01 5.213690996170043945e-01 2.710595726966857910e-01
4.792111968994140625e+01 1.071562271118164062e+02 5.812930297851562500e+01 1.159649810791015625e+02 6.094386291503906250e+01 9.197632598876953125e+01 8.070795440673828125e+01 6.287982177734375000e+01 4.425386047363281250e+01 4.855991363525390625e+01 3.868108749389648438e+01 3.141935729980468750e+01 2.202426338195800781e+01 1.445801353454589844e+01 1.046433162689208984e+01 4.462434768676757812e+00 3.560655117034912109e+00 2.786211490631103516e+00 2.051463842391967773e+00 1.225912809371948242e+00 1.080818295478820801e+00 7.460386157035827637e-01 5.421398282051086426e-01 2.660394906997680664e-01
6.249369812011718750e+01 1.138779754638671875e+02 5.632865524291992188e+01 1.121906585693359375e+02 6.255668640136718750e+01 9.339794158935546875e+01 8.220761871337890625e+01 6.350395202636718750e+01 4.485952758789062500e+01 4.825076675415039062e+01 3.848330688476562500e+01 3.163858032226562500e+01 2.219100952148437500e+01 1.483611679077148438e+01 1.064178943634033203e+01 4.389521598815917969e+00 3.657041549682617188e+00 2.785685300827026367e+00 2.062064886093139648e+00 1.239143729209899902e+00 1.060772895812988281e+00 7.463594079017639160e-01 5.344316363334655762e-01 2.508372664451599121e-01
4.638344192504882812e+01 1.086241073608398438e+02 5.825170898437500000e+01 1.127114410400390625e+02 6.095126724243164062e+01 9.062445831298828125e+01 8.114144897460937500e+01 6.342968368530273438e+01 4.517778396606445312e+01 4.906196594238281250e+01 3.844341278076171875e+01 3.170150756835937500e+01 2.214304542541503906e+01 1.461894321441650391e+01 1.065988826751708984e+01 4.453933238983154297e+00 3.675477027893066406e+00 2.796958446502685547e+00 2.078328132629394531e+00 1.229456305503845215e+00 1.056634068489074707e+00 7.331922650337219238e-01 5.287763476371765137e-01 2.568958997726440430e-01
4.678214645385742188e+01 1.058288421630859375e+02 6.076438903808593750e+01 1.138567276000976562e+02 6.295896911621093750e+01 9.213628387451171875e+01 8.136850738525390625e+01 6.306221008300781250e+01 4.653206634521484375e+01 4.942243194580078125e+01 3.922095489501953125e+01 3.163604164123535156e+01 2.228207969665527344e+01 1.452954006195068359e+01 1.074957466125488281e+01 4.483742237091064453e+00 3.713707923889160156e+00 2.835949182510375977e+00 2.093726158142089844e+00 1.219369769096374512e+00 1.055778503417968750e+00 7.338503003120422363e-01 5.221742391586303711e-01 2.655138969421386719e-01
4.547636413574218750e+01 1.043594207763671875e+02 5.886547470092773438e+01 1.160053024291992188e+02 6.124708175659179688e+01 9.104924774169921875e+01 8.083441925048828125e+01 6.119061660766601562e+01 4.379764175415039062e+01 4.861528396606445312e+01 3.847296905517578125e+01 3.090954780578613281e+01 2.209799957275390625e+01 1.469023895263671875e+01 1.079180240631103516e+01 4.388035297393798828e+00 3.670678138732910156e+00 2.789331197738647461e+00 2.046266794204711914e+00 1.238768815994262695e+00 1.083718180656433105e+00 7.491912245750427246e-01 5.478339791297912598e-01 2.459750920534133911e-01
4.624852752685546875e+01 1.050745849609375000e+02 5.624490737915039062e+01 1.151921920776367188e+02 6.281650543212890625e+01 8.993899536132812500e+01 8.124929809570312500e+01 6.245890808105468750e+01 4.457384872436523438e+01 4.869896697998046875e+01 3.897876739501953125e+01 3.163224029541015625e+01 2.202181243896484375e+01 1.480861568450927734e+01 1.047267627716064453e+01 4.419121742248535156e+00 3.673550367355346680e+00 2.781155586242675781e+00 2.037803649902343750e+00 1.216015696525573730e+00 1.056881904602050781e+00 7.508105039596557617e-01 5.158998370170593262e-01 2.601018548011779785e-01
4.451714324951171875e+01 1.093380889892578125e+02 5.585518646240234375e+01 1.147389984130859375e+02 6.074371719360351562e+01 9.232065582275390625e+01 8.164944458007812500e+01 6.280939102172851562e+01 4.547236633300781250e+01 4.896908187866210938e+01 3.903283691406250000e+01 3.139811134338378906e+01 2.199524879455566406e+01 1.451083469390869141e+01 1.078576183319091797e+01 4.412201881408691406e+00 3.691475391387939453e+00 2.792316436767578125e+00 2.093925476074218750e+00 1.229610443115234375e+00 1.041788697242736816e+00 7.448641657829284668e-01 5.229088664054870605e-01 2.770093083381652832e-01
4.709151458740234375e+01 1.090517883300781250e+02 5.967518234252929688e+01 1.135724487304687500e+02 6.042003250122070312e+01 9.278135681152343750e+01 8.183052825927734375e+01 6.343024063110351562e+01 4.469326782226562500e+01 4.918769836425781250e+01 3.908857345581054688e+01 3.166076469421386719e+01 2.211683654785156250e+01 1.448663520812988281e+01 1.062786674499511719e+01 4.544022560119628906e+00 3.638857603073120117e+00 2.814260244369506836e+00 2.092180728912353516e+00 1.216862082481384277e+00 1.051410794258117676e+00 7.218487262725830078e-01 5.216860175132751465e-01 2.611439228057861328e-01
4.758507919311523438e+01 1.067553176879882812e+02 5.717689895629882812e+01 1.102983093261718750e+02 6.080045700073242188e+01 9.267328643798828125e+01 8.104624176025390625e+01 6.336225509643554688e+01 4.457040023803710938e+01 4.901792526245117188e+01 3.881941986083984375e+01 3.178765296936035156e+01 2.218499755859375000e+01 1.464318370819091797e+01 1.055425834655761719e+01 4.363273620605468750e+00 3.669168949127197266e+00 2.865262746810913086e+00 2.072803020477294922e+00 1.209524989128112793e+00 1.047881960868835449e+00 7.285421490669250488e-01 5.258950591087341309e-01 2.741789817810058594e-01
6.034717559814453125e+01 9.270802307128906250e+01 6.088649749755859375e+01 1.133427963256835938e+02 5.815781402587890625e+01 9.190844726562500000e+01 8.007935333251953125e+01 6.388728713989257812e+01 4.438947677612304688e+01 4.896141433715820312e+01 3.932806777954101562e+01 3.234278869628906250e+01 2.215001869201660156e+01 1.464051628112792969e+01 1.076939868927001953e+01 4.237581253051757812e+00 3.809274435043334961e+00 2.763492107391357422e+00 2.107998609542846680e+00 1.264241337776184082e+00 1.032193541526794434e+00 7.208262681961059570e-01 4.938673079013824463e-01 2.357852607965469360e-01
4.774039459228515625e+01 1.069786682128906250e+02 5.998579788208007812e+01 1.118790283203125000e+02 5.950361633300781250e+01 8.986823272705078125e+01 8.007907104492187500e+01 6.396869659423828125e+01 4.522125244140625000e+01 4.936656951904296875e+01 3.885607147216796875e+01 3.207164764404296875e+01 2.186212730407714844e+01 1.463088130950927734e+01 1.072689437866210938e+01 4.439867019653320312e+00 3.686027765274047852e+00 2.827339410781860352e+00 2.074917078018188477e+00 1.246803641319274902e+00 1.041031122207641602e+00 7.152830958366394043e-01 5.110928416252136230e-01 2.413276880979537964e-01
4.709151458740234375e+01 1.102047271728515625e+02 5.693020629882812500e+01 1.105725708007812500e+02 5.898018264770507812e+01 9.334533691406250000e+01 8.160832214355468750e+01 6.287211608886718750e+01 4.644884109497070312e+01 4.906285095214843750e+01 3.919010162353515625e+01 3.113822174072265625e+01 2.233191299438476562e+01 1.444828033447265625e+01 1.066026592254638672e+01 4.407206535339355469e+00 3.701495647430419922e+00 2.769474744796752930e+00 2.056892633438110352e+00 1.213563203811645508e+00 1.036323308944702148e+00 7.387881278991699219e-01 5.062553286552429199e-01 2.547487020492553711e-01
4.709151458740234375e+01 1.066141967773437500e+02 5.771207046508789062e+01 1.135165176391601562e+02 6.226919555664062500e+01 9.301098632812500000e+01 8.002959442138671875e+01 6.375085449218750000e+01 4.484258651733398438e+01 4.859566497802734375e+01 3.885431671142578125e+01 3.146094512939453125e+01 2.206706428527832031e+01 1.457686901092529297e+01 1.063874053955078125e+01 4.413910388946533203e+00 3.728554725646972656e+00 2.758176326751708984e+00 2.075478315353393555e+00 1.218083381652832031e+00 1.063280701637268066e+00 7.269716262817382812e-01 5.167497992515563965e-01 2.587711215019226074e-01
5.215482711791992188e+01 1.076553573608398438e+02 6.407971191406250000e+01 1.121761398315429688e+02 5.731618881225585938e+01 8.858244323730468750e+01 8.447291564941406250e+01 5.948678970336914062e+01 4.335067367553710938e+01 4.925081634521484375e+01 3.825105285644531250e+01 3.186860084533691406e+01 2.167325210571289062e+01 1.442230892181396484e+01 1.036748409271240234e+01 4.371884822845458984e+00 3.600753784179687500e+00 2.789361000061035156e+00 2.092972278594970703e+00 1.218109965324401855e+00 1.068030238151550293e+00 7.546885609626770020e-01 5.345161557197570801e-01 2.847006022930145264e-01
3.146650505065917969e+01 8.905791473388671875e+01 6.596765136718750000e+01 1.118169708251953125e+02 5.782607269287109375e+01 9.270037841796875000e+01 8.233947753906250000e+01 6.537775421142578125e+01 4.602487564086914062e+01 4.797764205932617188e+01 3.831142425537109375e+01 3.128046607971191406e+01 2.212012290954589844e+01 1.510707950592041016e+01 1.049750423431396484e+01 4.213193416595458984e+00 3.588501691818237305e+00 2.793193101882934570e+00 2.149909257888793945e+00 1.212150335311889648e+00 1.087134599685668945e+00 7.502923011779785156e-01 5.130522847175598145e-01 2.605562806129455566e-01
4.580729675292968750e+01 1.134937133789062500e+02 5.889788436889648438e+01 1.109970855712890625e+02 5.916280746459960938e+01 8.976285552978515625e+01 8.212683105468750000e+01 6.289475250244140625e+01 4.545812606811523438e+01 4.909872817993164062e+01 3.888670349121093750e+01 3.170768165588378906e+01 2.202770805358886719e+01 1.481802463531494141e+01 1.062270832061767578e+01 4.399086952209472656e+00 3.683612108230590820e+00 2.832198143005371094e+00 2.038772821426391602e+00 1.228980183601379395e+00 1.068679690361022949e+00 7.321520447731018066e-01 5.100851655006408691e-01 2.529495060443878174e-01
3.936169815063476562e+01 9.971884155273437500e+01 6.601222229003906250e+01 1.099262313842773438e+02 6.168409729003906250e+01 9.396559143066406250e+01 8.122710418701171875e+01 6.477369689941406250e+01 4.468929672241210938e+01 4.807748794555664062e+01 3.896008682250976562e+01 3.159166145324707031e+01 2.219277763366699219e+01 1.456253719329833984e+01 1.060114383697509766e+01 4.481616497039794922e+00 3.648832798004150391e+00 2.882989406585693359e+00 2.053030729293823242e+00 1.217010498046875000e+00 1.062404990196228027e+00 7.479348778724670410e-01 5.060669779777526855e-01 2.537465393543243408e-01
4.708976364135742188e+01 9.646759033203125000e+01 5.680979156494140625e+01 1.136683959960937500e+02 6.055722045898437500e+01 9.296031188964843750e+01 8.261409759521484375e+01 6.372114562988281250e+01 4.486603927612304688e+01 4.888487625122070312e+01 3.865878295898437500e+01 3.171570587158203125e+01 2.201397705078125000e+01 1.474085044860839844e+01 1.059261894226074219e+01 4.424088478088378906e+00 3.612738609313964844e+00 2.758362054824829102e+00 2.044606685638427734e+00 1.225891232490539551e+00 1.059313416481018066e+00 7.337962388992309570e-01 5.294802784919738770e-01 2.618502676486968994e-01
