-1.326388168334960938e+01 8.273991394042968750e+01
3.520898056030273438e+01 5.022367477416992188e+01
-1.072528839111328125e+01 3.606293106079101562e+01
4.166256713867187500e+01 2.648933601379394531e+01
1.342163276672363281e+01 2.001659774780273438e+01
4.200474166870117188e+01 1.503039455413818359e+01
1.892706274986267090e+00 1.145630741119384766e+01
4.213529109954833984e+00 8.821970939636230469e+00
-2.763706684112548828e+00 6.715442180633544922e+00
4.852171987295150757e-02 5.073583602905273438e+00
-2.314552068710327148e+00 3.806671380996704102e+00
3.311533689498901367e+00 2.833584785461425781e+00
-1.583362698554992676e+00 2.111775159835815430e+00
2.044672489166259766e+00 1.551201224327087402e+00
-3.084547519683837891e-01 1.133594274520874023e+00
2.411997318267822266e-02 8.295298814773559570e-01
8.183757662773132324e-01 6.050714254379272461e-01
5.014939904212951660e-01 4.411077499389648438e-01
1.905931234359741211e-01 3.218805193901062012e-01
1.442380845546722412e-01 2.349280565977096558e-01
1.229236349463462830e-01 1.715486347675323486e-01
-6.155997514724731445e-02 1.255085468292236328e-01
-9.425626695156097412e-02 9.199613332748413086e-02
-2.458934299647808075e-02 6.799764186143875122e-02
