4.709151458740234375e+01 7.463827514648437500e+01
1.086241073608398438e+02 4.917093658447265625e+01
5.917765808105468750e+01 3.648038864135742188e+01
1.129949569702148438e+02 2.643642044067382812e+01
6.059504318237304688e+01 1.994777679443359375e+01
9.222099304199218750e+01 1.498800373077392578e+01
8.114497375488281250e+01 1.156523704528808594e+01
6.317500686645507812e+01 8.900591850280761719e+00
4.514706420898437500e+01 6.649468421936035156e+00
4.879217147827148438e+01 5.065596103668212891e+00
3.884052276611328125e+01 3.837650775909423828e+00
3.158066940307617188e+01 2.842746734619140625e+00
2.212180137634277344e+01 2.109850645065307617e+00
1.460442924499511719e+01 1.547390341758728027e+00
1.064150524139404297e+01 1.136772871017456055e+00
4.436531066894531250e+00 8.294789791107177734e-01
3.664415836334228516e+00 6.053836941719055176e-01
2.785433530807495117e+00 4.411225318908691406e-01
2.077527284622192383e+00 3.218809068202972412e-01
1.226830124855041504e+00 2.349377125501632690e-01
1.053969740867614746e+00 1.715605109930038452e-01
7.354497313499450684e-01 1.255285292863845825e-01
5.210992693901062012e-01 9.199345111846923828e-02
2.589696943759918213e-01 6.799271702766418457e-02
