1.081445705809711111e+00 1.081445705809711111e+00 1.081445705809711111e+00 1.081445705809711111e+00 1.081445705809711111e+00 1.081445705809711111e+00 1.081445705809711111e+00 1.081445705809711111e+00 1.081445705809711111e+00 1.081445705809711111e+00 1.081445705809711111e+00 1.081445705809711111e+00 1.081445705809711111e+00 1.081445705809711111e+00 1.081445705809711111e+00 1.081445705809711111e+00 1.081445705809711111e+00 1.081445705809711111e+00 1.081445705809711111e+00 1.081445705809711111e+00 1.081445705809711111e+00 1.081445705809711111e+00 1.081445705809711111e+00 1.081445705809711111e+00
1.081485333984259833e+00 1.081485333984259833e+00 1.081485333984259833e+00 1.081485333984259833e+00 1.081485333984259833e+00 1.081485333984259833e+00 1.081485333984259833e+00 1.081485333984259833e+00 1.081485333984259833e+00 1.081485333984259833e+00 1.081485333984259833e+00 1.081485333984259833e+00 1.081485333984259833e+00 1.081485333984259833e+00 1.081485333984259833e+00 1.081485333984259833e+00 1.081485333984259833e+00 1.081485333984259833e+00 1.081485333984259833e+00 1.081485333984259833e+00 1.081485333984259833e+00 1.081485333984259833e+00 1.081485333984259833e+00 1.081485333984259833e+00
1.081471830059999473e+00 1.081471830059999473e+00 1.081471830059999473e+00 1.081471830059999473e+00 1.081471830059999473e+00 1.081471830059999473e+00 1.081471830059999473e+00 1.081471830059999473e+00 1.081471830059999473e+00 1.081471830059999473e+00 1.081471830059999473e+00 1.081471830059999473e+00 1.081471830059999473e+00 1.081471830059999473e+00 1.081471830059999473e+00 1.081471830059999473e+00 1.081471830059999473e+00 1.081471830059999473e+00 1.081471830059999473e+00 1.081471830059999473e+00 1.081471830059999473e+00 1.081471830059999473e+00 1.081471830059999473e+00 1.081471830059999473e+00
1.081404914456176369e+00 1.081404914456176369e+00 1.081404914456176369e+00 1.081404914456176369e+00 1.081404914456176369e+00 1.081404914456176369e+00 1.081404914456176369e+00 1.081404914456176369e+00 1.081404914456176369e+00 1.081404914456176369e+00 1.081404914456176369e+00 1.081404914456176369e+00 1.081404914456176369e+00 1.081404914456176369e+00 1.081404914456176369e+00 1.081404914456176369e+00 1.081404914456176369e+00 1.081404914456176369e+00 1.081404914456176369e+00 1.081404914456176369e+00 1.081404914456176369e+00 1.081404914456176369e+00 1.081404914456176369e+00 1.081404914456176369e+00
1.081421613114833313e+00 1.081421613114833313e+00 1.081421613114833313e+00 1.081421613114833313e+00 1.081421613114833313e+00 1.081421613114833313e+00 1.081421613114833313e+00 1.081421613114833313e+00 1.081421613114833313e+00 1.081421613114833313e+00 1.081421613114833313e+00 1.081421613114833313e+00 1.081421613114833313e+00 1.081421613114833313e+00 1.081421613114833313e+00 1.081421613114833313e+00 1.081421613114833313e+00 1.081421613114833313e+00 1.081421613114833313e+00 1.081421613114833313e+00 1.081421613114833313e+00 1.081421613114833313e+00 1.081421613114833313e+00 1.081421613114833313e+00
1.081478325084395342e+00 1.081478325084395342e+00 1.081478325084395342e+00 1.081478325084395342e+00 1.081478325084395342e+00 1.081478325084395342e+00 1.081478325084395342e+00 1.081478325084395342e+00 1.081478325084395342e+00 1.081478325084395342e+00 1.081478325084395342e+00 1.081478325084395342e+00 1.081478325084395342e+00 1.081478325084395342e+00 1.081478325084395342e+00 1.081478325084395342e+00 1.081478325084395342e+00 1.081478325084395342e+00 1.081478325084395342e+00 1.081478325084395342e+00 1.081478325084395342e+00 1.081478325084395342e+00 1.081478325084395342e+00 1.081478325084395342e+00
1.081426141189815171e+00 1.081426141189815171e+00 1.081426141189815171e+00 1.081426141189815171e+00 1.081426141189815171e+00 1.081426141189815171e+00 1.081426141189815171e+00 1.081426141189815171e+00 1.081426141189815171e+00 1.081426141189815171e+00 1.081426141189815171e+00 1.081426141189815171e+00 1.081426141189815171e+00 1.081426141189815171e+00 1.081426141189815171e+00 1.081426141189815171e+00 1.081426141189815171e+00 1.081426141189815171e+00 1.081426141189815171e+00 1.081426141189815171e+00 1.081426141189815171e+00 1.081426141189815171e+00 1.081426141189815171e+00 1.081426141189815171e+00
1.081481853790450032e+00 1.081481853790450032e+00 1.081481853790450032e+00 1.081481853790450032e+00 1.081481853790450032e+00 1.081481853790450032e+00 1.081481853790450032e+00 1.081481853790450032e+00 1.081481853790450032e+00 1.081481853790450032e+00 1.081481853790450032e+00 1.081481853790450032e+00 1.081481853790450032e+00 1.081481853790450032e+00 1.081481853790450032e+00 1.081481853790450032e+00 1.081481853790450032e+00 1.081481853790450032e+00 1.081481853790450032e+00 1.081481853790450032e+00 1.081481853790450032e+00 1.081481853790450032e+00 1.081481853790450032e+00 1.081481853790450032e+00
1.081470354680986512e+00 1.081470354680986512e+00 1.081470354680986512e+00 1.081470354680986512e+00 1.081470354680986512e+00 1.081470354680986512e+00 1.081470354680986512e+00 1.081470354680986512e+00 1.081470354680986512e+00 1.081470354680986512e+00 1.081470354680986512e+00 1.081470354680986512e+00 1.081470354680986512e+00 1.081470354680986512e+00 1.081470354680986512e+00 1.081470354680986512e+00 1.081470354680986512e+00 1.081470354680986512e+00 1.081470354680986512e+00 1.081470354680986512e+00 1.081470354680986512e+00 1.081470354680986512e+00 1.081470354680986512e+00 1.081470354680986512e+00
1.081455942929658187e+00 1.081455942929658187e+00 1.081455942929658187e+00 1.081455942929658187e+00 1.081455942929658187e+00 1.081455942929658187e+00 1.081455942929658187e+00 1.081455942929658187e+00 1.081455942929658187e+00 1.081455942929658187e+00 1.081455942929658187e+00 1.081455942929658187e+00 1.081455942929658187e+00 1.081455942929658187e+00 1.081455942929658187e+00 1.081455942929658187e+00 1.081455942929658187e+00 1.081455942929658187e+00 1.081455942929658187e+00 1.081455942929658187e+00 1.081455942929658187e+00 1.081455942929658187e+00 1.081455942929658187e+00 1.081455942929658187e+00
1.081382371439443935e+00 1.081382371439443935e+00 1.081382371439443935e+00 1.081382371439443935e+00 1.081382371439443935e+00 1.081382371439443935e+00 1.081382371439443935e+00 1.081382371439443935e+00 1.081382371439443935e+00 1.081382371439443935e+00 1.081382371439443935e+00 1.081382371439443935e+00 1.081382371439443935e+00 1.081382371439443935e+00 1.081382371439443935e+00 1.081382371439443935e+00 1.081382371439443935e+00 1.081382371439443935e+00 1.081382371439443935e+00 1.081382371439443935e+00 1.081382371439443935e+00 1.081382371439443935e+00 1.081382371439443935e+00 1.081382371439443935e+00
1.081495349843920151e+00 1.081495349843920151e+00 1.081495349843920151e+00 1.081495349843920151e+00 1.081495349843920151e+00 1.081495349843920151e+00 1.081495349843920151e+00 1.081495349843920151e+00 1.081495349843920151e+00 1.081495349843920151e+00 1.081495349843920151e+00 1.081495349843920151e+00 1.081495349843920151e+00 1.081495349843920151e+00 1.081495349843920151e+00 1.081495349843920151e+00 1.081495349843920151e+00 1.081495349843920151e+00 1.081495349843920151e+00 1.081495349843920151e+00 1.081495349843920151e+00 1.081495349843920151e+00 1.081495349843920151e+00 1.081495349843920151e+00
1.081357662899951277e+00 1.081357662899951277e+00 1.081357662899951277e+00 1.081357662899951277e+00 1.081357662899951277e+00 1.081357662899951277e+00 1.081357662899951277e+00 1.081357662899951277e+00 1.081357662899951277e+00 1.081357662899951277e+00 1.081357662899951277e+00 1.081357662899951277e+00 1.081357662899951277e+00 1.081357662899951277e+00 1.081357662899951277e+00 1.081357662899951277e+00 1.081357662899951277e+00 1.081357662899951277e+00 1.081357662899951277e+00 1.081357662899951277e+00 1.081357662899951277e+00 1.081357662899951277e+00 1.081357662899951277e+00 1.081357662899951277e+00
1.081531845983712214e+00 1.081531845983712214e+00 1.081531845983712214e+00 1.081531845983712214e+00 1.081531845983712214e+00 1.081531845983712214e+00 1.081531845983712214e+00 1.081531845983712214e+00 1.081531845983712214e+00 1.081531845983712214e+00 1.081531845983712214e+00 1.081531845983712214e+00 1.081531845983712214e+00 1.081531845983712214e+00 1.081531845983712214e+00 1.081531845983712214e+00 1.081531845983712214e+00 1.081531845983712214e+00 1.081531845983712214e+00 1.081531845983712214e+00 1.081531845983712214e+00 1.081531845983712214e+00 1.081531845983712214e+00 1.081531845983712214e+00
1.081391198652342789e+00 1.081391198652342789e+00 1.081391198652342789e+00 1.081391198652342789e+00 1.081391198652342789e+00 1.081391198652342789e+00 1.081391198652342789e+00 1.081391198652342789e+00 1.081391198652342789e+00 1.081391198652342789e+00 1.081391198652342789e+00 1.081391198652342789e+00 1.081391198652342789e+00 1.081391198652342789e+00 1.081391198652342789e+00 1.081391198652342789e+00 1.081391198652342789e+00 1.081391198652342789e+00 1.081391198652342789e+00 1.081391198652342789e+00 1.081391198652342789e+00 1.081391198652342789e+00 1.081391198652342789e+00 1.081391198652342789e+00
1.081454492719190918e+00 1.081454492719190918e+00 1.081454492719190918e+00 1.081454492719190918e+00 1.081454492719190918e+00 1.081454492719190918e+00 1.081454492719190918e+00 1.081454492719190918e+00 1.081454492719190918e+00 1.081454492719190918e+00 1.081454492719190918e+00 1.081454492719190918e+00 1.081454492719190918e+00 1.081454492719190918e+00 1.081454492719190918e+00 1.081454492719190918e+00 1.081454492719190918e+00 1.081454492719190918e+00 1.081454492719190918e+00 1.081454492719190918e+00 1.081454492719190918e+00 1.081454492719190918e+00 1.081454492719190918e+00 1.081454492719190918e+00
1.081396989222534577e+00 1.081396989222534577e+00 1.081396989222534577e+00 1.081396989222534577e+00 1.081396989222534577e+00 1.081396989222534577e+00 1.081396989222534577e+00 1.081396989222534577e+00 1.081396989222534577e+00 1.081396989222534577e+00 1.081396989222534577e+00 1.081396989222534577e+00 1.081396989222534577e+00 1.081396989222534577e+00 1.081396989222534577e+00 1.081396989222534577e+00 1.081396989222534577e+00 1.081396989222534577e+00 1.081396989222534577e+00 1.081396989222534577e+00 1.081396989222534577e+00 1.081396989222534577e+00 1.081396989222534577e+00 1.081396989222534577e+00
1.081399134633339587e+00 1.081399134633339587e+00 1.081399134633339587e+00 1.081399134633339587e+00 1.081399134633339587e+00 1.081399134633339587e+00 1.081399134633339587e+00 1.081399134633339587e+00 1.081399134633339587e+00 1.081399134633339587e+00 1.081399134633339587e+00 1.081399134633339587e+00 1.081399134633339587e+00 1.081399134633339587e+00 1.081399134633339587e+00 1.081399134633339587e+00 1.081399134633339587e+00 1.081399134633339587e+00 1.081399134633339587e+00 1.081399134633339587e+00 1.081399134633339587e+00 1.081399134633339587e+00 1.081399134633339587e+00 1.081399134633339587e+00
1.081402775355567281e+00 1.081402775355567281e+00 1.081402775355567281e+00 1.081402775355567281e+00 1.081402775355567281e+00 1.081402775355567281e+00 1.081402775355567281e+00 1.081402775355567281e+00 1.081402775355567281e+00 1.081402775355567281e+00 1.081402775355567281e+00 1.081402775355567281e+00 1.081402775355567281e+00 1.081402775355567281e+00 1.081402775355567281e+00 1.081402775355567281e+00 1.081402775355567281e+00 1.081402775355567281e+00 1.081402775355567281e+00 1.081402775355567281e+00 1.081402775355567281e+00 1.081402775355567281e+00 1.081402775355567281e+00 1.081402775355567281e+00
1.081380732242742448e+00 1.081380732242742448e+00 1.081380732242742448e+00 1.081380732242742448e+00 1.081380732242742448e+00 1.081380732242742448e+00 1.081380732242742448e+00 1.081380732242742448e+00 1.081380732242742448e+00 1.081380732242742448e+00 1.081380732242742448e+00 1.081380732242742448e+00 1.081380732242742448e+00 1.081380732242742448e+00 1.081380732242742448e+00 1.081380732242742448e+00 1.081380732242742448e+00 1.081380732242742448e+00 1.081380732242742448e+00 1.081380732242742448e+00 1.081380732242742448e+00 1.081380732242742448e+00 1.081380732242742448e+00 1.081380732242742448e+00
1.081413607867878657e+00 1.081413607867878657e+00 1.081413607867878657e+00 1.081413607867878657e+00 1.081413607867878657e+00 1.081413607867878657e+00 1.081413607867878657e+00 1.081413607867878657e+00 1.081413607867878657e+00 1.081413607867878657e+00 1.081413607867878657e+00 1.081413607867878657e+00 1.081413607867878657e+00 1.081413607867878657e+00 1.081413607867878657e+00 1.081413607867878657e+00 1.081413607867878657e+00 1.081413607867878657e+00 1.081413607867878657e+00 1.081413607867878657e+00 1.081413607867878657e+00 1.081413607867878657e+00 1.081413607867878657e+00 1.081413607867878657e+00
1.081340317841348986e+00 1.081340317841348986e+00 1.081340317841348986e+00 1.081340317841348986e+00 1.081340317841348986e+00 1.081340317841348986e+00 1.081340317841348986e+00 1.081340317841348986e+00 1.081340317841348986e+00 1.081340317841348986e+00 1.081340317841348986e+00 1.081340317841348986e+00 1.081340317841348986e+00 1.081340317841348986e+00 1.081340317841348986e+00 1.081340317841348986e+00 1.081340317841348986e+00 1.081340317841348986e+00 1.081340317841348986e+00 1.081340317841348986e+00 1.081340317841348986e+00 1.081340317841348986e+00 1.081340317841348986e+00 1.081340317841348986e+00
1.081501420699071847e+00 1.081501420699071847e+00 1.081501420699071847e+00 1.081501420699071847e+00 1.081501420699071847e+00 1.081501420699071847e+00 1.081501420699071847e+00 1.081501420699071847e+00 1.081501420699071847e+00 1.081501420699071847e+00 1.081501420699071847e+00 1.081501420699071847e+00 1.081501420699071847e+00 1.081501420699071847e+00 1.081501420699071847e+00 1.081501420699071847e+00 1.081501420699071847e+00 1.081501420699071847e+00 1.081501420699071847e+00 1.081501420699071847e+00 1.081501420699071847e+00 1.081501420699071847e+00 1.081501420699071847e+00 1.081501420699071847e+00
1.081484622202981027e+00 1.081484622202981027e+00 1.081484622202981027e+00 1.081484622202981027e+00 1.081484622202981027e+00 1.081484622202981027e+00 1.081484622202981027e+00 1.081484622202981027e+00 1.081484622202981027e+00 1.081484622202981027e+00 1.081484622202981027e+00 1.081484622202981027e+00 1.081484622202981027e+00 1.081484622202981027e+00 1.081484622202981027e+00 1.081484622202981027e+00 1.081484622202981027e+00 1.081484622202981027e+00 1.081484622202981027e+00 1.081484622202981027e+00 1.081484622202981027e+00 1.081484622202981027e+00 1.081484622202981027e+00 1.081484622202981027e+00
1.081513257114900206e+00 1.081513257114900206e+00 1.081513257114900206e+00 1.081513257114900206e+00 1.081513257114900206e+00 1.081513257114900206e+00 1.081513257114900206e+00 1.081513257114900206e+00 1.081513257114900206e+00 1.081513257114900206e+00 1.081513257114900206e+00 1.081513257114900206e+00 1.081513257114900206e+00 1.081513257114900206e+00 1.081513257114900206e+00 1.081513257114900206e+00 1.081513257114900206e+00 1.081513257114900206e+00 1.081513257114900206e+00 1.081513257114900206e+00 1.081513257114900206e+00 1.081513257114900206e+00 1.081513257114900206e+00 1.081513257114900206e+00
1.081400406468810527e+00 1.081400406468810527e+00 1.081400406468810527e+00 1.081400406468810527e+00 1.081400406468810527e+00 1.081400406468810527e+00 1.081400406468810527e+00 1.081400406468810527e+00 1.081400406468810527e+00 1.081400406468810527e+00 1.081400406468810527e+00 1.081400406468810527e+00 1.081400406468810527e+00 1.081400406468810527e+00 1.081400406468810527e+00 1.081400406468810527e+00 1.081400406468810527e+00 1.081400406468810527e+00 1.081400406468810527e+00 1.081400406468810527e+00 1.081400406468810527e+00 1.081400406468810527e+00 1.081400406468810527e+00 1.081400406468810527e+00
1.081442098602802160e+00 1.081442098602802160e+00 1.081442098602802160e+00 1.081442098602802160e+00 1.081442098602802160e+00 1.081442098602802160e+00 1.081442098602802160e+00 1.081442098602802160e+00 1.081442098602802160e+00 1.081442098602802160e+00 1.081442098602802160e+00 1.081442098602802160e+00 1.081442098602802160e+00 1.081442098602802160e+00 1.081442098602802160e+00 1.081442098602802160e+00 1.081442098602802160e+00 1.081442098602802160e+00 1.081442098602802160e+00 1.081442098602802160e+00 1.081442098602802160e+00 1.081442098602802160e+00 1.081442098602802160e+00 1.081442098602802160e+00
1.081342831220207135e+00 1.081342831220207135e+00 1.081342831220207135e+00 1.081342831220207135e+00 1.081342831220207135e+00 1.081342831220207135e+00 1.081342831220207135e+00 1.081342831220207135e+00 1.081342831220207135e+00 1.081342831220207135e+00 1.081342831220207135e+00 1.081342831220207135e+00 1.081342831220207135e+00 1.081342831220207135e+00 1.081342831220207135e+00 1.081342831220207135e+00 1.081342831220207135e+00 1.081342831220207135e+00 1.081342831220207135e+00 1.081342831220207135e+00 1.081342831220207135e+00 1.081342831220207135e+00 1.081342831220207135e+00 1.081342831220207135e+00
1.081504738768946039e+00 1.081504738768946039e+00 1.081504738768946039e+00 1.081504738768946039e+00 1.081504738768946039e+00 1.081504738768946039e+00 1.081504738768946039e+00 1.081504738768946039e+00 1.081504738768946039e+00 1.081504738768946039e+00 1.081504738768946039e+00 1.081504738768946039e+00 1.081504738768946039e+00 1.081504738768946039e+00 1.081504738768946039e+00 1.081504738768946039e+00 1.081504738768946039e+00 1.081504738768946039e+00 1.081504738768946039e+00 1.081504738768946039e+00 1.081504738768946039e+00 1.081504738768946039e+00 1.081504738768946039e+00 1.081504738768946039e+00
1.081447499448122018e+00 1.081447499448122018e+00 1.081447499448122018e+00 1.081447499448122018e+00 1.081447499448122018e+00 1.081447499448122018e+00 1.081447499448122018e+00 1.081447499448122018e+00 1.081447499448122018e+00 1.081447499448122018e+00 1.081447499448122018e+00 1.081447499448122018e+00 1.081447499448122018e+00 1.081447499448122018e+00 1.081447499448122018e+00 1.081447499448122018e+00 1.081447499448122018e+00 1.081447499448122018e+00 1.081447499448122018e+00 1.081447499448122018e+00 1.081447499448122018e+00 1.081447499448122018e+00 1.081447499448122018e+00 1.081447499448122018e+00
1.081445740854336757e+00 1.081445740854336757e+00 1.081445740854336757e+00 1.081445740854336757e+00 1.081445740854336757e+00 1.081445740854336757e+00 1.081445740854336757e+00 1.081445740854336757e+00 1.081445740854336757e+00 1.081445740854336757e+00 1.081445740854336757e+00 1.081445740854336757e+00 1.081445740854336757e+00 1.081445740854336757e+00 1.081445740854336757e+00 1.081445740854336757e+00 1.081445740854336757e+00 1.081445740854336757e+00 1.081445740854336757e+00 1.081445740854336757e+00 1.081445740854336757e+00 1.081445740854336757e+00 1.081445740854336757e+00 1.081445740854336757e+00
1.081495956280682513e+00 1.081495956280682513e+00 1.081495956280682513e+00 1.081495956280682513e+00 1.081495956280682513e+00 1.081495956280682513e+00 1.081495956280682513e+00 1.081495956280682513e+00 1.081495956280682513e+00 1.081495956280682513e+00 1.081495956280682513e+00 1.081495956280682513e+00 1.081495956280682513e+00 1.081495956280682513e+00 1.081495956280682513e+00 1.081495956280682513e+00 1.081495956280682513e+00 1.081495956280682513e+00 1.081495956280682513e+00 1.081495956280682513e+00 1.081495956280682513e+00 1.081495956280682513e+00 1.081495956280682513e+00 1.081495956280682513e+00
1.081444464265807426e+00 1.081444464265807426e+00 1.081444464265807426e+00 1.081444464265807426e+00 1.081444464265807426e+00 1.081444464265807426e+00 1.081444464265807426e+00 1.081444464265807426e+00 1.081444464265807426e+00 1.081444464265807426e+00 1.081444464265807426e+00 1.081444464265807426e+00 1.081444464265807426e+00 1.081444464265807426e+00 1.081444464265807426e+00 1.081444464265807426e+00 1.081444464265807426e+00 1.081444464265807426e+00 1.081444464265807426e+00 1.081444464265807426e+00 1.081444464265807426e+00 1.081444464265807426e+00 1.081444464265807426e+00 1.081444464265807426e+00
1.081400970159467345e+00 1.081400970159467345e+00 1.081400970159467345e+00 1.081400970159467345e+00 1.081400970159467345e+00 1.081400970159467345e+00 1.081400970159467345e+00 1.081400970159467345e+00 1.081400970159467345e+00 1.081400970159467345e+00 1.081400970159467345e+00 1.081400970159467345e+00 1.081400970159467345e+00 1.081400970159467345e+00 1.081400970159467345e+00 1.081400970159467345e+00 1.081400970159467345e+00 1.081400970159467345e+00 1.081400970159467345e+00 1.081400970159467345e+00 1.081400970159467345e+00 1.081400970159467345e+00 1.081400970159467345e+00 1.081400970159467345e+00
1.081428604233043655e+00 1.081428604233043655e+00 1.081428604233043655e+00 1.081428604233043655e+00 1.081428604233043655e+00 1.081428604233043655e+00 1.081428604233043655e+00 1.081428604233043655e+00 1.081428604233043655e+00 1.081428604233043655e+00 1.081428604233043655e+00 1.081428604233043655e+00 1.081428604233043655e+00 1.081428604233043655e+00 1.081428604233043655e+00 1.081428604233043655e+00 1.081428604233043655e+00 1.081428604233043655e+00 1.081428604233043655e+00 1.081428604233043655e+00 1.081428604233043655e+00 1.081428604233043655e+00 1.081428604233043655e+00 1.081428604233043655e+00
1.081451874830360760e+00 1.081451874830360760e+00 1.081451874830360760e+00 1.081451874830360760e+00 1.081451874830360760e+00 1.081451874830360760e+00 1.081451874830360760e+00 1.081451874830360760e+00 1.081451874830360760e+00 1.081451874830360760e+00 1.081451874830360760e+00 1.081451874830360760e+00 1.081451874830360760e+00 1.081451874830360760e+00 1.081451874830360760e+00 1.081451874830360760e+00 1.081451874830360760e+00 1.081451874830360760e+00 1.081451874830360760e+00 1.081451874830360760e+00 1.081451874830360760e+00 1.081451874830360760e+00 1.081451874830360760e+00 1.081451874830360760e+00
1.081448681572371617e+00 1.081448681572371617e+00 1.081448681572371617e+00 1.081448681572371617e+00 1.081448681572371617e+00 1.081448681572371617e+00 1.081448681572371617e+00 1.081448681572371617e+00 1.081448681572371617e+00 1.081448681572371617e+00 1.081448681572371617e+00 1.081448681572371617e+00 1.081448681572371617e+00 1.081448681572371617e+00 1.081448681572371617e+00 1.081448681572371617e+00 1.081448681572371617e+00 1.081448681572371617e+00 1.081448681572371617e+00 1.081448681572371617e+00 1.081448681572371617e+00 1.081448681572371617e+00 1.081448681572371617e+00 1.081448681572371617e+00
1.081404722487692593e+00 1.081404722487692593e+00 1.081404722487692593e+00 1.081404722487692593e+00 1.081404722487692593e+00 1.081404722487692593e+00 1.081404722487692593e+00 1.081404722487692593e+00 1.081404722487692593e+00 1.081404722487692593e+00 1.081404722487692593e+00 1.081404722487692593e+00 1.081404722487692593e+00 1.081404722487692593e+00 1.081404722487692593e+00 1.081404722487692593e+00 1.081404722487692593e+00 1.081404722487692593e+00 1.081404722487692593e+00 1.081404722487692593e+00 1.081404722487692593e+00 1.081404722487692593e+00 1.081404722487692593e+00 1.081404722487692593e+00
1.081486887958220899e+00 1.081486887958220899e+00 1.081486887958220899e+00 1.081486887958220899e+00 1.081486887958220899e+00 1.081486887958220899e+00 1.081486887958220899e+00 1.081486887958220899e+00 1.081486887958220899e+00 1.081486887958220899e+00 1.081486887958220899e+00 1.081486887958220899e+00 1.081486887958220899e+00 1.081486887958220899e+00 1.081486887958220899e+00 1.081486887958220899e+00 1.081486887958220899e+00 1.081486887958220899e+00 1.081486887958220899e+00 1.081486887958220899e+00 1.081486887958220899e+00 1.081486887958220899e+00 1.081486887958220899e+00 1.081486887958220899e+00
1.081399198130399197e+00 1.081399198130399197e+00 1.081399198130399197e+00 1.081399198130399197e+00 1.081399198130399197e+00 1.081399198130399197e+00 1.081399198130399197e+00 1.081399198130399197e+00 1.081399198130399197e+00 1.081399198130399197e+00 1.081399198130399197e+00 1.081399198130399197e+00 1.081399198130399197e+00 1.081399198130399197e+00 1.081399198130399197e+00 1.081399198130399197e+00 1.081399198130399197e+00 1.081399198130399197e+00 1.081399198130399197e+00 1.081399198130399197e+00 1.081399198130399197e+00 1.081399198130399197e+00 1.081399198130399197e+00 1.081399198130399197e+00
1.081537270010138663e+00 1.081537270010138663e+00 1.081537270010138663e+00 1.081537270010138663e+00 1.081537270010138663e+00 1.081537270010138663e+00 1.081537270010138663e+00 1.081537270010138663e+00 1.081537270010138663e+00 1.081537270010138663e+00 1.081537270010138663e+00 1.081537270010138663e+00 1.081537270010138663e+00 1.081537270010138663e+00 1.081537270010138663e+00 1.081537270010138663e+00 1.081537270010138663e+00 1.081537270010138663e+00 1.081537270010138663e+00 1.081537270010138663e+00 1.081537270010138663e+00 1.081537270010138663e+00 1.081537270010138663e+00 1.081537270010138663e+00
1.081441034107996968e+00 1.081441034107996968e+00 1.081441034107996968e+00 1.081441034107996968e+00 1.081441034107996968e+00 1.081441034107996968e+00 1.081441034107996968e+00 1.081441034107996968e+00 1.081441034107996968e+00 1.081441034107996968e+00 1.081441034107996968e+00 1.081441034107996968e+00 1.081441034107996968e+00 1.081441034107996968e+00 1.081441034107996968e+00 1.081441034107996968e+00 1.081441034107996968e+00 1.081441034107996968e+00 1.081441034107996968e+00 1.081441034107996968e+00 1.081441034107996968e+00 1.081441034107996968e+00 1.081441034107996968e+00 1.081441034107996968e+00
1.081521946528275491e+00 1.081521946528275491e+00 1.081521946528275491e+00 1.081521946528275491e+00 1.081521946528275491e+00 1.081521946528275491e+00 1.081521946528275491e+00 1.081521946528275491e+00 1.081521946528275491e+00 1.081521946528275491e+00 1.081521946528275491e+00 1.081521946528275491e+00 1.081521946528275491e+00 1.081521946528275491e+00 1.081521946528275491e+00 1.081521946528275491e+00 1.081521946528275491e+00 1.081521946528275491e+00 1.081521946528275491e+00 1.081521946528275491e+00 1.081521946528275491e+00 1.081521946528275491e+00 1.081521946528275491e+00 1.081521946528275491e+00
1.081416368847974097e+00 1.081416368847974097e+00 1.081416368847974097e+00 1.081416368847974097e+00 1.081416368847974097e+00 1.081416368847974097e+00 1.081416368847974097e+00 1.081416368847974097e+00 1.081416368847974097e+00 1.081416368847974097e+00 1.081416368847974097e+00 1.081416368847974097e+00 1.081416368847974097e+00 1.081416368847974097e+00 1.081416368847974097e+00 1.081416368847974097e+00 1.081416368847974097e+00 1.081416368847974097e+00 1.081416368847974097e+00 1.081416368847974097e+00 1.081416368847974097e+00 1.081416368847974097e+00 1.081416368847974097e+00 1.081416368847974097e+00
1.081528312654848056e+00 1.081528312654848056e+00 1.081528312654848056e+00 1.081528312654848056e+00 1.081528312654848056e+00 1.081528312654848056e+00 1.081528312654848056e+00 1.081528312654848056e+00 1.081528312654848056e+00 1.081528312654848056e+00 1.081528312654848056e+00 1.081528312654848056e+00 1.081528312654848056e+00 1.081528312654848056e+00 1.081528312654848056e+00 1.081528312654848056e+00 1.081528312654848056e+00 1.081528312654848056e+00 1.081528312654848056e+00 1.081528312654848056e+00 1.081528312654848056e+00 1.081528312654848056e+00 1.081528312654848056e+00 1.081528312654848056e+00
1.081550758663930578e+00 1.081550758663930578e+00 1.081550758663930578e+00 1.081550758663930578e+00 1.081550758663930578e+00 1.081550758663930578e+00 1.081550758663930578e+00 1.081550758663930578e+00 1.081550758663930578e+00 1.081550758663930578e+00 1.081550758663930578e+00 1.081550758663930578e+00 1.081550758663930578e+00 1.081550758663930578e+00 1.081550758663930578e+00 1.081550758663930578e+00 1.081550758663930578e+00 1.081550758663930578e+00 1.081550758663930578e+00 1.081550758663930578e+00 1.081550758663930578e+00 1.081550758663930578e+00 1.081550758663930578e+00 1.081550758663930578e+00
1.081409596116252203e+00 1.081409596116252203e+00 1.081409596116252203e+00 1.081409596116252203e+00 1.081409596116252203e+00 1.081409596116252203e+00 1.081409596116252203e+00 1.081409596116252203e+00 1.081409596116252203e+00 1.081409596116252203e+00 1.081409596116252203e+00 1.081409596116252203e+00 1.081409596116252203e+00 1.081409596116252203e+00 1.081409596116252203e+00 1.081409596116252203e+00 1.081409596116252203e+00 1.081409596116252203e+00 1.081409596116252203e+00 1.081409596116252203e+00 1.081409596116252203e+00 1.081409596116252203e+00 1.081409596116252203e+00 1.081409596116252203e+00
1.081551436871138749e+00 1.081551436871138749e+00 1.081551436871138749e+00 1.081551436871138749e+00 1.081551436871138749e+00 1.081551436871138749e+00 1.081551436871138749e+00 1.081551436871138749e+00 1.081551436871138749e+00 1.081551436871138749e+00 1.081551436871138749e+00 1.081551436871138749e+00 1.081551436871138749e+00 1.081551436871138749e+00 1.081551436871138749e+00 1.081551436871138749e+00 1.081551436871138749e+00 1.081551436871138749e+00 1.081551436871138749e+00 1.081551436871138749e+00 1.081551436871138749e+00 1.081551436871138749e+00 1.081551436871138749e+00 1.081551436871138749e+00
1.081422647877671173e+00 1.081422647877671173e+00 1.081422647877671173e+00 1.081422647877671173e+00 1.081422647877671173e+00 1.081422647877671173e+00 1.081422647877671173e+00 1.081422647877671173e+00 1.081422647877671173e+00 1.081422647877671173e+00 1.081422647877671173e+00 1.081422647877671173e+00 1.081422647877671173e+00 1.081422647877671173e+00 1.081422647877671173e+00 1.081422647877671173e+00 1.081422647877671173e+00 1.081422647877671173e+00 1.081422647877671173e+00 1.081422647877671173e+00 1.081422647877671173e+00 1.081422647877671173e+00 1.081422647877671173e+00 1.081422647877671173e+00
1.081497843752959431e+00 1.081497843752959431e+00 1.081497843752959431e+00 1.081497843752959431e+00 1.081497843752959431e+00 1.081497843752959431e+00 1.081497843752959431e+00 1.081497843752959431e+00 1.081497843752959431e+00 1.081497843752959431e+00 1.081497843752959431e+00 1.081497843752959431e+00 1.081497843752959431e+00 1.081497843752959431e+00 1.081497843752959431e+00 1.081497843752959431e+00 1.081497843752959431e+00 1.081497843752959431e+00 1.081497843752959431e+00 1.081497843752959431e+00 1.081497843752959431e+00 1.081497843752959431e+00 1.081497843752959431e+00 1.081497843752959431e+00
1.081412798153598587e+00 1.081412798153598587e+00 1.081412798153598587e+00 1.081412798153598587e+00 1.081412798153598587e+00 1.081412798153598587e+00 1.081412798153598587e+00 1.081412798153598587e+00 1.081412798153598587e+00 1.081412798153598587e+00 1.081412798153598587e+00 1.081412798153598587e+00 1.081412798153598587e+00 1.081412798153598587e+00 1.081412798153598587e+00 1.081412798153598587e+00 1.081412798153598587e+00 1.081412798153598587e+00 1.081412798153598587e+00 1.081412798153598587e+00 1.081412798153598587e+00 1.081412798153598587e+00 1.081412798153598587e+00 1.081412798153598587e+00
1.081404959066100568e+00 1.081404959066100568e+00 1.081404959066100568e+00 1.081404959066100568e+00 1.081404959066100568e+00 1.081404959066100568e+00 1.081404959066100568e+00 1.081404959066100568e+00 1.081404959066100568e+00 1.081404959066100568e+00 1.081404959066100568e+00 1.081404959066100568e+00 1.081404959066100568e+00 1.081404959066100568e+00 1.081404959066100568e+00 1.081404959066100568e+00 1.081404959066100568e+00 1.081404959066100568e+00 1.081404959066100568e+00 1.081404959066100568e+00 1.081404959066100568e+00 1.081404959066100568e+00 1.081404959066100568e+00 1.081404959066100568e+00
1.081570329976751399e+00 1.081570329976751399e+00 1.081570329976751399e+00 1.081570329976751399e+00 1.081570329976751399e+00 1.081570329976751399e+00 1.081570329976751399e+00 1.081570329976751399e+00 1.081570329976751399e+00 1.081570329976751399e+00 1.081570329976751399e+00 1.081570329976751399e+00 1.081570329976751399e+00 1.081570329976751399e+00 1.081570329976751399e+00 1.081570329976751399e+00 1.081570329976751399e+00 1.081570329976751399e+00 1.081570329976751399e+00 1.081570329976751399e+00 1.081570329976751399e+00 1.081570329976751399e+00 1.081570329976751399e+00 1.081570329976751399e+00
1.081411132248236928e+00 1.081411132248236928e+00 1.081411132248236928e+00 1.081411132248236928e+00 1.081411132248236928e+00 1.081411132248236928e+00 1.081411132248236928e+00 1.081411132248236928e+00 1.081411132248236928e+00 1.081411132248236928e+00 1.081411132248236928e+00 1.081411132248236928e+00 1.081411132248236928e+00 1.081411132248236928e+00 1.081411132248236928e+00 1.081411132248236928e+00 1.081411132248236928e+00 1.081411132248236928e+00 1.081411132248236928e+00 1.081411132248236928e+00 1.081411132248236928e+00 1.081411132248236928e+00 1.081411132248236928e+00 1.081411132248236928e+00
1.081360965887185221e+00 1.081360965887185221e+00 1.081360965887185221e+00 1.081360965887185221e+00 1.081360965887185221e+00 1.081360965887185221e+00 1.081360965887185221e+00 1.081360965887185221e+00 1.081360965887185221e+00 1.081360965887185221e+00 1.081360965887185221e+00 1.081360965887185221e+00 1.081360965887185221e+00 1.081360965887185221e+00 1.081360965887185221e+00 1.081360965887185221e+00 1.081360965887185221e+00 1.081360965887185221e+00 1.081360965887185221e+00 1.081360965887185221e+00 1.081360965887185221e+00 1.081360965887185221e+00 1.081360965887185221e+00 1.081360965887185221e+00
1.081441177128668940e+00 1.081441177128668940e+00 1.081441177128668940e+00 1.081441177128668940e+00 1.081441177128668940e+00 1.081441177128668940e+00 1.081441177128668940e+00 1.081441177128668940e+00 1.081441177128668940e+00 1.081441177128668940e+00 1.081441177128668940e+00 1.081441177128668940e+00 1.081441177128668940e+00 1.081441177128668940e+00 1.081441177128668940e+00 1.081441177128668940e+00 1.081441177128668940e+00 1.081441177128668940e+00 1.081441177128668940e+00 1.081441177128668940e+00 1.081441177128668940e+00 1.081441177128668940e+00 1.081441177128668940e+00 1.081441177128668940e+00
1.081504888917492746e+00 1.081504888917492746e+00 1.081504888917492746e+00 1.081504888917492746e+00 1.081504888917492746e+00 1.081504888917492746e+00 1.081504888917492746e+00 1.081504888917492746e+00 1.081504888917492746e+00 1.081504888917492746e+00 1.081504888917492746e+00 1.081504888917492746e+00 1.081504888917492746e+00 1.081504888917492746e+00 1.081504888917492746e+00 1.081504888917492746e+00 1.081504888917492746e+00 1.081504888917492746e+00 1.081504888917492746e+00 1.081504888917492746e+00 1.081504888917492746e+00 1.081504888917492746e+00 1.081504888917492746e+00 1.081504888917492746e+00
1.081453952326925538e+00 1.081453952326925538e+00 1.081453952326925538e+00 1.081453952326925538e+00 1.081453952326925538e+00 1.081453952326925538e+00 1.081453952326925538e+00 1.081453952326925538e+00 1.081453952326925538e+00 1.081453952326925538e+00 1.081453952326925538e+00 1.081453952326925538e+00 1.081453952326925538e+00 1.081453952326925538e+00 1.081453952326925538e+00 1.081453952326925538e+00 1.081453952326925538e+00 1.081453952326925538e+00 1.081453952326925538e+00 1.081453952326925538e+00 1.081453952326925538e+00 1.081453952326925538e+00 1.081453952326925538e+00 1.081453952326925538e+00
1.081325513834805019e+00 1.081325513834805019e+00 1.081325513834805019e+00 1.081325513834805019e+00 1.081325513834805019e+00 1.081325513834805019e+00 1.081325513834805019e+00 1.081325513834805019e+00 1.081325513834805019e+00 1.081325513834805019e+00 1.081325513834805019e+00 1.081325513834805019e+00 1.081325513834805019e+00 1.081325513834805019e+00 1.081325513834805019e+00 1.081325513834805019e+00 1.081325513834805019e+00 1.081325513834805019e+00 1.081325513834805019e+00 1.081325513834805019e+00 1.081325513834805019e+00 1.081325513834805019e+00 1.081325513834805019e+00 1.081325513834805019e+00
1.081467464423591096e+00 1.081467464423591096e+00 1.081467464423591096e+00 1.081467464423591096e+00 1.081467464423591096e+00 1.081467464423591096e+00 1.081467464423591096e+00 1.081467464423591096e+00 1.081467464423591096e+00 1.081467464423591096e+00 1.081467464423591096e+00 1.081467464423591096e+00 1.081467464423591096e+00 1.081467464423591096e+00 1.081467464423591096e+00 1.081467464423591096e+00 1.081467464423591096e+00 1.081467464423591096e+00 1.081467464423591096e+00 1.081467464423591096e+00 1.081467464423591096e+00 1.081467464423591096e+00 1.081467464423591096e+00 1.081467464423591096e+00
1.081432700308649020e+00 1.081432700308649020e+00 1.081432700308649020e+00 1.081432700308649020e+00 1.081432700308649020e+00 1.081432700308649020e+00 1.081432700308649020e+00 1.081432700308649020e+00 1.081432700308649020e+00 1.081432700308649020e+00 1.081432700308649020e+00 1.081432700308649020e+00 1.081432700308649020e+00 1.081432700308649020e+00 1.081432700308649020e+00 1.081432700308649020e+00 1.081432700308649020e+00 1.081432700308649020e+00 1.081432700308649020e+00 1.081432700308649020e+00 1.081432700308649020e+00 1.081432700308649020e+00 1.081432700308649020e+00 1.081432700308649020e+00
1.081350984997705877e+00 1.081350984997705877e+00 1.081350984997705877e+00 1.081350984997705877e+00 1.081350984997705877e+00 1.081350984997705877e+00 1.081350984997705877e+00 1.081350984997705877e+00 1.081350984997705877e+00 1.081350984997705877e+00 1.081350984997705877e+00 1.081350984997705877e+00 1.081350984997705877e+00 1.081350984997705877e+00 1.081350984997705877e+00 1.081350984997705877e+00 1.081350984997705877e+00 1.081350984997705877e+00 1.081350984997705877e+00 1.081350984997705877e+00 1.081350984997705877e+00 1.081350984997705877e+00 1.081350984997705877e+00 1.081350984997705877e+00
1.081464784120240719e+00 1.081464784120240719e+00 1.081464784120240719e+00 1.081464784120240719e+00 1.081464784120240719e+00 1.081464784120240719e+00 1.081464784120240719e+00 1.081464784120240719e+00 1.081464784120240719e+00 1.081464784120240719e+00 1.081464784120240719e+00 1.081464784120240719e+00 1.081464784120240719e+00 1.081464784120240719e+00 1.081464784120240719e+00 1.081464784120240719e+00 1.081464784120240719e+00 1.081464784120240719e+00 1.081464784120240719e+00 1.081464784120240719e+00 1.081464784120240719e+00 1.081464784120240719e+00 1.081464784120240719e+00 1.081464784120240719e+00
1.081396206447182262e+00 1.081396206447182262e+00 1.081396206447182262e+00 1.081396206447182262e+00 1.081396206447182262e+00 1.081396206447182262e+00 1.081396206447182262e+00 1.081396206447182262e+00 1.081396206447182262e+00 1.081396206447182262e+00 1.081396206447182262e+00 1.081396206447182262e+00 1.081396206447182262e+00 1.081396206447182262e+00 1.081396206447182262e+00 1.081396206447182262e+00 1.081396206447182262e+00 1.081396206447182262e+00 1.081396206447182262e+00 1.081396206447182262e+00 1.081396206447182262e+00 1.081396206447182262e+00 1.081396206447182262e+00 1.081396206447182262e+00
1.081609407453937743e+00 1.081609407453937743e+00 1.081609407453937743e+00 1.081609407453937743e+00 1.081609407453937743e+00 1.081609407453937743e+00 1.081609407453937743e+00 1.081609407453937743e+00 1.081609407453937743e+00 1.081609407453937743e+00 1.081609407453937743e+00 1.081609407453937743e+00 1.081609407453937743e+00 1.081609407453937743e+00 1.081609407453937743e+00 1.081609407453937743e+00 1.081609407453937743e+00 1.081609407453937743e+00 1.081609407453937743e+00 1.081609407453937743e+00 1.081609407453937743e+00 1.081609407453937743e+00 1.081609407453937743e+00 1.081609407453937743e+00
1.081482151545006154e+00 1.081482151545006154e+00 1.081482151545006154e+00 1.081482151545006154e+00 1.081482151545006154e+00 1.081482151545006154e+00 1.081482151545006154e+00 1.081482151545006154e+00 1.081482151545006154e+00 1.081482151545006154e+00 1.081482151545006154e+00 1.081482151545006154e+00 1.081482151545006154e+00 1.081482151545006154e+00 1.081482151545006154e+00 1.081482151545006154e+00 1.081482151545006154e+00 1.081482151545006154e+00 1.081482151545006154e+00 1.081482151545006154e+00 1.081482151545006154e+00 1.081482151545006154e+00 1.081482151545006154e+00 1.081482151545006154e+00
1.081520597472635403e+00 1.081520597472635403e+00 1.081520597472635403e+00 1.081520597472635403e+00 1.081520597472635403e+00 1.081520597472635403e+00 1.081520597472635403e+00 1.081520597472635403e+00 1.081520597472635403e+00 1.081520597472635403e+00 1.081520597472635403e+00 1.081520597472635403e+00 1.081520597472635403e+00 1.081520597472635403e+00 1.081520597472635403e+00 1.081520597472635403e+00 1.081520597472635403e+00 1.081520597472635403e+00 1.081520597472635403e+00 1.081520597472635403e+00 1.081520597472635403e+00 1.081520597472635403e+00 1.081520597472635403e+00 1.081520597472635403e+00
1.081415952707614148e+00 1.081415952707614148e+00 1.081415952707614148e+00 1.081415952707614148e+00 1.081415952707614148e+00 1.081415952707614148e+00 1.081415952707614148e+00 1.081415952707614148e+00 1.081415952707614148e+00 1.081415952707614148e+00 1.081415952707614148e+00 1.081415952707614148e+00 1.081415952707614148e+00 1.081415952707614148e+00 1.081415952707614148e+00 1.081415952707614148e+00 1.081415952707614148e+00 1.081415952707614148e+00 1.081415952707614148e+00 1.081415952707614148e+00 1.081415952707614148e+00 1.081415952707614148e+00 1.081415952707614148e+00 1.081415952707614148e+00
1.081447072497772721e+00 1.081447072497772721e+00 1.081447072497772721e+00 1.081447072497772721e+00 1.081447072497772721e+00 1.081447072497772721e+00 1.081447072497772721e+00 1.081447072497772721e+00 1.081447072497772721e+00 1.081447072497772721e+00 1.081447072497772721e+00 1.081447072497772721e+00 1.081447072497772721e+00 1.081447072497772721e+00 1.081447072497772721e+00 1.081447072497772721e+00 1.081447072497772721e+00 1.081447072497772721e+00 1.081447072497772721e+00 1.081447072497772721e+00 1.081447072497772721e+00 1.081447072497772721e+00 1.081447072497772721e+00 1.081447072497772721e+00
1.081493526246262382e+00 1.081493526246262382e+00 1.081493526246262382e+00 1.081493526246262382e+00 1.081493526246262382e+00 1.081493526246262382e+00 1.081493526246262382e+00 1.081493526246262382e+00 1.081493526246262382e+00 1.081493526246262382e+00 1.081493526246262382e+00 1.081493526246262382e+00 1.081493526246262382e+00 1.081493526246262382e+00 1.081493526246262382e+00 1.081493526246262382e+00 1.081493526246262382e+00 1.081493526246262382e+00 1.081493526246262382e+00 1.081493526246262382e+00 1.081493526246262382e+00 1.081493526246262382e+00 1.081493526246262382e+00 1.081493526246262382e+00
1.081418981957347425e+00 1.081418981957347425e+00 1.081418981957347425e+00 1.081418981957347425e+00 1.081418981957347425e+00 1.081418981957347425e+00 1.081418981957347425e+00 1.081418981957347425e+00 1.081418981957347425e+00 1.081418981957347425e+00 1.081418981957347425e+00 1.081418981957347425e+00 1.081418981957347425e+00 1.081418981957347425e+00 1.081418981957347425e+00 1.081418981957347425e+00 1.081418981957347425e+00 1.081418981957347425e+00 1.081418981957347425e+00 1.081418981957347425e+00 1.081418981957347425e+00 1.081418981957347425e+00 1.081418981957347425e+00 1.081418981957347425e+00
1.081605004620511457e+00 1.081605004620511457e+00 1.081605004620511457e+00 1.081605004620511457e+00 1.081605004620511457e+00 1.081605004620511457e+00 1.081605004620511457e+00 1.081605004620511457e+00 1.081605004620511457e+00 1.081605004620511457e+00 1.081605004620511457e+00 1.081605004620511457e+00 1.081605004620511457e+00 1.081605004620511457e+00 1.081605004620511457e+00 1.081605004620511457e+00 1.081605004620511457e+00 1.081605004620511457e+00 1.081605004620511457e+00 1.081605004620511457e+00 1.081605004620511457e+00 1.081605004620511457e+00 1.081605004620511457e+00 1.081605004620511457e+00
1.081551712954292421e+00 1.081551712954292421e+00 1.081551712954292421e+00 1.081551712954292421e+00 1.081551712954292421e+00 1.081551712954292421e+00 1.081551712954292421e+00 1.081551712954292421e+00 1.081551712954292421e+00 1.081551712954292421e+00 1.081551712954292421e+00 1.081551712954292421e+00 1.081551712954292421e+00 1.081551712954292421e+00 1.081551712954292421e+00 1.081551712954292421e+00 1.081551712954292421e+00 1.081551712954292421e+00 1.081551712954292421e+00 1.081551712954292421e+00 1.081551712954292421e+00 1.081551712954292421e+00 1.081551712954292421e+00 1.081551712954292421e+00
1.081517459707783901e+00 1.081517459707783901e+00 1.081517459707783901e+00 1.081517459707783901e+00 1.081517459707783901e+00 1.081517459707783901e+00 1.081517459707783901e+00 1.081517459707783901e+00 1.081517459707783901e+00 1.081517459707783901e+00 1.081517459707783901e+00 1.081517459707783901e+00 1.081517459707783901e+00 1.081517459707783901e+00 1.081517459707783901e+00 1.081517459707783901e+00 1.081517459707783901e+00 1.081517459707783901e+00 1.081517459707783901e+00 1.081517459707783901e+00 1.081517459707783901e+00 1.081517459707783901e+00 1.081517459707783901e+00 1.081517459707783901e+00
1.081538701262482638e+00 1.081538701262482638e+00 1.081538701262482638e+00 1.081538701262482638e+00 1.081538701262482638e+00 1.081538701262482638e+00 1.081538701262482638e+00 1.081538701262482638e+00 1.081538701262482638e+00 1.081538701262482638e+00 1.081538701262482638e+00 1.081538701262482638e+00 1.081538701262482638e+00 1.081538701262482638e+00 1.081538701262482638e+00 1.081538701262482638e+00 1.081538701262482638e+00 1.081538701262482638e+00 1.081538701262482638e+00 1.081538701262482638e+00 1.081538701262482638e+00 1.081538701262482638e+00 1.081538701262482638e+00 1.081538701262482638e+00
1.081452552868863437e+00 1.081452552868863437e+00 1.081452552868863437e+00 1.081452552868863437e+00 1.081452552868863437e+00 1.081452552868863437e+00 1.081452552868863437e+00 1.081452552868863437e+00 1.081452552868863437e+00 1.081452552868863437e+00 1.081452552868863437e+00 1.081452552868863437e+00 1.081452552868863437e+00 1.081452552868863437e+00 1.081452552868863437e+00 1.081452552868863437e+00 1.081452552868863437e+00 1.081452552868863437e+00 1.081452552868863437e+00 1.081452552868863437e+00 1.081452552868863437e+00 1.081452552868863437e+00 1.081452552868863437e+00 1.081452552868863437e+00
1.081468080778124063e+00 1.081468080778124063e+00 1.081468080778124063e+00 1.081468080778124063e+00 1.081468080778124063e+00 1.081468080778124063e+00 1.081468080778124063e+00 1.081468080778124063e+00 1.081468080778124063e+00 1.081468080778124063e+00 1.081468080778124063e+00 1.081468080778124063e+00 1.081468080778124063e+00 1.081468080778124063e+00 1.081468080778124063e+00 1.081468080778124063e+00 1.081468080778124063e+00 1.081468080778124063e+00 1.081468080778124063e+00 1.081468080778124063e+00 1.081468080778124063e+00 1.081468080778124063e+00 1.081468080778124063e+00 1.081468080778124063e+00
1.081465328155446937e+00 1.081465328155446937e+00 1.081465328155446937e+00 1.081465328155446937e+00 1.081465328155446937e+00 1.081465328155446937e+00 1.081465328155446937e+00 1.081465328155446937e+00 1.081465328155446937e+00 1.081465328155446937e+00 1.081465328155446937e+00 1.081465328155446937e+00 1.081465328155446937e+00 1.081465328155446937e+00 1.081465328155446937e+00 1.081465328155446937e+00 1.081465328155446937e+00 1.081465328155446937e+00 1.081465328155446937e+00 1.081465328155446937e+00 1.081465328155446937e+00 1.081465328155446937e+00 1.081465328155446937e+00 1.081465328155446937e+00
1.081449513577862120e+00 1.081449513577862120e+00 1.081449513577862120e+00 1.081449513577862120e+00 1.081449513577862120e+00 1.081449513577862120e+00 1.081449513577862120e+00 1.081449513577862120e+00 1.081449513577862120e+00 1.081449513577862120e+00 1.081449513577862120e+00 1.081449513577862120e+00 1.081449513577862120e+00 1.081449513577862120e+00 1.081449513577862120e+00 1.081449513577862120e+00 1.081449513577862120e+00 1.081449513577862120e+00 1.081449513577862120e+00 1.081449513577862120e+00 1.081449513577862120e+00 1.081449513577862120e+00 1.081449513577862120e+00 1.081449513577862120e+00
1.081571169525433085e+00 1.081571169525433085e+00 1.081571169525433085e+00 1.081571169525433085e+00 1.081571169525433085e+00 1.081571169525433085e+00 1.081571169525433085e+00 1.081571169525433085e+00 1.081571169525433085e+00 1.081571169525433085e+00 1.081571169525433085e+00 1.081571169525433085e+00 1.081571169525433085e+00 1.081571169525433085e+00 1.081571169525433085e+00 1.081571169525433085e+00 1.081571169525433085e+00 1.081571169525433085e+00 1.081571169525433085e+00 1.081571169525433085e+00 1.081571169525433085e+00 1.081571169525433085e+00 1.081571169525433085e+00 1.081571169525433085e+00
1.081555729788313602e+00 1.081555729788313602e+00 1.081555729788313602e+00 1.081555729788313602e+00 1.081555729788313602e+00 1.081555729788313602e+00 1.081555729788313602e+00 1.081555729788313602e+00 1.081555729788313602e+00 1.081555729788313602e+00 1.081555729788313602e+00 1.081555729788313602e+00 1.081555729788313602e+00 1.081555729788313602e+00 1.081555729788313602e+00 1.081555729788313602e+00 1.081555729788313602e+00 1.081555729788313602e+00 1.081555729788313602e+00 1.081555729788313602e+00 1.081555729788313602e+00 1.081555729788313602e+00 1.081555729788313602e+00 1.081555729788313602e+00
1.081427776384850548e+00 1.081427776384850548e+00 1.081427776384850548e+00 1.081427776384850548e+00 1.081427776384850548e+00 1.081427776384850548e+00 1.081427776384850548e+00 1.081427776384850548e+00 1.081427776384850548e+00 1.081427776384850548e+00 1.081427776384850548e+00 1.081427776384850548e+00 1.081427776384850548e+00 1.081427776384850548e+00 1.081427776384850548e+00 1.081427776384850548e+00 1.081427776384850548e+00 1.081427776384850548e+00 1.081427776384850548e+00 1.081427776384850548e+00 1.081427776384850548e+00 1.081427776384850548e+00 1.081427776384850548e+00 1.081427776384850548e+00
1.081454167002220634e+00 1.081454167002220634e+00 1.081454167002220634e+00 1.081454167002220634e+00 1.081454167002220634e+00 1.081454167002220634e+00 1.081454167002220634e+00 1.081454167002220634e+00 1.081454167002220634e+00 1.081454167002220634e+00 1.081454167002220634e+00 1.081454167002220634e+00 1.081454167002220634e+00 1.081454167002220634e+00 1.081454167002220634e+00 1.081454167002220634e+00 1.081454167002220634e+00 1.081454167002220634e+00 1.081454167002220634e+00 1.081454167002220634e+00 1.081454167002220634e+00 1.081454167002220634e+00 1.081454167002220634e+00 1.081454167002220634e+00
