-2.270975685119628906e+01 7.286180114746093750e+01
-6.585236549377441406e+00 4.664156723022460938e+01
-1.803943252563476562e+01 3.415246200561523438e+01
-1.246056747436523438e+01 2.517856597900390625e+01
1.126487922668457031e+01 1.946859169006347656e+01
-1.593895721435546875e+01 1.488103103637695312e+01
-7.865979671478271484e+00 1.146260833740234375e+01
-2.171287536621093750e+00 8.652069091796875000e+00
5.292901992797851562e+00 6.544797897338867188e+00
-2.212958574295043945e+00 4.895771026611328125e+00
-7.179655134677886963e-02 3.705893278121948242e+00
-2.487013578414916992e+00 2.774091958999633789e+00
-3.971941471099853516e+00 2.049272060394287109e+00
-6.195816993713378906e-01 1.502313137054443359e+00
1.529507517814636230e+00 1.099921464920043945e+00
9.794964194297790527e-01 8.044295907020568848e-01
-3.549992740154266357e-01 5.859209299087524414e-01
-6.116778776049613953e-02 4.270979166030883789e-01
-2.344341762363910675e-02 3.116331994533538818e-01
-2.946004867553710938e-01 2.276806980371475220e-01
-1.339221447706222534e-01 1.663430482149124146e-01
-4.714525490999221802e-02 1.218390166759490967e-01
-4.788447916507720947e-02 8.937157690525054932e-02
9.318021684885025024e-02 6.607802212238311768e-02
