4.815896224975585938e+01 1.183361511230468750e+02 8.711170959472656250e+01 1.084033966064453125e+02 6.118078994750976562e+01 6.362301254272460938e+01 7.250756072998046875e+01 7.475080871582031250e+01 5.454427337646484375e+01 4.673774719238281250e+01 4.405580139160156250e+01 2.848703002929687500e+01 2.562488746643066406e+01 1.655682373046875000e+01 9.997298240661621094e+00 7.284142017364501953e+00 4.276166915893554688e+00 3.182368040084838867e+00 1.455431222915649414e+00 1.152222514152526855e+00 9.011214375495910645e-01 6.105015873908996582e-01 4.785504043102264404e-01 3.959615826606750488e-01
4.919621658325195312e+01 1.255097503662109375e+02 8.786743164062500000e+01 1.103568572998046875e+02 5.857965469360351562e+01 6.433152770996093750e+01 7.294859313964843750e+01 7.434669494628906250e+01 5.473529434204101562e+01 4.572647094726562500e+01 4.382942581176757812e+01 2.785244941711425781e+01 2.588395500183105469e+01 1.646246147155761719e+01 9.921531677246093750e+00 7.288709163665771484e+00 4.177029132843017578e+00 3.182805776596069336e+00 1.510522365570068359e+00 1.151203989982604980e+00 8.888677954673767090e-01 5.989496707916259766e-01 4.728491306304931641e-01 3.909506797790527344e-01
3.966982650756835938e+01 1.238256759643554688e+02 8.608669281005859375e+01 1.056797637939453125e+02 5.910258102416992188e+01 6.698181915283203125e+01 7.094063568115234375e+01 7.499114990234375000e+01 5.568153762817382812e+01 4.643157196044921875e+01 4.426022720336914062e+01 2.808102798461914062e+01 2.596538734436035156e+01 1.631827545166015625e+01 1.014735317230224609e+01 7.290594577789306641e+00 4.186461448669433594e+00 3.199461936950683594e+00 1.526138663291931152e+00 1.193650126457214355e+00 8.701187968254089355e-01 5.905114412307739258e-01 4.794805347919464111e-01 3.910025060176849365e-01
5.635665512084960938e+01 1.317373199462890625e+02 8.654835510253906250e+01 1.158024597167968750e+02 6.475741577148437500e+01 6.644197082519531250e+01 7.108655548095703125e+01 7.515492248535156250e+01 5.390095520019531250e+01 4.576904296875000000e+01 4.410240173339843750e+01 2.832644081115722656e+01 2.584871864318847656e+01 1.644547271728515625e+01 1.016570281982421875e+01 7.272498130798339844e+00 4.120582580566406250e+00 3.180113792419433594e+00 1.560899138450622559e+00 1.202883601188659668e+00 8.801060914993286133e-01 6.192912459373474121e-01 4.837402105331420898e-01 3.913353085517883301e-01
5.883811569213867188e+01 1.118766937255859375e+02 9.239819335937500000e+01 1.056139907836914062e+02 6.103725051879882812e+01 6.598854827880859375e+01 7.379975128173828125e+01 7.497672271728515625e+01 5.419477462768554688e+01 4.584817886352539062e+01 4.403766250610351562e+01 2.819449615478515625e+01 2.652051734924316406e+01 1.621251296997070312e+01 9.976447105407714844e+00 7.382537364959716797e+00 4.148028373718261719e+00 3.135933399200439453e+00 1.559175252914428711e+00 1.221558213233947754e+00 8.706160783767700195e-01 6.304843425750732422e-01 4.713860154151916504e-01 3.807618319988250732e-01
5.470833587646484375e+01 1.195252304077148438e+02 8.293005371093750000e+01 1.065233001708984375e+02 6.332440185546875000e+01 6.605612945556640625e+01 7.188300323486328125e+01 7.514107513427734375e+01 5.452770996093750000e+01 4.454293441772460938e+01 4.387897491455078125e+01 2.791142272949218750e+01 2.581048393249511719e+01 1.639264869689941406e+01 1.006038951873779297e+01 7.344048976898193359e+00 4.126032829284667969e+00 3.307690620422363281e+00 1.502377152442932129e+00 1.160330414772033691e+00 8.740850687026977539e-01 5.912603735923767090e-01 4.527562856674194336e-01 3.743512034416198730e-01
4.989104461669921875e+01 1.260082244873046875e+02 8.796911621093750000e+01 1.118453826904296875e+02 6.133787155151367188e+01 6.621136474609375000e+01 7.374058532714843750e+01 7.522741699218750000e+01 5.483160400390625000e+01 4.615838623046875000e+01 4.415313339233398438e+01 2.863370323181152344e+01 2.607514572143554688e+01 1.621245574951171875e+01 1.000446414947509766e+01 7.482731342315673828e+00 4.196946620941162109e+00 3.189399957656860352e+00 1.502208232879638672e+00 1.198207497596740723e+00 8.543213009834289551e-01 6.197104454040527344e-01 4.817392230033874512e-01 3.715228438377380371e-01
6.036462783813476562e+01 1.102041931152343750e+02 8.194142913818359375e+01 1.123173904418945312e+02 6.438026428222656250e+01 6.561399841308593750e+01 7.115006256103515625e+01 7.543735504150390625e+01 5.416013336181640625e+01 4.567179107666015625e+01 4.383886718750000000e+01 2.824253273010253906e+01 2.602748298645019531e+01 1.600850296020507812e+01 9.996628761291503906e+00 7.309170246124267578e+00 4.208817958831787109e+00 3.325120925903320312e+00 1.521119594573974609e+00 1.171844482421875000e+00 8.330900669097900391e-01 5.975900888442993164e-01 4.477809369564056396e-01 3.676315248012542725e-01
6.536402893066406250e+01 1.273227996826171875e+02 8.870853424072265625e+01 1.092669601440429688e+02 6.056071472167968750e+01 6.672318267822265625e+01 7.276956176757812500e+01 7.348404693603515625e+01 5.445246505737304688e+01 4.590795135498046875e+01 4.269375610351562500e+01 2.800876998901367188e+01 2.592480850219726562e+01 1.652942657470703125e+01 1.020013618469238281e+01 7.296154975891113281e+00 4.055914878845214844e+00 3.144402742385864258e+00 1.507311463356018066e+00 1.192512512207031250e+00 8.931391835212707520e-01 6.381201148033142090e-01 4.696483016014099121e-01 3.719705045223236084e-01
6.159647369384765625e+01 1.228241653442382812e+02 9.110509490966796875e+01 1.055778045654296875e+02 6.342938232421875000e+01 6.557573699951171875e+01 7.410682678222656250e+01 7.765370941162109375e+01 5.505856704711914062e+01 4.661920547485351562e+01 4.421985626220703125e+01 2.884658241271972656e+01 2.617206192016601562e+01 1.614256668090820312e+01 1.003053569793701172e+01 7.152704238891601562e+00 4.241617679595947266e+00 3.203087806701660156e+00 1.571531534194946289e+00 1.189904808998107910e+00 8.385123014450073242e-01 6.309728622436523438e-01 4.692909419536590576e-01 3.973675966262817383e-01
6.605263519287109375e+01 1.230219879150390625e+02 8.710299682617187500e+01 1.086693038940429688e+02 6.075596237182617188e+01 6.681228637695312500e+01 7.132129669189453125e+01 7.368827056884765625e+01 5.354515075683593750e+01 4.602551269531250000e+01 4.383819961547851562e+01 2.781781387329101562e+01 2.564814758300781250e+01 1.612320709228515625e+01 9.963713645935058594e+00 7.263803958892822266e+00 4.267624855041503906e+00 3.247959852218627930e+00 1.483296751976013184e+00 1.202488660812377930e+00 9.002487063407897949e-01 6.160469055175781250e-01 4.932911694049835205e-01 3.979063034057617188e-01
5.452022171020507812e+01 1.236470489501953125e+02 8.756407165527343750e+01 9.936502075195312500e+01 5.944472885131835938e+01 6.481610870361328125e+01 7.424848937988281250e+01 7.595320892333984375e+01 5.478358078002929688e+01 4.633224105834960938e+01 4.412653350830078125e+01 2.815774536132812500e+01 2.601519584655761719e+01 1.616480255126953125e+01 1.038147354125976562e+01 7.112203598022460938e+00 4.209027290344238281e+00 3.218208074569702148e+00 1.491935491561889648e+00 1.195835947990417480e+00 8.513571023941040039e-01 5.705891251564025879e-01 4.560455977916717529e-01 3.907600641250610352e-01
5.922994613647460938e+01 1.390788879394531250e+02 8.538220214843750000e+01 1.085421371459960938e+02 5.970265197753906250e+01 6.590882110595703125e+01 7.343883514404296875e+01 7.529067993164062500e+01 5.448814773559570312e+01 4.596672058105468750e+01 4.374719619750976562e+01 2.813626480102539062e+01 2.592716407775878906e+01 1.611604881286621094e+01 1.016411781311035156e+01 7.255506515502929688e+00 4.125695228576660156e+00 3.181321144104003906e+00 1.530066013336181641e+00 1.167970418930053711e+00 8.791907429695129395e-01 6.046293973922729492e-01 4.852051734924316406e-01 3.977342844009399414e-01
3.364886474609375000e+01 1.236903152465820312e+02 8.818692016601562500e+01 1.145405960083007812e+02 6.136732482910156250e+01 6.906672668457031250e+01 7.218523406982421875e+01 7.816291809082031250e+01 5.495917510986328125e+01 4.614947128295898438e+01 4.369770050048828125e+01 2.823247146606445312e+01 2.574314308166503906e+01 1.640141105651855469e+01 9.432207107543945312e+00 7.172227382659912109e+00 4.227265357971191406e+00 3.154224157333374023e+00 1.474041342735290527e+00 1.155761003494262695e+00 8.807869553565979004e-01 6.438433527946472168e-01 4.864118099212646484e-01 3.878433704376220703e-01
6.337739944458007812e+01 1.337118377685546875e+02 8.191492462158203125e+01 1.129605255126953125e+02 6.201352310180664062e+01 6.504424285888671875e+01 7.240213012695312500e+01 7.573611450195312500e+01 5.574977493286132812e+01 4.597246170043945312e+01 4.365496826171875000e+01 2.821316146850585938e+01 2.597404670715332031e+01 1.638286209106445312e+01 1.006101989746093750e+01 7.163675308227539062e+00 4.241207599639892578e+00 3.215276718139648438e+00 1.547276735305786133e+00 1.160669326782226562e+00 8.421353101730346680e-01 6.179616451263427734e-01 4.913320541381835938e-01 4.064100384712219238e-01
5.236628723144531250e+01 1.231726150512695312e+02 9.032308197021484375e+01 1.126729965209960938e+02 5.730861663818359375e+01 6.988994598388671875e+01 6.971038818359375000e+01 7.358427429199218750e+01 5.532778549194335938e+01 4.604515075683593750e+01 4.382080078125000000e+01 2.819761276245117188e+01 2.581876754760742188e+01 1.608049583435058594e+01 1.005087661743164062e+01 7.389006137847900391e+00 4.259486675262451172e+00 3.158920764923095703e+00 1.452972292900085449e+00 1.194955945014953613e+00 8.370453715324401855e-01 6.054930686950683594e-01 4.998331665992736816e-01 4.140043854713439941e-01
6.671719360351562500e+01 1.207397994995117188e+02 8.896553802490234375e+01 1.067373504638671875e+02 6.018387222290039062e+01 6.658687591552734375e+01 7.292081451416015625e+01 7.571291351318359375e+01 5.463474273681640625e+01 4.523932647705078125e+01 4.352267456054687500e+01 2.794978141784667969e+01 2.564940261840820312e+01 1.643599700927734375e+01 1.014993762969970703e+01 7.346910953521728516e+00 4.120895385742187500e+00 3.165285348892211914e+00 1.463576555252075195e+00 1.173938632011413574e+00 9.091113209724426270e-01 5.826622843742370605e-01 4.661674499511718750e-01 3.579833209514617920e-01
5.205607223510742188e+01 1.232214813232421875e+02 8.059293365478515625e+01 1.053274078369140625e+02 6.378335189819335938e+01 6.550306701660156250e+01 7.319142913818359375e+01 7.517868041992187500e+01 5.502675247192382812e+01 4.614739990234375000e+01 4.433631896972656250e+01 2.806567573547363281e+01 2.580882835388183594e+01 1.594710636138916016e+01 1.005484676361083984e+01 7.217648983001708984e+00 4.109452724456787109e+00 3.231643438339233398e+00 1.526321530342102051e+00 1.196960091590881348e+00 8.725376129150390625e-01 6.151988506317138672e-01 4.897888004779815674e-01 3.901406228542327881e-01
4.838213348388671875e+01 1.232923278808593750e+02 8.739604187011718750e+01 1.180778503417968750e+02 6.158890533447265625e+01 6.206142807006835938e+01 7.373302459716796875e+01 7.663013458251953125e+01 5.349098205566406250e+01 4.557424545288085938e+01 4.408273315429687500e+01 2.810175132751464844e+01 2.532412528991699219e+01 1.640102958679199219e+01 9.955410957336425781e+00 7.236764430999755859e+00 4.178946971893310547e+00 3.146037817001342773e+00 1.485265016555786133e+00 1.180855631828308105e+00 8.473343253135681152e-01 6.364666819572448730e-01 4.779029190540313721e-01 3.737393915653228760e-01
4.823359680175781250e+01 1.275620269775390625e+02 8.310482788085937500e+01 1.088388519287109375e+02 5.778861999511718750e+01 6.939933776855468750e+01 7.084734344482421875e+01 7.501271820068359375e+01 5.424559783935546875e+01 4.559381866455078125e+01 4.328638458251953125e+01 2.790986251831054688e+01 2.629313659667968750e+01 1.622926902770996094e+01 1.026926422119140625e+01 7.319835662841796875e+00 4.216652393341064453e+00 3.264698505401611328e+00 1.526229262351989746e+00 1.229491472244262695e+00 8.712619543075561523e-01 6.290442943572998047e-01 4.990544021129608154e-01 4.069965481758117676e-01
6.140631484985351562e+01 1.360805816650390625e+02 8.439598083496093750e+01 1.071367034912109375e+02 5.807273101806640625e+01 6.453298187255859375e+01 7.247785186767578125e+01 7.573931884765625000e+01 5.485958099365234375e+01 4.606882858276367188e+01 4.473987960815429688e+01 2.826664543151855469e+01 2.534315490722656250e+01 1.638671302795410156e+01 9.877864837646484375e+00 7.324349403381347656e+00 4.055957317352294922e+00 3.175494670867919922e+00 1.537860870361328125e+00 1.189673423767089844e+00 9.153858423233032227e-01 6.242198348045349121e-01 4.818530976772308350e-01 4.010857641696929932e-01
4.450306320190429688e+01 1.244930114746093750e+02 8.615426635742187500e+01 1.069982147216796875e+02 6.222999954223632812e+01 6.744034576416015625e+01 7.265018463134765625e+01 7.422463989257812500e+01 5.410439682006835938e+01 4.600094985961914062e+01 4.449353790283203125e+01 2.819536018371582031e+01 2.586538696289062500e+01 1.660522079467773438e+01 1.025371837615966797e+01 7.358567237854003906e+00 4.313384056091308594e+00 3.175116300582885742e+00 1.529335141181945801e+00 1.153885006904602051e+00 8.641071915626525879e-01 6.314729452133178711e-01 4.773422181606292725e-01 3.958567678928375244e-01
5.649364089965820312e+01 1.355257720947265625e+02 8.566699981689453125e+01 1.053825836181640625e+02 6.023217391967773438e+01 6.952246856689453125e+01 7.282965850830078125e+01 7.507491302490234375e+01 5.418928146362304688e+01 4.514191055297851562e+01 4.442206954956054688e+01 2.806913375854492188e+01 2.571099853515625000e+01 1.614702796936035156e+01 9.816527366638183594e+00 7.228044509887695312e+00 4.202651977539062500e+00 3.208035945892333984e+00 1.439023256301879883e+00 1.127987980842590332e+00 8.457730412483215332e-01 6.351447105407714844e-01 4.688594043254852295e-01 3.873420655727386475e-01
6.651110076904296875e+01 1.171632385253906250e+02 8.751377105712890625e+01 1.094868316650390625e+02 6.295146560668945312e+01 6.515163421630859375e+01 7.227445983886718750e+01 7.519737243652343750e+01 5.649230194091796875e+01 4.560924530029296875e+01 4.393237304687500000e+01 2.804437637329101562e+01 2.595826339721679688e+01 1.625767326354980469e+01 9.934308052062988281e+00 7.190289497375488281e+00 4.280917167663574219e+00 3.312425851821899414e+00 1.469082236289978027e+00 1.187523722648620605e+00 8.654913902282714844e-01 6.151781082153320312e-01 4.546991288661956787e-01 3.689911961555480957e-01
4.060084152221679688e+01 1.256894989013671875e+02 8.528781890869140625e+01 1.080803070068359375e+02 5.755027389526367188e+01 6.529405212402343750e+01 7.312982940673828125e+01 7.599439239501953125e+01 5.438433074951171875e+01 4.568482589721679688e+01 4.362145233154296875e+01 2.787979698181152344e+01 2.570937156677246094e+01 1.619870376586914062e+01 1.024964046478271484e+01 7.334374904632568359e+00 4.119006633758544922e+00 3.192378759384155273e+00 1.473964571952819824e+00 1.151812434196472168e+00 8.518651127815246582e-01 6.500133872032165527e-01 4.977548420429229736e-01 4.145375490188598633e-01
5.269380569458007812e+01 1.168532257080078125e+02 8.788436126708984375e+01 1.083391113281250000e+02 6.350204849243164062e+01 6.576434326171875000e+01 7.231787872314453125e+01 7.573337554931640625e+01 5.424584960937500000e+01 4.608573150634765625e+01 4.401046371459960938e+01 2.817490959167480469e+01 2.603264427185058594e+01 1.634313011169433594e+01 1.014992237091064453e+01 7.392579078674316406e+00 4.235176563262939453e+00 3.104408264160156250e+00 1.433879613876342773e+00 1.185894131660461426e+00 8.740062713623046875e-01 5.971598625183105469e-01 4.699551463127136230e-01 3.701669871807098389e-01
3.038121414184570312e+01 1.238543090820312500e+02 8.507889556884765625e+01 1.061075973510742188e+02 6.111316299438476562e+01 6.802739715576171875e+01 6.779019927978515625e+01 7.385320281982421875e+01 5.523223114013671875e+01 4.662305068969726562e+01 4.347291564941406250e+01 2.767911529541015625e+01 2.579129600524902344e+01 1.651738929748535156e+01 9.882028579711914062e+00 7.430109977722167969e+00 4.113470077514648438e+00 3.310771226882934570e+00 1.496830224990844727e+00 1.190891385078430176e+00 8.872527480125427246e-01 6.297819018363952637e-01 4.773710072040557861e-01 3.985559344291687012e-01
5.111793899536132812e+01 1.252263946533203125e+02 8.239537048339843750e+01 1.161502456665039062e+02 6.345379257202148438e+01 6.806127166748046875e+01 7.098057556152343750e+01 7.520456695556640625e+01 5.434312057495117188e+01 4.589734649658203125e+01 4.401687622070312500e+01 2.812989807128906250e+01 2.580806159973144531e+01 1.617755126953125000e+01 9.879045486450195312e+00 7.214220046997070312e+00 4.132758140563964844e+00 3.189052820205688477e+00 1.520916819572448730e+00 1.162734270095825195e+00 8.663356304168701172e-01 6.191366910934448242e-01 4.737146794795989990e-01 3.682369291782379150e-01
4.393326950073242188e+01 1.254186172485351562e+02 7.807151031494140625e+01 1.096689834594726562e+02 6.154484558105468750e+01 6.616877746582031250e+01 7.213684082031250000e+01 7.463578033447265625e+01 5.463215255737304688e+01 4.562782287597656250e+01 4.392196655273437500e+01 2.810708618164062500e+01 2.577405357360839844e+01 1.651693344116210938e+01 1.017024898529052734e+01 7.302759170532226562e+00 4.090941905975341797e+00 3.180315017700195312e+00 1.478134036064147949e+00 1.213379383087158203e+00 8.498387932777404785e-01 6.211689710617065430e-01 4.771464765071868896e-01 3.964321613311767578e-01
8.001786041259765625e+01 1.229891738891601562e+02 8.564766693115234375e+01 1.108652572631835938e+02 6.165889358520507812e+01 6.688117980957031250e+01 7.205168914794921875e+01 7.365307617187500000e+01 5.464978027343750000e+01 4.592373657226562500e+01 4.362379455566406250e+01 2.816308403015136719e+01 2.558242988586425781e+01 1.642277145385742188e+01 1.000233459472656250e+01 7.336925506591796875e+00 4.250301361083984375e+00 3.135690212249755859e+00 1.580280780792236328e+00 1.187611103057861328e+00 8.618063330650329590e-01 6.024449467658996582e-01 4.533219337463378906e-01 3.592762947082519531e-01
5.756956481933593750e+01 1.392433319091796875e+02 8.992606353759765625e+01 1.001711654663085938e+02 6.165609741210937500e+01 6.881288146972656250e+01 7.290778350830078125e+01 7.691292572021484375e+01 5.569823074340820312e+01 4.618668746948242188e+01 4.396259689331054688e+01 2.775347328186035156e+01 2.578030586242675781e+01 1.624773406982421875e+01 1.032823467254638672e+01 7.285658836364746094e+00 4.107684135437011719e+00 3.265140295028686523e+00 1.588857412338256836e+00 1.230444669723510742e+00 8.160305619239807129e-01 6.303495168685913086e-01 4.791067242622375488e-01 3.916178643703460693e-01
5.605340576171875000e+01 1.236793289184570312e+02 8.620054626464843750e+01 1.077960739135742188e+02 6.037177658081054688e+01 6.860598754882812500e+01 7.540489196777343750e+01 7.562605285644531250e+01 5.513803482055664062e+01 4.659284210205078125e+01 4.369623947143554688e+01 2.870327949523925781e+01 2.571052360534667969e+01 1.649218177795410156e+01 9.967467308044433594e+00 6.996656417846679688e+00 4.084580898284912109e+00 3.198932647705078125e+00 1.582790255546569824e+00 1.208299398422241211e+00 8.823888301849365234e-01 5.673719048500061035e-01 4.621331989765167236e-01 3.647824823856353760e-01
4.384905624389648438e+01 1.263178787231445312e+02 8.762941741943359375e+01 1.118291854858398438e+02 6.170733261108398438e+01 6.853968811035156250e+01 7.245354461669921875e+01 7.628996276855468750e+01 5.581821060180664062e+01 4.534184265136718750e+01 4.444852066040039062e+01 2.860993003845214844e+01 2.590187835693359375e+01 1.613454627990722656e+01 9.986433982849121094e+00 7.339560031890869141e+00 4.114455223083496094e+00 3.191210985183715820e+00 1.570032358169555664e+00 1.176393270492553711e+00 8.689760565757751465e-01 6.052778959274291992e-01 4.783754646778106689e-01 3.821655809879302979e-01
3.823434066772460938e+01 1.260704421997070312e+02 8.509130096435546875e+01 1.148276596069335938e+02 6.267347335815429688e+01 6.683911132812500000e+01 7.145407104492187500e+01 7.390850830078125000e+01 5.429950714111328125e+01 4.515967559814453125e+01 4.459169387817382812e+01 2.831016731262207031e+01 2.543041801452636719e+01 1.611437797546386719e+01 9.697545051574707031e+00 7.120006084442138672e+00 4.224260807037353516e+00 3.249901294708251953e+00 1.545217394828796387e+00 1.170080900192260742e+00 8.243511319160461426e-01 6.232632994651794434e-01 4.665700495243072510e-01 4.066228568553924561e-01
5.226015090942382812e+01 1.202580642700195312e+02 8.139736175537109375e+01 1.096050415039062500e+02 6.080180358886718750e+01 6.750578308105468750e+01 7.147196197509765625e+01 7.456986236572265625e+01 5.388291549682617188e+01 4.590520858764648438e+01 4.439295578002929688e+01 2.879645729064941406e+01 2.580783462524414062e+01 1.644492721557617188e+01 1.002802276611328125e+01 7.273643016815185547e+00 4.129266738891601562e+00 3.246887207031250000e+00 1.494837045669555664e+00 1.175040364265441895e+00 8.627163171768188477e-01 5.857170820236206055e-01 4.500258564949035645e-01 3.797211647033691406e-01
6.456683349609375000e+01 1.257370071411132812e+02 8.639854431152343750e+01 1.095630722045898438e+02 6.236094665527343750e+01 6.607557678222656250e+01 7.175003814697265625e+01 7.408682250976562500e+01 5.460797882080078125e+01 4.544786071777343750e+01 4.524701309204101562e+01 2.820314979553222656e+01 2.605307388305664062e+01 1.628281211853027344e+01 1.005972385406494141e+01 7.276356220245361328e+00 4.203259468078613281e+00 3.296447753906250000e+00 1.506950855255126953e+00 1.200166106224060059e+00 8.658604621887207031e-01 5.835542082786560059e-01 4.787947833538055420e-01 4.021757245063781738e-01
5.448547744750976562e+01 1.224179611206054688e+02 8.184663391113281250e+01 1.099402236938476562e+02 6.226805877685546875e+01 6.728706359863281250e+01 7.294890594482421875e+01 7.560269927978515625e+01 5.444219207763671875e+01 4.546929550170898438e+01 4.416889953613281250e+01 2.840164375305175781e+01 2.592852783203125000e+01 1.621191215515136719e+01 1.015193367004394531e+01 7.132609367370605469e+00 4.152024745941162109e+00 3.144421100616455078e+00 1.515714406967163086e+00 1.180248975753784180e+00 8.778516650199890137e-01 6.066423654556274414e-01 4.808295965194702148e-01 3.808705508708953857e-01
4.795515060424804688e+01 1.192020034790039062e+02 8.128611755371093750e+01 1.088375244140625000e+02 6.339426040649414062e+01 6.633115386962890625e+01 7.341533660888671875e+01 7.589439392089843750e+01 5.553968048095703125e+01 4.695309829711914062e+01 4.332154464721679688e+01 2.797507286071777344e+01 2.568520545959472656e+01 1.607365036010742188e+01 1.026261711120605469e+01 7.243637084960937500e+00 4.194665431976318359e+00 3.094507694244384766e+00 1.599319100379943848e+00 1.129568099975585938e+00 8.903067111968994141e-01 6.219545602798461914e-01 4.883277416229248047e-01 3.835943639278411865e-01
4.586061096191406250e+01 1.223910217285156250e+02 8.596731567382812500e+01 1.065199966430664062e+02 6.168827056884765625e+01 6.536441040039062500e+01 7.385491180419921875e+01 7.529048156738281250e+01 5.400125885009765625e+01 4.517885208129882812e+01 4.442816543579101562e+01 2.811934852600097656e+01 2.582323265075683594e+01 1.642070579528808594e+01 1.001226902008056641e+01 7.398779869079589844e+00 4.182675838470458984e+00 3.186342477798461914e+00 1.521960377693176270e+00 1.189185976982116699e+00 8.680658340454101562e-01 6.034450531005859375e-01 4.615851342678070068e-01 3.980034589767456055e-01
5.059107208251953125e+01 1.200019302368164062e+02 7.553218078613281250e+01 1.036433486938476562e+02 6.287390899658203125e+01 6.441490936279296875e+01 7.289045715332031250e+01 7.658437347412109375e+01 5.343527221679687500e+01 4.517744827270507812e+01 4.360036849975585938e+01 2.821509170532226562e+01 2.518680953979492188e+01 1.635371398925781250e+01 9.938635826110839844e+00 7.149657249450683594e+00 4.173447132110595703e+00 3.272037506103515625e+00 1.517243742942810059e+00 1.200206279754638672e+00 8.489037156105041504e-01 5.945968627929687500e-01 4.699095785617828369e-01 3.865744471549987793e-01
5.632955932617187500e+01 1.258976135253906250e+02 8.823460388183593750e+01 1.092591018676757812e+02 5.970132446289062500e+01 6.081262207031250000e+01 7.167642974853515625e+01 7.654433441162109375e+01 5.551279830932617188e+01 4.680933761596679688e+01 4.371169662475585938e+01 2.870889663696289062e+01 2.588628959655761719e+01 1.614833831787109375e+01 1.013516521453857422e+01 7.306028366088867188e+00 4.159195899963378906e+00 3.237967014312744141e+00 1.383404970169067383e+00 1.215490102767944336e+00 8.733029961585998535e-01 6.330618262290954590e-01 4.571367204189300537e-01 3.949189782142639160e-01
5.107976913452148438e+01 1.279775085449218750e+02 8.494297790527343750e+01 1.050712432861328125e+02 6.345988082885742188e+01 6.668663024902343750e+01 7.233082580566406250e+01 7.468500518798828125e+01 5.470551300048828125e+01 4.623389434814453125e+01 4.337771987915039062e+01 2.780750465393066406e+01 2.560113716125488281e+01 1.644675636291503906e+01 1.024695873260498047e+01 7.286230564117431641e+00 4.178496360778808594e+00 3.185906171798706055e+00 1.555022597312927246e+00 1.165124297142028809e+00 8.492484092712402344e-01 6.277368664741516113e-01 4.940882623195648193e-01 3.806060850620269775e-01
5.059793853759765625e+01 1.251018142700195312e+02 8.466676330566406250e+01 1.074072036743164062e+02 6.008923721313476562e+01 6.846587371826171875e+01 7.265760040283203125e+01 7.358602142333984375e+01 5.463795471191406250e+01 4.610017395019531250e+01 4.462060928344726562e+01 2.773838043212890625e+01 2.553635787963867188e+01 1.646550369262695312e+01 1.006255626678466797e+01 7.245467185974121094e+00 4.211109638214111328e+00 3.228550672531127930e+00 1.479137420654296875e+00 1.118409156799316406e+00 8.863353729248046875e-01 6.245553493499755859e-01 4.840725362300872803e-01 4.025032222270965576e-01
5.351947402954101562e+01 1.287940826416015625e+02 9.267050933837890625e+01 1.091433639526367188e+02 6.160579681396484375e+01 6.418775939941406250e+01 7.332598876953125000e+01 7.650558471679687500e+01 5.547340774536132812e+01 4.600094985961914062e+01 4.402132797241210938e+01 2.783795738220214844e+01 2.579669570922851562e+01 1.633267211914062500e+01 9.778864860534667969e+00 7.423835754394531250e+00 4.184296131134033203e+00 3.287390470504760742e+00 1.402194738388061523e+00 1.191046833992004395e+00 8.819443583488464355e-01 5.980315804481506348e-01 4.757567346096038818e-01 3.854344785213470459e-01
5.575331115722656250e+01 1.260421142578125000e+02 8.519355010986328125e+01 1.083222656250000000e+02 6.295525360107421875e+01 6.669715118408203125e+01 7.090032196044921875e+01 7.405232238769531250e+01 5.409312820434570312e+01 4.635514831542968750e+01 4.419979095458984375e+01 2.839844894409179688e+01 2.604953575134277344e+01 1.673930931091308594e+01 1.008481025695800781e+01 7.132312774658203125e+00 4.160175323486328125e+00 3.207711458206176758e+00 1.504233121871948242e+00 1.207188963890075684e+00 8.727495670318603516e-01 5.822502374649047852e-01 4.894272387027740479e-01 3.828048408031463623e-01
5.140928649902343750e+01 1.236500854492187500e+02 8.376557159423828125e+01 1.112547836303710938e+02 5.987919616699218750e+01 6.587441253662109375e+01 7.155681610107421875e+01 7.477182769775390625e+01 5.391531372070312500e+01 4.542193222045898438e+01 4.353532791137695312e+01 2.817216110229492188e+01 2.617730712890625000e+01 1.613554763793945312e+01 1.009383964538574219e+01 7.270688533782958984e+00 4.079547405242919922e+00 3.136348962783813477e+00 1.506807446479797363e+00 1.122262120246887207e+00 8.889347910881042480e-01 6.006390452384948730e-01 4.763985276222229004e-01 3.773340582847595215e-01
5.888719940185546875e+01 1.199859008789062500e+02 9.039950561523437500e+01 1.086991653442382812e+02 6.598198699951171875e+01 6.610937500000000000e+01 7.309076690673828125e+01 7.374095153808593750e+01 5.476586532592773438e+01 4.600473022460937500e+01 4.352724838256835938e+01 2.841777038574218750e+01 2.596255874633789062e+01 1.607837486267089844e+01 9.931155204772949219e+00 7.230929851531982422e+00 4.158583164215087891e+00 3.124421834945678711e+00 1.456026911735534668e+00 1.191111207008361816e+00 8.876721858978271484e-01 6.022362112998962402e-01 4.674517512321472168e-01 3.776883482933044434e-01
5.064002990722656250e+01 1.189610061645507812e+02 7.547527313232421875e+01 1.084801864624023438e+02 6.166089248657226562e+01 6.576142883300781250e+01 7.148408508300781250e+01 7.446358489990234375e+01 5.463507461547851562e+01 4.610158920288085938e+01 4.353672409057617188e+01 2.839797401428222656e+01 2.601972579956054688e+01 1.629462051391601562e+01 1.006241130828857422e+01 7.204501152038574219e+00 4.181926727294921875e+00 3.245683908462524414e+00 1.587462782859802246e+00 1.185938596725463867e+00 8.608474135398864746e-01 6.055769920349121094e-01 4.903466403484344482e-01 3.986397683620452881e-01
5.166574859619140625e+01 1.206510238647460938e+02 8.340004730224609375e+01 1.081509475708007812e+02 6.178595733642578125e+01 6.441183471679687500e+01 7.195275878906250000e+01 7.452047729492187500e+01 5.472148132324218750e+01 4.636631393432617188e+01 4.432975006103515625e+01 2.831580734252929688e+01 2.584552764892578125e+01 1.644923210144042969e+01 9.959034919738769531e+00 7.350040912628173828e+00 4.224735736846923828e+00 3.210147142410278320e+00 1.468033194541931152e+00 1.155153393745422363e+00 8.605800271034240723e-01 6.014204025268554688e-01 4.806397855281829834e-01 3.811119198799133301e-01
5.106437683105468750e+01 1.228833465576171875e+02 8.937885284423828125e+01 1.067518615722656250e+02 6.095111846923828125e+01 6.871456909179687500e+01 7.189389801025390625e+01 7.473735046386718750e+01 5.481333923339843750e+01 4.578792572021484375e+01 4.391844177246093750e+01 2.837408447265625000e+01 2.572642707824707031e+01 1.638720893859863281e+01 9.977720260620117188e+00 7.304843902587890625e+00 4.171391963958740234e+00 3.175413846969604492e+00 1.577716588973999023e+00 1.176546812057495117e+00 8.864685893058776855e-01 6.191431283950805664e-01 4.806896746158599854e-01 3.917962610721588135e-01
5.738629531860351562e+01 1.216756439208984375e+02 7.731147766113281250e+01 1.059188232421875000e+02 6.180464553833007812e+01 6.598254394531250000e+01 7.373236846923828125e+01 7.665900421142578125e+01 5.596443557739257812e+01 4.601621627807617188e+01 4.386604690551757812e+01 2.808429718017578125e+01 2.526007843017578125e+01 1.643090057373046875e+01 9.971188545227050781e+00 7.310369968414306641e+00 4.137468814849853516e+00 3.213632106781005859e+00 1.520313024520874023e+00 1.178662896156311035e+00 8.816332221031188965e-01 5.804393887519836426e-01 4.511957168579101562e-01 3.722500801086425781e-01
4.861149215698242188e+01 1.216926879882812500e+02 8.502648162841796875e+01 1.026619110107421875e+02 5.940960693359375000e+01 6.648721313476562500e+01 7.302970886230468750e+01 7.538328552246093750e+01 5.520094680786132812e+01 4.554131698608398438e+01 4.344347381591796875e+01 2.825442504882812500e+01 2.579454040527343750e+01 1.660155296325683594e+01 9.915446281433105469e+00 7.250887393951416016e+00 4.168242931365966797e+00 3.201851844787597656e+00 1.512465596199035645e+00 1.204210758209228516e+00 8.299651145935058594e-01 5.830021500587463379e-01 4.704271256923675537e-01 4.057126045227050781e-01
4.615816879272460938e+01 1.231706314086914062e+02 8.598714447021484375e+01 1.085878219604492188e+02 6.180044937133789062e+01 6.799668884277343750e+01 7.071498107910156250e+01 7.590661621093750000e+01 5.503822326660156250e+01 4.599112701416015625e+01 4.414003753662109375e+01 2.853127670288085938e+01 2.582576751708984375e+01 1.643369483947753906e+01 1.008274841308593750e+01 7.344075202941894531e+00 4.255317211151123047e+00 3.138430118560791016e+00 1.573267579078674316e+00 1.209451198577880859e+00 8.681595921516418457e-01 5.806156992912292480e-01 4.499843716621398926e-01 3.695644736289978027e-01
4.231486129760742188e+01 1.277462310791015625e+02 8.415348052978515625e+01 1.075420455932617188e+02 6.205618286132812500e+01 6.617272186279296875e+01 7.286078643798828125e+01 7.537530517578125000e+01 5.644325256347656250e+01 4.685971832275390625e+01 4.432830047607421875e+01 2.826770782470703125e+01 2.571490478515625000e+01 1.631692504882812500e+01 1.013088226318359375e+01 7.344644069671630859e+00 4.213483810424804688e+00 3.209754943847656250e+00 1.506694912910461426e+00 1.133274197578430176e+00 8.585871458053588867e-01 5.990858078002929688e-01 4.506052434444427490e-01 3.746801018714904785e-01
5.292808151245117188e+01 1.208731765747070312e+02 8.933142089843750000e+01 1.079744186401367188e+02 6.410529327392578125e+01 6.655818939208984375e+01 7.294213867187500000e+01 7.550440216064453125e+01 5.514390182495117188e+01 4.658181762695312500e+01 4.471370697021484375e+01 2.851270484924316406e+01 2.600276565551757812e+01 1.632576560974121094e+01 1.003575325012207031e+01 7.197711944580078125e+00 4.192658901214599609e+00 3.122924566268920898e+00 1.502039194107055664e+00 1.188404560089111328e+00 8.498124480247497559e-01 5.838827490806579590e-01 4.764354825019836426e-01 3.983184695243835449e-01
5.193609619140625000e+01 1.235791549682617188e+02 8.839460754394531250e+01 1.094630279541015625e+02 6.165188598632812500e+01 6.526898193359375000e+01 7.386141967773437500e+01 7.603117370605468750e+01 5.510697174072265625e+01 4.607244110107421875e+01 4.438392257690429688e+01 2.858188056945800781e+01 2.537349128723144531e+01 1.633134078979492188e+01 1.010100936889648438e+01 7.215753078460693359e+00 4.243322372436523438e+00 3.208039760589599609e+00 1.502040266990661621e+00 1.173374533653259277e+00 8.538585901260375977e-01 6.320165991783142090e-01 4.745644927024841309e-01 3.749556243419647217e-01
4.934021759033203125e+01 1.264619979858398438e+02 8.436047363281250000e+01 1.141658401489257812e+02 6.097839355468750000e+01 6.463930511474609375e+01 7.234083557128906250e+01 7.500320434570312500e+01 5.488190460205078125e+01 4.678917694091796875e+01 4.394622802734375000e+01 2.784611129760742188e+01 2.565903282165527344e+01 1.635271263122558594e+01 1.006715202331542969e+01 7.259058952331542969e+00 4.185801506042480469e+00 3.289342403411865234e+00 1.471572995185852051e+00 1.181889533996582031e+00 8.801099658012390137e-01 5.996728539466857910e-01 4.648485481739044189e-01 3.809090554714202881e-01
5.290330123901367188e+01 1.251155624389648438e+02 8.242973327636718750e+01 1.086173248291015625e+02 6.131273651123046875e+01 6.605297851562500000e+01 7.330903625488281250e+01 7.478118133544921875e+01 5.507862472534179688e+01 4.532617187500000000e+01 4.441762161254882812e+01 2.819203758239746094e+01 2.597041320800781250e+01 1.649761962890625000e+01 1.015358448028564453e+01 7.284940242767333984e+00 4.189112186431884766e+00 3.197495460510253906e+00 1.512241601943969727e+00 1.187079071998596191e+00 8.452739119529724121e-01 5.991140604019165039e-01 4.706450998783111572e-01 4.118601977825164795e-01
6.082304763793945312e+01 1.111269760131835938e+02 8.285074615478515625e+01 1.055747070312500000e+02 5.691533660888671875e+01 6.620734405517578125e+01 7.143479156494140625e+01 7.501083374023437500e+01 5.333127212524414062e+01 4.559415817260742188e+01 4.470447921752929688e+01 2.816177749633789062e+01 2.607037544250488281e+01 1.617868804931640625e+01 1.023599529266357422e+01 7.078684806823730469e+00 4.024033069610595703e+00 3.234418869018554688e+00 1.379048347473144531e+00 1.130208611488342285e+00 8.560019731521606445e-01 5.869141817092895508e-01 4.778562486171722412e-01 3.626538813114166260e-01
4.799624252319335938e+01 1.221002807617187500e+02 8.730115509033203125e+01 1.072039871215820312e+02 6.245032882690429688e+01 6.256253814697265625e+01 7.274400329589843750e+01 7.673212432861328125e+01 5.614250183105468750e+01 4.707881164550781250e+01 4.387208175659179688e+01 2.806775665283203125e+01 2.536628723144531250e+01 1.650304985046386719e+01 1.022848892211914062e+01 7.252833366394042969e+00 4.266730785369873047e+00 3.199643135070800781e+00 1.508785367012023926e+00 1.214492797851562500e+00 8.725401163101196289e-01 6.340695619583129883e-01 5.183143019676208496e-01 3.857466280460357666e-01
5.481113052368164062e+01 1.218980407714843750e+02 8.639660644531250000e+01 1.128673706054687500e+02 6.060840606689453125e+01 6.627032470703125000e+01 7.215316772460937500e+01 7.456484985351562500e+01 5.468877410888671875e+01 4.578634262084960938e+01 4.453354263305664062e+01 2.901822090148925781e+01 2.587772178649902344e+01 1.609023475646972656e+01 9.916162490844726562e+00 7.348004817962646484e+00 4.295846462249755859e+00 3.244631767272949219e+00 1.476788163185119629e+00 1.190499544143676758e+00 9.116104841232299805e-01 6.197493672370910645e-01 5.020901560783386230e-01 4.050762951374053955e-01
6.570557403564453125e+01 1.188610382080078125e+02 8.224747467041015625e+01 1.105601654052734375e+02 6.137709426879882812e+01 6.597095489501953125e+01 7.219614410400390625e+01 7.535153961181640625e+01 5.430846786499023438e+01 4.616229248046875000e+01 4.380994796752929688e+01 2.844072151184082031e+01 2.576527214050292969e+01 1.657772827148437500e+01 9.962125778198242188e+00 7.138910293579101562e+00 4.263412952423095703e+00 3.211391448974609375e+00 1.543302536010742188e+00 1.188718199729919434e+00 8.956097364425659180e-01 6.141688823699951172e-01 4.714333415031433105e-01 3.684470057487487793e-01
4.291680908203125000e+01 1.199978408813476562e+02 8.637039947509765625e+01 1.079188537597656250e+02 5.869788360595703125e+01 6.708494567871093750e+01 7.295657348632812500e+01 7.386774444580078125e+01 5.496185302734375000e+01 4.591222381591796875e+01 4.359074401855468750e+01 2.787180709838867188e+01 2.495852279663085938e+01 1.679870605468750000e+01 9.949170112609863281e+00 7.273257732391357422e+00 4.237235546112060547e+00 3.186259508132934570e+00 1.525071263313293457e+00 1.174522042274475098e+00 8.510671257972717285e-01 6.109946370124816895e-01 5.085197687149047852e-01 3.971486091613769531e-01
6.082527542114257812e+01 1.228236312866210938e+02 8.399759674072265625e+01 1.124242706298828125e+02 6.206414413452148438e+01 6.304543685913085938e+01 7.193625640869140625e+01 7.636705780029296875e+01 5.324450683593750000e+01 4.674952316284179688e+01 4.441949081420898438e+01 2.791774559020996094e+01 2.566782951354980469e+01 1.647554397583007812e+01 1.009475326538085938e+01 7.280616283416748047e+00 4.211151123046875000e+00 3.195996284484863281e+00 1.490482330322265625e+00 1.169932723045349121e+00 8.605368137359619141e-01 5.836244225502014160e-01 4.710096120834350586e-01 3.898867666721343994e-01
4.122493743896484375e+01 1.256136550903320312e+02 8.691846466064453125e+01 1.115503845214843750e+02 6.129654693603515625e+01 6.876729583740234375e+01 7.196753692626953125e+01 7.566984558105468750e+01 5.526593780517578125e+01 4.622799301147460938e+01 4.423933029174804688e+01 2.822312927246093750e+01 2.573715400695800781e+01 1.614053535461425781e+01 1.043000316619873047e+01 7.195981979370117188e+00 4.295234680175781250e+00 3.193682670593261719e+00 1.492119669914245605e+00 1.207901716232299805e+00 8.651669025421142578e-01 6.095521450042724609e-01 4.688418209552764893e-01 3.912895917892456055e-01
3.916080474853515625e+01 1.234470520019531250e+02 8.642294311523437500e+01 1.098391189575195312e+02 6.431568908691406250e+01 6.691448211669921875e+01 7.118456268310546875e+01 7.490106201171875000e+01 5.540477371215820312e+01 4.580063629150390625e+01 4.422804641723632812e+01 2.822104072570800781e+01 2.577820205688476562e+01 1.624935913085937500e+01 1.012420558929443359e+01 7.287936687469482422e+00 4.218366622924804688e+00 3.218337774276733398e+00 1.495958328247070312e+00 1.196007609367370605e+00 8.690352439880371094e-01 5.975992083549499512e-01 4.836307466030120850e-01 4.058597981929779053e-01
5.423775100708007812e+01 1.298260192871093750e+02 8.678958129882812500e+01 1.127551727294921875e+02 6.063185501098632812e+01 6.424831390380859375e+01 7.397373962402343750e+01 7.514338684082031250e+01 5.530381011962890625e+01 4.528124237060546875e+01 4.420195770263671875e+01 2.807683753967285156e+01 2.576769065856933594e+01 1.647374153137207031e+01 1.016208648681640625e+01 7.228238582611083984e+00 4.152885437011718750e+00 3.253937721252441406e+00 1.522676467895507812e+00 1.173654079437255859e+00 8.738331794738769531e-01 6.250258684158325195e-01 4.773791432380676270e-01 3.810692131519317627e-01
5.274419021606445312e+01 1.235890960693359375e+02 8.568198394775390625e+01 1.085385589599609375e+02 6.148274612426757812e+01 6.578959655761718750e+01 7.224144744873046875e+01 7.506300354003906250e+01 5.453098678588867188e+01 4.606493377685546875e+01 4.368881607055664062e+01 2.822567749023437500e+01 2.584791946411132812e+01 1.631031799316406250e+01 1.005713176727294922e+01 7.287387847900390625e+00 4.201866626739501953e+00 3.212894201278686523e+00 1.494930148124694824e+00 1.188293695449829102e+00 8.802582621574401855e-01 6.103973388671875000e-01 4.755279719829559326e-01 3.778440356254577637e-01
5.758169555664062500e+01 1.197657852172851562e+02 8.598619079589843750e+01 1.067051391601562500e+02 6.313571166992187500e+01 6.659219360351562500e+01 7.007080841064453125e+01 7.446578979492187500e+01 5.493888092041015625e+01 4.650376129150390625e+01 4.408559036254882812e+01 2.825073814392089844e+01 2.594268035888671875e+01 1.616229057312011719e+01 1.000121212005615234e+01 7.278880119323730469e+00 4.240893840789794922e+00 3.210742473602294922e+00 1.568905234336853027e+00 1.165963172912597656e+00 9.091190099716186523e-01 6.256692409515380859e-01 4.822655320167541504e-01 3.961434364318847656e-01
6.031964492797851562e+01 1.250827941894531250e+02 8.632548522949218750e+01 1.047468795776367188e+02 6.305281829833984375e+01 6.824874877929687500e+01 7.317237854003906250e+01 7.331556701660156250e+01 5.309522628784179688e+01 4.615793609619140625e+01 4.360054779052734375e+01 2.804727554321289062e+01 2.586857986450195312e+01 1.648371696472167969e+01 1.021620655059814453e+01 7.293203830718994141e+00 4.125339031219482422e+00 3.130446910858154297e+00 1.508402824401855469e+00 1.169002413749694824e+00 8.781077265739440918e-01 6.254500746726989746e-01 4.736405611038208008e-01 3.805163800716400146e-01
6.398255920410156250e+01 1.241647033691406250e+02 7.978573608398437500e+01 1.116952209472656250e+02 5.990500259399414062e+01 6.494282531738281250e+01 7.056476593017578125e+01 7.487636566162109375e+01 5.402881240844726562e+01 4.466696166992187500e+01 4.405413055419921875e+01 2.843095779418945312e+01 2.570189285278320312e+01 1.608637428283691406e+01 1.003571128845214844e+01 7.170552730560302734e+00 4.223251819610595703e+00 3.210099935531616211e+00 1.494668602943420410e+00 1.169029593467712402e+00 8.557095527648925781e-01 6.232479214668273926e-01 4.555894732475280762e-01 3.615788817405700684e-01
5.875156021118164062e+01 1.217799301147460938e+02 8.740667724609375000e+01 1.090834274291992188e+02 5.892577743530273438e+01 6.555059814453125000e+01 7.299465179443359375e+01 7.482917785644531250e+01 5.552598190307617188e+01 4.538489532470703125e+01 4.446920776367187500e+01 2.818933677673339844e+01 2.565264701843261719e+01 1.643363189697265625e+01 1.009382438659667969e+01 7.241249084472656250e+00 4.183437824249267578e+00 3.203585863113403320e+00 1.557872533798217773e+00 1.189086556434631348e+00 8.687489628791809082e-01 6.168506145477294922e-01 4.893248975276947021e-01 3.989157974720001221e-01
5.845367813110351562e+01 1.236496276855468750e+02 8.937123107910156250e+01 1.094832077026367188e+02 6.277918624877929688e+01 6.703178405761718750e+01 7.289801788330078125e+01 7.509824371337890625e+01 5.511187744140625000e+01 4.600782775878906250e+01 4.354529190063476562e+01 2.833216667175292969e+01 2.567001342773437500e+01 1.638873291015625000e+01 1.005775356292724609e+01 7.213968276977539062e+00 4.254737377166748047e+00 3.158440351486206055e+00 1.510774254798889160e+00 1.208639621734619141e+00 8.517650365829467773e-01 6.218197941780090332e-01 4.795234799385070801e-01 3.898286521434783936e-01
5.286275863647460938e+01 1.235269241333007812e+02 8.439294433593750000e+01 1.077444686889648438e+02 5.940182113647460938e+01 6.627711486816406250e+01 7.152908325195312500e+01 7.494566345214843750e+01 5.461021041870117188e+01 4.615299224853515625e+01 4.418766403198242188e+01 2.796715164184570312e+01 2.585127067565917969e+01 1.639082336425781250e+01 9.957555770874023438e+00 7.271972656250000000e+00 4.264641761779785156e+00 3.270112037658691406e+00 1.498812675476074219e+00 1.163077950477600098e+00 8.639714717864990234e-01 5.956218838691711426e-01 4.827279150485992432e-01 4.077808558940887451e-01
5.948682022094726562e+01 1.218867797851562500e+02 8.716112518310546875e+01 1.032063064575195312e+02 6.313776779174804688e+01 6.552751922607421875e+01 7.540845489501953125e+01 7.517637634277343750e+01 5.501802825927734375e+01 4.563508987426757812e+01 4.450466537475585938e+01 2.853108978271484375e+01 2.607147979736328125e+01 1.653902244567871094e+01 9.893320083618164062e+00 7.189588546752929688e+00 4.189419746398925781e+00 3.109293699264526367e+00 1.526888728141784668e+00 1.177148818969726562e+00 8.682591319084167480e-01 6.037821173667907715e-01 4.595472812652587891e-01 3.600589632987976074e-01
6.370595550537109375e+01 1.230216751098632812e+02 8.221730804443359375e+01 1.064069900512695312e+02 5.961303710937500000e+01 6.543048095703125000e+01 7.108708190917968750e+01 7.636318969726562500e+01 5.365253448486328125e+01 4.640303802490234375e+01 4.407313537597656250e+01 2.839291191101074219e+01 2.567264747619628906e+01 1.645635414123535156e+01 1.007231521606445312e+01 7.381917476654052734e+00 4.307941913604736328e+00 3.251727581024169922e+00 1.528165102005004883e+00 1.195380926132202148e+00 8.456595540046691895e-01 6.023316979408264160e-01 4.474877417087554932e-01 3.688166737556457520e-01
5.815479278564453125e+01 1.214756088256835938e+02 8.319121551513671875e+01 1.084869537353515625e+02 6.375267028808593750e+01 6.443653869628906250e+01 7.383459472656250000e+01 7.428504180908203125e+01 5.605007553100585938e+01 4.596639633178710938e+01 4.359922409057617188e+01 2.821627044677734375e+01 2.571774101257324219e+01 1.631776237487792969e+01 1.028871250152587891e+01 7.289622783660888672e+00 4.165924549102783203e+00 3.238662004470825195e+00 1.497070431709289551e+00 1.213639974594116211e+00 8.517836332321166992e-01 6.063805818557739258e-01 4.547139406204223633e-01 3.809523880481719971e-01
6.064860916137695312e+01 1.188331375122070312e+02 8.495816802978515625e+01 1.082704162597656250e+02 6.131486129760742188e+01 6.737402343750000000e+01 7.107592773437500000e+01 7.596143341064453125e+01 5.449373245239257812e+01 4.539500808715820312e+01 4.383969879150390625e+01 2.836061286926269531e+01 2.588648986816406250e+01 1.641141510009765625e+01 1.006487846374511719e+01 7.259643554687500000e+00 4.183294296264648438e+00 3.179014205932617188e+00 1.489083766937255859e+00 1.198091268539428711e+00 8.537306189537048340e-01 6.034997105598449707e-01 4.671239256858825684e-01 3.830540180206298828e-01
5.966164779663085938e+01 1.178079376220703125e+02 8.497975921630859375e+01 1.095804214477539062e+02 6.283650588989257812e+01 6.560832977294921875e+01 7.437989044189453125e+01 7.833435058593750000e+01 5.457841110229492188e+01 4.647007369995117188e+01 4.408162307739257812e+01 2.820732307434082031e+01 2.557798957824707031e+01 1.610381889343261719e+01 1.025968933105468750e+01 7.176509857177734375e+00 4.192101001739501953e+00 3.229805946350097656e+00 1.461579680442810059e+00 1.148163676261901855e+00 8.395081758499145508e-01 6.138547658920288086e-01 4.771050512790679932e-01 3.942768275737762451e-01
3.567219161987304688e+01 1.278055267333984375e+02 9.637733459472656250e+01 1.056042404174804688e+02 6.223690032958984375e+01 6.588827514648437500e+01 7.208152770996093750e+01 7.571255493164062500e+01 5.600438308715820312e+01 4.513627624511718750e+01 4.319581222534179688e+01 2.814417839050292969e+01 2.557804679870605469e+01 1.617111206054687500e+01 1.004016304016113281e+01 7.232174873352050781e+00 4.123672008514404297e+00 3.344913959503173828e+00 1.435825347900390625e+00 1.147452950477600098e+00 8.569851517677307129e-01 6.005347371101379395e-01 4.415930211544036865e-01 3.794439435005187988e-01
4.728047561645507812e+01 1.243353500366210938e+02 9.004198455810546875e+01 1.088813476562500000e+02 6.521192169189453125e+01 6.758476257324218750e+01 7.275032806396484375e+01 7.559750366210937500e+01 5.409706115722656250e+01 4.602351760864257812e+01 4.378252029418945312e+01 2.809895324707031250e+01 2.582780075073242188e+01 1.650743675231933594e+01 1.009737396240234375e+01 7.164042472839355469e+00 4.138063907623291016e+00 3.258268117904663086e+00 1.463273286819458008e+00 1.190824151039123535e+00 8.642213940620422363e-01 5.819681286811828613e-01 4.683894217014312744e-01 3.856056928634643555e-01
5.291377258300781250e+01 1.213936386108398438e+02 8.820045471191406250e+01 1.082185516357421875e+02 6.022679901123046875e+01 6.481929779052734375e+01 7.040361022949218750e+01 7.433966064453125000e+01 5.509249114990234375e+01 4.504726028442382812e+01 4.391559600830078125e+01 2.811165428161621094e+01 2.589578056335449219e+01 1.622850990295410156e+01 1.000402545928955078e+01 7.246602058410644531e+00 4.133799552917480469e+00 3.173963785171508789e+00 1.557062387466430664e+00 1.167440772056579590e+00 8.770937323570251465e-01 6.106820106506347656e-01 4.590786993503570557e-01 3.794168829917907715e-01
5.604212188720703125e+01 1.177355728149414062e+02 8.888834381103515625e+01 1.077437438964843750e+02 6.273746871948242188e+01 6.721641540527343750e+01 7.241487884521484375e+01 7.493242645263671875e+01 5.463286972045898438e+01 4.609649276733398438e+01 4.390984344482421875e+01 2.810446929931640625e+01 2.576599693298339844e+01 1.633172416687011719e+01 1.021214103698730469e+01 7.279429912567138672e+00 4.195436000823974609e+00 3.233604192733764648e+00 1.520523667335510254e+00 1.187522888183593750e+00 8.767516613006591797e-01 6.045569777488708496e-01 4.762551486492156982e-01 3.883029818534851074e-01
