5.209653486135756140e+01 1.748492452300836817e+02 1.111153211672484105e+02 2.285611899572962784e+02 1.196027948524700975e+02 1.677269994806151487e+02 1.333949178214221547e+02 9.866015428331974135e+01 6.360300922066449658e+01 6.359094878587900723e+01 4.726637109627709776e+01 3.579446968214303837e+01 2.469220472085777374e+01 1.575228124719106582e+01 1.154600521447349770e+01 4.717130103162608279e+00 3.908057584107719418e+00 3.017062365935954116e+00 2.257846863143984528e+00 1.338644188688525860e+00 1.135159950683682029e+00 8.228169727364162966e-01 6.394786457349241893e-01 4.044776141322962704e-01
3.862318810938675995e+01 1.804672947111656924e+02 1.207635760130788611e+02 2.420627208175215515e+02 1.139526073005152540e+02 1.724207713162151947e+02 1.337127011161992698e+02 9.573234967029925713e+01 6.818754682736587824e+01 6.397458795572499213e+01 4.787407741898694269e+01 3.633277317307140919e+01 2.484669951738978710e+01 1.582447175542685791e+01 1.147112529250761526e+01 4.795122972956280094e+00 3.891434403187536084e+00 3.063174552505760317e+00 2.116021059537592119e+00 1.345076222120031417e+00 1.108868798556013946e+00 7.689060990215557112e-01 6.233460623303349601e-01 3.988921564958737287e-01
4.812380656517591149e+01 1.818202534732029108e+02 1.166839488690418563e+02 2.285236542993212652e+02 1.186866889630506279e+02 1.681326071646948321e+02 1.356094140803118080e+02 9.648157572789767755e+01 6.413215076834585204e+01 6.466159434821794605e+01 4.852691929947824434e+01 3.606466902438700117e+01 2.503436783900983187e+01 1.588162914990831531e+01 1.170760705780825717e+01 4.836119334878396181e+00 3.934515881681371674e+00 2.998486461949175563e+00 2.139889469504812958e+00 1.371190903393306071e+00 1.120052074957036403e+00 7.955516476105901624e-01 6.623578153339956254e-01 4.328925455912401854e-01
3.406554042045151931e+01 1.749642396261394595e+02 9.846815799723245277e+01 2.347580994587387977e+02 1.228359432634223936e+02 1.696784838859624926e+02 1.349193294711430156e+02 9.405985343906857565e+01 6.303820989612199810e+01 6.493062893830831683e+01 4.722334419322424282e+01 3.589788885113590311e+01 2.472740057554262449e+01 1.569959958278000123e+01 1.137064505079433374e+01 4.745938594306948310e+00 3.812489280851983686e+00 2.944200594468112442e+00 2.145683334595937630e+00 1.374370262695109979e+00 1.154394246677021396e+00 7.986341486359744835e-01 6.171880123140096597e-01 3.881580821922396840e-01
9.162117352050388774e+01 1.912361949646196990e+02 1.158714511358793544e+02 2.419176304703750304e+02 1.182963343935155933e+02 1.749092428556190555e+02 1.336189053415901355e+02 9.622196826292578464e+01 6.495151146288087318e+01 6.488846681579077824e+01 4.716262059355419467e+01 3.716690826596423847e+01 2.484514443551654139e+01 1.596291854118590869e+01 1.172859437182828479e+01 4.810554745460556170e+00 3.939181579638379560e+00 2.964430782869880598e+00 2.229124258991676655e+00 1.372998407104963681e+00 1.190235324885090096e+00 8.129659126948441950e-01 6.533258071620383634e-01 4.371168149387015256e-01
5.625013105959781257e+01 1.790190025797912767e+02 1.216954209001714844e+02 2.244535147652462967e+02 1.164436520444338896e+02 1.678127392433212890e+02 1.327631708193977715e+02 9.913698249969144172e+01 6.358123811129137692e+01 6.243316011335960525e+01 4.776478707017103886e+01 3.621112087666131885e+01 2.479648042753270332e+01 1.592038811246694863e+01 1.131648709585410550e+01 4.599297598568444556e+00 3.819918196652492437e+00 3.117714023560565817e+00 2.136488522590965555e+00 1.339271192327738724e+00 1.115455484572181355e+00 7.755287250443723135e-01 5.880131758695943400e-01 3.542076795176551940e-01
6.181753116349464960e+01 1.657176904811250608e+02 1.213501998927769279e+02 2.214930794940260341e+02 1.195662585283103709e+02 1.699458249175699507e+02 1.341168078187664605e+02 9.399773238365268924e+01 6.252314310289769139e+01 6.387114628001052097e+01 4.774011977119663186e+01 3.643080238273499560e+01 2.462185250740998654e+01 1.552257186274602319e+01 1.139104655529305177e+01 4.714587286835733693e+00 3.906866851171043376e+00 3.078216451687056487e+00 2.173191470239099310e+00 1.383657518648547802e+00 1.172824619770458154e+00 8.410235124988032496e-01 6.313006654642118187e-01 4.126758063191761083e-01
5.871203899577606933e+01 1.893745084932737939e+02 1.227953397856124838e+02 2.349824164938899855e+02 1.263183631076773992e+02 1.732571414294096144e+02 1.358904204646531184e+02 9.687236091603787713e+01 6.612150753098816836e+01 6.412991216414665985e+01 4.648301322300766714e+01 3.682649982528455723e+01 2.464753369290803775e+01 1.602378310334680123e+01 1.170436413115521290e+01 4.709418679756247172e+00 3.805985161374464631e+00 3.083001259714888587e+00 2.180836602963955873e+00 1.360618636140489057e+00 1.189895852398558773e+00 8.061425528403229901e-01 6.221244152009700601e-01 4.001158121752932950e-01
5.790624342489815035e+01 1.752971039252676633e+02 1.174628616745299325e+02 2.281952186048277724e+02 1.104660165346519847e+02 1.701866184762205592e+02 1.314583587016470005e+02 9.743666067147871956e+01 6.488665905983214088e+01 6.450478422095551423e+01 4.791727295088838900e+01 3.589053778082933377e+01 2.500332823243018154e+01 1.524239519897960449e+01 1.127546184649269811e+01 4.776098186713548799e+00 3.835839267626247828e+00 3.198037880072358341e+00 2.204883984428330557e+00 1.382332450871266438e+00 1.179359010334898317e+00 8.048210064578398271e-01 6.325137616917626548e-01 3.992155362660896878e-01
3.016704094090163579e+01 1.874517223241897454e+02 1.112176250375243001e+02 2.235864187090041924e+02 1.172977622782184994e+02 1.729264672452767400e+02 1.335040307818186136e+02 9.711293852446867447e+01 6.461255037948205882e+01 6.382767205037153246e+01 4.719258939912514705e+01 3.630756475817637607e+01 2.509755062939469994e+01 1.583731408060073775e+01 1.147955931187220457e+01 4.535280983951639477e+00 3.853288792881225611e+00 3.055306425365533762e+00 2.155751893851863610e+00 1.391926976795049953e+00 1.124279448752166788e+00 8.047342341323424630e-01 6.563723278645765546e-01 4.196847735426270098e-01
6.348237112966189954e+01 1.883575284633810156e+02 1.173101011958838740e+02 2.253862807721165211e+02 1.150021187319579354e+02 1.701039858047916482e+02 1.356308496153757517e+02 9.521404301640487233e+01 6.432121271762289894e+01 6.433859949170231118e+01 4.746137202447237513e+01 3.658594920966030628e+01 2.494216553920691126e+01 1.604191900021872641e+01 1.156245274292483671e+01 4.738104140391446784e+00 3.838432722359931049e+00 3.147698942516821585e+00 2.089226055626237422e+00 1.342834906029112707e+00 1.120501299212273594e+00 8.226088411266053724e-01 6.736707757516813277e-01 4.257047586468418743e-01
5.709529645697371336e+01 1.843386602058119195e+02 1.205324715084164637e+02 2.181216767257150195e+02 1.162006201514023189e+02 1.771302742769686915e+02 1.344298421763088527e+02 9.576067481150450078e+01 6.382329072788469659e+01 6.462322323817700465e+01 4.829037569399219620e+01 3.752024097010205850e+01 2.520868123423595009e+01 1.584664511740847992e+01 1.161302014719760578e+01 4.971297039973206822e+00 3.937078153719642426e+00 2.919092777363491376e+00 2.145586502232653903e+00 1.384675103663771667e+00 1.153785732676470444e+00 7.972702521363695949e-01 6.303369892575590994e-01 4.065181415452926439e-01
6.247934186389696265e+01 1.708641978817998393e+02 1.146091467129078865e+02 2.317850510284401366e+02 1.196664202983977958e+02 1.705940771330300834e+02 1.329763855900692135e+02 9.689197811917885872e+01 6.524785692000202175e+01 6.452383770556672005e+01 4.733752042535348892e+01 3.649777821946354806e+01 2.501709413434648255e+01 1.587430603441083932e+01 1.152186891940124447e+01 4.771088289781755698e+00 3.828318501758980474e+00 3.030824953152156720e+00 2.179985275981804804e+00 1.355684110022136402e+00 1.132619785632318798e+00 7.778770367802941843e-01 6.490107885643736640e-01 4.043673902848173851e-01
5.210356510000717378e+01 1.601679216568913091e+02 1.090295043363473724e+02 2.249642667420829412e+02 1.183658825603211824e+02 1.776447958498995945e+02 1.328621495682651243e+02 9.677897828278074144e+01 6.277227325015140735e+01 6.437115195286955327e+01 4.778431559288279118e+01 3.661611723233347249e+01 2.480300341846427159e+01 1.574067786814377179e+01 1.159176506368833870e+01 4.630334406267071934e+00 3.828036137522597748e+00 3.025947135722210302e+00 2.155983236159442651e+00 1.339684668464028006e+00 1.147923676526630299e+00 8.211915845102828460e-01 6.718560476350179389e-01 4.220853274574724034e-01
5.594450655913704651e+01 1.924015393694932641e+02 1.117184567153683616e+02 2.302582259764227501e+02 1.176501445749911596e+02 1.720221851847009304e+02 1.351990900256711257e+02 9.495467302874617133e+01 6.404010460961994511e+01 6.392978465057182547e+01 4.748761647966731658e+01 3.654030073508803866e+01 2.445703765649545147e+01 1.586089013694023286e+01 1.156137457669082202e+01 4.925530804771503846e+00 3.915678627257181521e+00 3.013117507586971389e+00 2.133801429894140345e+00 1.346382725769890154e+00 1.101552218583251808e+00 8.342669427548876637e-01 6.877993240448369017e-01 4.199498550735348834e-01
4.644503335174076142e+01 1.864640723451553868e+02 1.148021389687062026e+02 2.251526509272072190e+02 1.260733057576755698e+02 1.698556280995366876e+02 1.363959438291067556e+02 9.485318388910174292e+01 6.489948649005424386e+01 6.449704565880408325e+01 4.705756576387389600e+01 3.673430890542872618e+01 2.546890519463120484e+01 1.554355364148222485e+01 1.181383900347817928e+01 4.779654980475067205e+00 3.938636442919390745e+00 2.974410417463351219e+00 2.060664642712331407e+00 1.324560421654843667e+00 1.150985908186301643e+00 8.253808616243256679e-01 7.103610939039658456e-01 4.136073891946143721e-01
5.320933662507118811e+01 1.749941417572303521e+02 1.242763338399292223e+02 2.210827192453484713e+02 1.250049124569482757e+02 1.713967348027372566e+02 1.349703463048190031e+02 9.899491312347005589e+01 6.403648381425347225e+01 6.412926786519901157e+01 4.739230643017506850e+01 3.571294254057585249e+01 2.512709833633518741e+01 1.599400344688826792e+01 1.155749519744622233e+01 4.962706245887777534e+00 3.915633539640164251e+00 2.969739267488772594e+00 2.090331758869268253e+00 1.341058272570523346e+00 1.170098670088766113e+00 7.676142694055918536e-01 6.567277053413715926e-01 3.909217680075233181e-01
5.022753309497238661e+01 2.005626299423634578e+02 1.117404588326265298e+02 2.285962842981492145e+02 1.162826127826571394e+02 1.702773709555908965e+02 1.353630048751633126e+02 9.672807769182057314e+01 6.467918809041019301e+01 6.465801503283260843e+01 4.750396004497370939e+01 3.648401874123213418e+01 2.508730067612422232e+01 1.606362846894632312e+01 1.146333750062182766e+01 4.555608260622439509e+00 3.698656562168877393e+00 2.991611522237035636e+00 2.087728462140614472e+00 1.371023197238069535e+00 1.175864740149948018e+00 7.915609359806309309e-01 6.678408741182496611e-01 4.130081865444076850e-01
6.545047575274156770e+01 2.017096726600685486e+02 1.293941745486046671e+02 2.438706884475769243e+02 1.220695462827980293e+02 1.663183727702867145e+02 1.317379397597617299e+02 9.873846634813396861e+01 6.551672644064542794e+01 6.392438499619014181e+01 4.637231069728720456e+01 3.644468933384362686e+01 2.499246208509136835e+01 1.562066475476130201e+01 1.148400118962517169e+01 4.603682740909285087e+00 3.911716895470790600e+00 3.029685332623265559e+00 2.158469760845241225e+00 1.416684766030242182e+00 1.155380069446727553e+00 8.436190361011538519e-01 6.476583185655760966e-01 4.074416560513207664e-01
5.482304353130074048e+01 1.916702683959090336e+02 1.168620911856126696e+02 2.322627405963299054e+02 1.174086230643588777e+02 1.731781194515767481e+02 1.346933140134503901e+02 9.714417866521276324e+01 6.490074825753006849e+01 6.313612585063736304e+01 4.736508227878498190e+01 3.604872511358157539e+01 2.472718741400969478e+01 1.600604954006495362e+01 1.155047600327956658e+01 4.768919144577854929e+00 3.680195615551200117e+00 3.045705254052105460e+00 2.089868632931454862e+00 1.348975841026440969e+00 1.069387633901164092e+00 8.228170641755254699e-01 6.624466746902610836e-01 3.989087438150374365e-01
5.857661481829797623e+01 1.899137619960946211e+02 1.039439264552107858e+02 2.239691029603149843e+02 1.162801313936736989e+02 1.710447074549630599e+02 1.359913757933628062e+02 9.550673345610807985e+01 6.567225846233785091e+01 6.312701745579078505e+01 4.739452838167060378e+01 3.680255091906946063e+01 2.468727764129241109e+01 1.604081603529629518e+01 1.158910827516690389e+01 4.616138185405033845e+00 3.817115744821390599e+00 3.038709985640144939e+00 2.168665781669318449e+00 1.299471275979951601e+00 1.167810122146674567e+00 8.273449339543835768e-01 6.392781222364100069e-01 4.072696569659321475e-01
7.589106334183361469e+01 1.818352806702346527e+02 1.191628422099025926e+02 2.114157998435054253e+02 1.172328284727987295e+02 1.732468835769989823e+02 1.367948488081652272e+02 9.328590166436940478e+01 6.578068929308527402e+01 6.475901943649456882e+01 4.703934461800714928e+01 3.656602719383401023e+01 2.423393716469367476e+01 1.586933310787415863e+01 1.146486345545888419e+01 4.831152630452793417e+00 3.871351357308364438e+00 3.024824783486129931e+00 2.128258015710168483e+00 1.301183834798846028e+00 1.161952565765642653e+00 8.132527114352180453e-01 6.570057117594033658e-01 4.181712844851487310e-01
5.415966404046876193e+01 1.691104296419033233e+02 1.064045702272938598e+02 2.283544847977040888e+02 1.264696602890761596e+02 1.713123381212497804e+02 1.313390086493706974e+02 9.616847161548452050e+01 6.449151025144990967e+01 6.339480634144922533e+01 4.657962619517059011e+01 3.610974301600581526e+01 2.518877311925577445e+01 1.567068940520129416e+01 1.152620337648539994e+01 4.621770142137516579e+00 3.737187922856090250e+00 3.015882645895885172e+00 2.101912204378839633e+00 1.327988191089773728e+00 1.152841217912427219e+00 8.034725373275404259e-01 6.252695382699460236e-01 4.129016060239820707e-01
3.818850612895523966e+01 1.859984352220272115e+02 1.121777938622476967e+02 2.058678626618735450e+02 1.205257566776848961e+02 1.643651125003197535e+02 1.342784685018441166e+02 9.845591359080363247e+01 6.444281290780659788e+01 6.321791424714191976e+01 4.820730295549538624e+01 3.603220479058457926e+01 2.505928100772876377e+01 1.608278772707122428e+01 1.178765816683315215e+01 4.735052089931754082e+00 3.839811461683338756e+00 3.090238522832062795e+00 2.146323207559646562e+00 1.342848119161967002e+00 1.152301464334880343e+00 8.061709167075414850e-01 6.361551632763914332e-01 3.953261931076614832e-01
5.500401272205383663e+01 1.989449158985115389e+02 1.115922165874445682e+02 2.219923109887853059e+02 1.195538963518904723e+02 1.703340630083310714e+02 1.322544742989836948e+02 9.746219973348415522e+01 6.472860032162044774e+01 6.419589940872931777e+01 4.862866741279686522e+01 3.627513624260951275e+01 2.506321712078724673e+01 1.550089578896326614e+01 1.151809923586596973e+01 4.793001714974582050e+00 3.940929753775773481e+00 2.902358766239988785e+00 2.083234241522692098e+00 1.308728916848150847e+00 1.107686579243915004e+00 8.212813332671040634e-01 6.600682622086980755e-01 4.046011544253963477e-01
5.791334996242511579e+01 1.819349997261901706e+02 1.171825650047393310e+02 2.310838203017719081e+02 1.228684102971800911e+02 1.660377302003490172e+02 1.333479385224913472e+02 9.593867918798915184e+01 6.267386976869759962e+01 6.373695660334247748e+01 4.816102729951273886e+01 3.703921048793682758e+01 2.493351279829766654e+01 1.593252625468725370e+01 1.156462659760094702e+01 4.757213470959183788e+00 3.882171466352349221e+00 2.993107170593006128e+00 2.127156434407322827e+00 1.351598799383176841e+00 1.151206960733518025e+00 8.015808059811468933e-01 6.262210457343544423e-01 4.047355143794769683e-01
5.628169208728657225e+01 1.866587991341768316e+02 1.189489003857785860e+02 2.302622501643919861e+02 1.109018081387086028e+02 1.717860500809947268e+02 1.343452454058483170e+02 9.586211343638447602e+01 6.520318533857668797e+01 6.385847563017456707e+01 4.758313103744816885e+01 3.593693221784531033e+01 2.523624998609527381e+01 1.568466201144667771e+01 1.148481616138483474e+01 4.763482999733486878e+00 3.955879627974230761e+00 3.036129693810001751e+00 2.155030590523626444e+00 1.358331118076713473e+00 1.201917531667443306e+00 8.287217887348710121e-01 6.611742579106861806e-01 4.271988303764551187e-01
5.208948493380258071e+01 1.889051387193417213e+02 1.110219789023648218e+02 2.219837292955463681e+02 1.232138470165332649e+02 1.684407012076786714e+02 1.342425764110652437e+02 9.731367873890768294e+01 6.342026700748659351e+01 6.352613864359420148e+01 4.687478802043299453e+01 3.649096662850946871e+01 2.511909664509385109e+01 1.610594961193493191e+01 1.154718417789572271e+01 4.686486641009200760e+00 3.930501120792162073e+00 3.093335330172197306e+00 2.183717918329128871e+00 1.347192374643757518e+00 1.126199511696605038e+00 8.075636592767699851e-01 6.365070994347489242e-01 4.043902456824457481e-01
3.973520110959992735e+01 1.739933509270355216e+02 1.134714862708530916e+02 2.255548009857247393e+02 1.139479447752358254e+02 1.688538071934295601e+02 1.352597455549760639e+02 9.450044805644175483e+01 6.406068710944227007e+01 6.393355243489679651e+01 4.746274234718180196e+01 3.685358887259786087e+01 2.501238984065101434e+01 1.621765315550934972e+01 1.152442709003206112e+01 4.933243627335988535e+00 3.880850423480019629e+00 3.031508197002225291e+00 2.203082529891422059e+00 1.322376001839257853e+00 1.125669385839891845e+00 8.195619427851310590e-01 6.765521994336406442e-01 4.339136867014340426e-01
5.827773734158881780e+01 2.081712818455463321e+02 1.140332528236098995e+02 2.155011238249338987e+02 1.154305421632437572e+02 1.657261214785774825e+02 1.342017478036605098e+02 9.246063818340768137e+01 6.361728053537923699e+01 6.472228443141999321e+01 4.855588489383606543e+01 3.651711503412595050e+01 2.515244714037941876e+01 1.570288364840857120e+01 1.155595127100454889e+01 4.697913238653904422e+00 3.881429341164338798e+00 2.957447145404471289e+00 2.171526707410863732e+00 1.352757541440939182e+00 1.171003599551778684e+00 8.021238898598884726e-01 6.352885997595763001e-01 3.967881466959533032e-01
5.571706755812769529e+01 2.048018744102733990e+02 1.225731533764624572e+02 2.246977379860378505e+02 1.177521537260703894e+02 1.755794690015214314e+02 1.301296510781873792e+02 9.664752631002947680e+01 6.530646531257714571e+01 6.379902429117014151e+01 4.754700261901794534e+01 3.659425670169086686e+01 2.481474239041409291e+01 1.589698694248911970e+01 1.134825189356016395e+01 4.636983812876716904e+00 3.866881383878684630e+00 2.896104714670397318e+00 2.144168770789319556e+00 1.415648121521088099e+00 1.197799527874263470e+00 7.818971997946571051e-01 6.039299084513498617e-01 4.392272143817348429e-01
6.609332694983589818e+01 1.899131787446192732e+02 1.168033538075229956e+02 2.178323680893284404e+02 1.226290628067315538e+02 1.717034236001939860e+02 1.331350046808281888e+02 9.490811723623605189e+01 6.587985531326120281e+01 6.407776017922616063e+01 4.662889031710206922e+01 3.634818800927794058e+01 2.456363193642560105e+01 1.571564299893645078e+01 1.147420103190143870e+01 4.689386786589931688e+00 3.870313530236196620e+00 2.962632347981986047e+00 2.083883284708234473e+00 1.288346722018380852e+00 1.122731968000194147e+00 8.086931165629644980e-01 6.302571429659579172e-01 3.747067376214641143e-01
5.511551513581552797e+01 1.829077879544750260e+02 1.205665521030648648e+02 2.305069849677297782e+02 1.201317626211485106e+02 1.735778258268899208e+02 1.351544892602714754e+02 9.522746280120088613e+01 6.501313878798791279e+01 6.460887399802554398e+01 4.764827704086673066e+01 3.685254369737854319e+01 2.445646839992398824e+01 1.641392112226197852e+01 1.135437012049398930e+01 4.609493222139469104e+00 3.834582061468546854e+00 2.924839761217870482e+00 2.164062134028382101e+00 1.346395343538050460e+00 1.151791018798610455e+00 8.206175633118719670e-01 6.513236134599529326e-01 3.911288027456993888e-01
5.680303272495608269e+01 1.680059593796797799e+02 1.174953302947166094e+02 2.403019594056860342e+02 1.239775733387848788e+02 1.774226079868030013e+02 1.361861656274344625e+02 9.738785288806339224e+01 6.303019976061607110e+01 6.408813045985772305e+01 4.740539560816956310e+01 3.637556646198858346e+01 2.516858994395796856e+01 1.628896522824416238e+01 1.160519480680197191e+01 4.868199237821399628e+00 3.828522991905426665e+00 3.030426592566660915e+00 2.175169151726719097e+00 1.360748055509100940e+00 1.175723342158873530e+00 8.315290854346305549e-01 6.310664220701192040e-01 4.207348768542945594e-01
4.868491546400598224e+01 1.795618949621596130e+02 1.077959945812311133e+02 2.361752401051996060e+02 1.176573246832313373e+02 1.735841078812328249e+02 1.369105600702327763e+02 9.518865642928334125e+01 6.459148104797526457e+01 6.225698893035119141e+01 4.735268611979026332e+01 3.725926438081357617e+01 2.502077764066666887e+01 1.599252643267138829e+01 1.158051435423654851e+01 4.664613887446541263e+00 3.718226115897302009e+00 2.997910880817029167e+00 2.150936611439464130e+00 1.363908091916297138e+00 1.163307550120146416e+00 8.746920553756952765e-01 6.730914765203755978e-01 4.274576824999421487e-01
6.526251966816512606e+01 1.865042088319925426e+02 1.316833551258146997e+02 2.365146192285020277e+02 1.093937358104760591e+02 1.751609266519272694e+02 1.353721566522319506e+02 9.404923258424297217e+01 6.752722767498480039e+01 6.429870363926463028e+01 4.753413537142333922e+01 3.594698706368163954e+01 2.467253909612023222e+01 1.608866172857322141e+01 1.157508516219228412e+01 4.685360158329832103e+00 3.826894759494921860e+00 3.030929714916227535e+00 2.184707877735058812e+00 1.345607477343289560e+00 1.158967846081486952e+00 8.110131276936916045e-01 6.502161362932855626e-01 4.159093921036269292e-01
5.466486909042223630e+01 1.925191341672552880e+02 1.105431373286227910e+02 2.249264913336365339e+02 1.204154833466185153e+02 1.737202588826506258e+02 1.351025334477351123e+02 9.707518875986461637e+01 6.443951397631069256e+01 6.254177107654134460e+01 4.787078647669558507e+01 3.655317146976121734e+01 2.519928276796533240e+01 1.582866052859623807e+01 1.158653709237931118e+01 4.467570922521015397e+00 3.819441568236835227e+00 3.071046942383686140e+00 2.158316828987858038e+00 1.336445824918776726e+00 1.166856397885646546e+00 8.114742690107190626e-01 6.112229041656316308e-01 3.892427309139797065e-01
5.283755580681361153e+01 1.898975495868690757e+02 1.042005302411987202e+02 2.292461726093434606e+02 1.162500019538774296e+02 1.690242707680243939e+02 1.341160606093771719e+02 9.711935905350141240e+01 6.273340202576563485e+01 6.427604670256569364e+01 4.725098900999302742e+01 3.651687994195308562e+01 2.517449264141530207e+01 1.574003200828703264e+01 1.150053365695229957e+01 4.779081020180282913e+00 3.842471646905618154e+00 2.901368463531885489e+00 2.121180625605832759e+00 1.345998678722049258e+00 1.147946219518227728e+00 8.198586357678063763e-01 6.349627092576992649e-01 3.955859939950032156e-01
5.342201328492168955e+01 1.853920799946831437e+02 1.103614332887652125e+02 2.270031368456416772e+02 1.202322299840014210e+02 1.644841025538084693e+02 1.325193553042048222e+02 9.422310587689744921e+01 6.402101147428194849e+01 6.309006837572903947e+01 4.792791978144413179e+01 3.707190213306234483e+01 2.483895136462866304e+01 1.602216762304745856e+01 1.148070013427333080e+01 4.764258149859560199e+00 3.915952262432892628e+00 2.985035376281965913e+00 2.192646680345212484e+00 1.371117375533319915e+00 1.185800684602832833e+00 8.267711147123996129e-01 6.579796329166262003e-01 4.192335649637394246e-01
4.828158954357404298e+01 1.877126064444216809e+02 9.694663151028284176e+01 2.246732920580336952e+02 1.199565492576585513e+02 1.677666181653851538e+02 1.326722274793059171e+02 9.833969475772155988e+01 6.264770743899587302e+01 6.197899363881496981e+01 4.736901089211460913e+01 3.609011200938574149e+01 2.493773394056068327e+01 1.600081341902771470e+01 1.188902828773105647e+01 4.529379471537712476e+00 3.651594640032098660e+00 3.138180220025938993e+00 2.113028094282654035e+00 1.333220324437581761e+00 1.114388549372876458e+00 7.636663391941456158e-01 6.341886689932537680e-01 3.679866544990815780e-01
6.447589552539335500e+01 1.861975542537616661e+02 1.075928439539160735e+02 2.201227035882780854e+02 1.206087439784342479e+02 1.679169869979169789e+02 1.345621382746750783e+02 9.769721647068323023e+01 6.502347249864450873e+01 6.410128000201730458e+01 4.693681509201327628e+01 3.613877185944192405e+01 2.457302233663611801e+01 1.591242978757105142e+01 1.147679054740828875e+01 4.674121236747726726e+00 3.851724396270834738e+00 3.007112124963594812e+00 2.214900029619669919e+00 1.356894685327339589e+00 1.125963238695065094e+00 8.261273247268731135e-01 6.500842917395885934e-01 3.994642818129745532e-01
6.934583442993330493e+01 1.803919434898328120e+02 1.147381247791721250e+02 2.223677112150172661e+02 1.162041826550298964e+02 1.714871382752734519e+02 1.346312719622639236e+02 9.438800853526194601e+01 6.423453023819361363e+01 6.374397008453694013e+01 4.765428150372903815e+01 3.670586696311315222e+01 2.493650784949008781e+01 1.602272833181664780e+01 1.179968592270309102e+01 4.733764290023788845e+00 3.832553322689178810e+00 3.010293673018900051e+00 2.131364805848495969e+00 1.365404629130343883e+00 1.138241710690516939e+00 8.115899404064055300e-01 6.560432989735751619e-01 4.019884868915865050e-01
5.749270828487050267e+01 1.764132490983554931e+02 1.137664851165679352e+02 2.242270774305314376e+02 1.196781841622572529e+02 1.758916756145565614e+02 1.352456812332690390e+02 9.694203601002824655e+01 6.483293721163992984e+01 6.372236440924191925e+01 4.724865803627783123e+01 3.648824620179357936e+01 2.494250698636141550e+01 1.568920804305803607e+01 1.148913503062148500e+01 4.776384181884270497e+00 3.825898735287859065e+00 3.015748529687277912e+00 2.179220851013212279e+00 1.359086830858650119e+00 1.172982838418406226e+00 8.292384119776421425e-01 6.669414673434539420e-01 4.252640285992706493e-01
5.410281349402732332e+01 1.907558438617580805e+02 1.234623146282370669e+02 2.301334946506202641e+02 1.196300519629217405e+02 1.681996488666522964e+02 1.372163788646531941e+02 9.531536832957159788e+01 6.463953237915795569e+01 6.414572086134086248e+01 4.742829611981016313e+01 3.660322642846765717e+01 2.545047978489069607e+01 1.575814251729918603e+01 1.143882076396119807e+01 4.580740983825451806e+00 3.998535736191322520e+00 3.069318579623199650e+00 2.140952366185856270e+00 1.340037521091699491e+00 1.178657552389431151e+00 8.483233385913906410e-01 6.153275446606729648e-01 4.117680920367845498e-01
4.459642909588758641e+01 1.888472511728452901e+02 1.112499377609611884e+02 2.291959210347309579e+02 1.130582992866135612e+02 1.731900296648909432e+02 1.371960894625226501e+02 9.387602044435162441e+01 6.691145946264425959e+01 6.455360684843931551e+01 4.779659769727506813e+01 3.612572426055326247e+01 2.447511087718555345e+01 1.560777192433718241e+01 1.133479721019840092e+01 4.910758654406736312e+00 3.890269567413188412e+00 2.889769216627086745e+00 2.125858243389050273e+00 1.338976481846403832e+00 1.135984193836719003e+00 7.994729474894616272e-01 6.234705245914459182e-01 4.032022375722406071e-01
6.885121009543614434e+01 1.914899344805266423e+02 1.138042761546733885e+02 2.232974147457488812e+02 1.181617282778614566e+02 1.693025574317215103e+02 1.355169488444139461e+02 9.540545278637178228e+01 6.354417250742103107e+01 6.429317254327803255e+01 4.665055099197985555e+01 3.581602401686023285e+01 2.490315845169431697e+01 1.574513861124876080e+01 1.157270765748099883e+01 4.664413739981124074e+00 3.924432216209128743e+00 3.025406542198026294e+00 2.136917399354446356e+00 1.312637419682692874e+00 1.179426160082708286e+00 8.025646644304321731e-01 6.421808991037271097e-01 3.995026256164793677e-01
4.859643851725149233e+01 1.741666876481755821e+02 1.196153963974070251e+02 2.334905136281152522e+02 1.223716966002183000e+02 1.670977406737442834e+02 1.379463058785594001e+02 9.355060248375554011e+01 6.444978632591097778e+01 6.265696267376146977e+01 4.682120022844108576e+01 3.659505419803680581e+01 2.473842664193520946e+01 1.627925179010757262e+01 1.132548456852982355e+01 4.861390378471369900e+00 3.685670015057868731e+00 3.021647300739525477e+00 2.118961429773929872e+00 1.344707804999743406e+00 1.158419070584922883e+00 8.108468469593491657e-01 6.439438154357989275e-01 4.153120159594321792e-01
5.085076170750407698e+01 1.671870713868688085e+02 1.019814910528952936e+02 2.353819195585116120e+02 1.183047010068795259e+02 1.727868432600278084e+02 1.351481902410661462e+02 9.394852241691674521e+01 6.360755674843620255e+01 6.348113815690393835e+01 4.715703849494746436e+01 3.643596952984933779e+01 2.510856329431908662e+01 1.558338794355377743e+01 1.164916284129894919e+01 4.695559531794913255e+00 4.014727209794498819e+00 3.114167626202734240e+00 2.220290112691092776e+00 1.345212190203652458e+00 1.167739209274027079e+00 8.126105373942595911e-01 6.468593684838652713e-01 4.232577811916320432e-01
5.879417812489921147e+01 1.862149358497444496e+02 1.181231735064151565e+02 2.318820091399722401e+02 1.164237050742853796e+02 1.700779386867416463e+02 1.359363830287449275e+02 9.647629041764284352e+01 6.255031983356236935e+01 6.338074386949854500e+01 4.770522599903794259e+01 3.649260672128252025e+01 2.500226701142043240e+01 1.598333276420133053e+01 1.160565148256663726e+01 4.694239423515472964e+00 3.835532815451327959e+00 3.087613889386966015e+00 2.158144421077721642e+00 1.325453615056408019e+00 1.144551135344636927e+00 8.468906302105713158e-01 6.540371665418899250e-01 4.088560296665239013e-01
5.552545853057107195e+01 1.833386869506194898e+02 1.075551398090090771e+02 2.320133346522428042e+02 1.135700070065271490e+02 1.749088394725055764e+02 1.357260563935430184e+02 9.543930740121911072e+01 6.380045278761385674e+01 6.450697464240762713e+01 4.664793065092160163e+01 3.629192230492106575e+01 2.477118569087819466e+01 1.564957411497325523e+01 1.161480370607386625e+01 4.657645158985891598e+00 3.958300495375759898e+00 3.117964801792466822e+00 2.188390788984823754e+00 1.448454755780218317e+00 1.216728703248133536e+00 8.552423212051785129e-01 6.877960712820418987e-01 4.344850110336606619e-01
7.457416578231243420e+01 1.825341479648929806e+02 1.208516518227159366e+02 2.343265954402780267e+02 1.208743698590213143e+02 1.749089184034015148e+02 1.363771848922082768e+02 9.881159918802025288e+01 6.499895168035311599e+01 6.446281049220266368e+01 4.680062728905878089e+01 3.618601650946237669e+01 2.486422041056908583e+01 1.599276803961323346e+01 1.161666750422641847e+01 4.694292780311750235e+00 3.822821195279902717e+00 2.898898021655719859e+00 2.123300798946836210e+00 1.345829523102130221e+00 1.130425209755413274e+00 7.940560250254035113e-01 6.609527892086023426e-01 3.907726938583074849e-01
5.993837290490645842e+01 2.088392457353546376e+02 1.147342431274555707e+02 2.234570216489584027e+02 1.171713755625733455e+02 1.718897142767305297e+02 1.354941565974247624e+02 9.861272598799895661e+01 6.442965525776777724e+01 6.273106123652865307e+01 4.614224322714472493e+01 3.708994245525914124e+01 2.515765822829681042e+01 1.603464042919973309e+01 1.137818225040711440e+01 4.802179029379048281e+00 3.927329931824740772e+00 2.976886818762968012e+00 2.076218872293094098e+00 1.325637413375883256e+00 1.111250489023288823e+00 8.085410267505711568e-01 6.647971016958172941e-01 4.333706000513828371e-01
4.270536059502909865e+01 1.952805324457740426e+02 1.291746373283693856e+02 2.208805989388858961e+02 1.174456620421431268e+02 1.637411248616782018e+02 1.345645338326926890e+02 9.627298410370130455e+01 6.510208859042938911e+01 6.482476419732533657e+01 4.681085743145137457e+01 3.690710494959807875e+01 2.457716498670330552e+01 1.552325059175138833e+01 1.157281795064769092e+01 4.588629134270819421e+00 3.834528960769287842e+00 3.060193712015647272e+00 2.149477784270689806e+00 1.399904809673282235e+00 1.107949813117083959e+00 7.913085015997046723e-01 6.250390777144799737e-01 3.894285445440189286e-01
6.049529505193692103e+01 1.892691640006853220e+02 1.260231276860910583e+02 2.205555820095959234e+02 1.268624244321569421e+02 1.713361809136215470e+02 1.334573780475475360e+02 9.619153353664761141e+01 6.385270139272125078e+01 6.533432679446930536e+01 4.708892334458725060e+01 3.510601211767165353e+01 2.432291734908497460e+01 1.592528246533863800e+01 1.149782487749755333e+01 4.859702696428184865e+00 3.663092286201471204e+00 2.840632141284390233e+00 2.156179795719295189e+00 1.306006203416233635e+00 1.112497526667278747e+00 7.978982493629868111e-01 6.541782979298425005e-01 4.037103514176204611e-01
5.961119026158138468e+01 1.851521294469015118e+02 1.214014629138107182e+02 2.366348606609851970e+02 1.220482211795217609e+02 1.707656444832747127e+02 1.338506938454157762e+02 9.629515541969762182e+01 6.376265247664526470e+01 6.466979659192853092e+01 4.773654748489941824e+01 3.667246643168691378e+01 2.503527271175047986e+01 1.617670531224998953e+01 1.154845954640368078e+01 4.687217222630522429e+00 3.859353461052350553e+00 3.064328896266547364e+00 2.184487269973292900e+00 1.347812486467547588e+00 1.147703044265211636e+00 8.046072213066393086e-01 6.423354024643531668e-01 4.190040648774220333e-01
5.267693944514460469e+01 1.853631267286941409e+02 1.132742566502897859e+02 2.342111881975696974e+02 1.233793748752721342e+02 1.683204463276393028e+02 1.361144724746069414e+02 9.733097591522714254e+01 6.409548301504320023e+01 6.392229396596031421e+01 4.685955303966203900e+01 3.649907958307661460e+01 2.503954358275646896e+01 1.602306530872035850e+01 1.147528775785092492e+01 4.597545414308823908e+00 3.855525340234422060e+00 2.945906183071512974e+00 2.165207575867881928e+00 1.360986572638727354e+00 1.151969089830929160e+00 7.971922426358091229e-01 6.483939079465637079e-01 4.036719264916899808e-01
5.321618347312544017e+01 1.855490263994807378e+02 1.186848733512186413e+02 2.316382458508689979e+02 1.229912054808390991e+02 1.699206263520210030e+02 1.340526992291665351e+02 9.424338851863878119e+01 6.492107975247165541e+01 6.447204666454119604e+01 4.764842824042082015e+01 3.627972832797772895e+01 2.475873028768939221e+01 1.606607738830646070e+01 1.157331576758046765e+01 4.834276229121289958e+00 3.757060691753800086e+00 2.982400401548948032e+00 2.154041939011999141e+00 1.372133150587208972e+00 1.168007777662575464e+00 8.219070336927399856e-01 6.363211643864857825e-01 3.939942582952213890e-01
5.390960952153330510e+01 1.839671605313261011e+02 1.039064017018884698e+02 2.241571104936982408e+02 1.211945004211398498e+02 1.672771182358559088e+02 1.343728630862365208e+02 9.465421126949320296e+01 6.456337714587525056e+01 6.417669983814987233e+01 4.733153109885797960e+01 3.645916007263835468e+01 2.478411413287018306e+01 1.584359664444693649e+01 1.155283454221335226e+01 4.727679862787002030e+00 3.848612423699548035e+00 3.045708577474798062e+00 2.098783650019508951e+00 1.407225685219094968e+00 1.163783865755911417e+00 8.225252329027616938e-01 6.528686455399864697e-01 4.413721739555654944e-01
7.090481906356529862e+01 1.915485186599237863e+02 9.756992321773202548e+01 2.305377540009504003e+02 1.182535857454803647e+02 1.709394791722812954e+02 1.349188556967336581e+02 9.630965473344362238e+01 6.395568475349460869e+01 6.370743052086400127e+01 4.664751241097969370e+01 3.636178698932095443e+01 2.472895109361075683e+01 1.594709879327556479e+01 1.136193109578567118e+01 4.557028263157918424e+00 3.847607106255977349e+00 2.924349906479930983e+00 2.049709782209082842e+00 1.246184116166516143e+00 1.072871994014431118e+00 7.802389314042680324e-01 6.045206549266424201e-01 3.745632050150525805e-01
6.590097326598672112e+01 1.781649312926693653e+02 1.220700534609914882e+02 2.229438028426684184e+02 1.211138180152772890e+02 1.671764844935537724e+02 1.328493597818863918e+02 9.823431767041513751e+01 6.500128726446509120e+01 6.370820348548969747e+01 4.604750531768490873e+01 3.616603557248052425e+01 2.496105926707331690e+01 1.593504195874658080e+01 1.147210879843686904e+01 4.649251830240467953e+00 3.939423436291754399e+00 2.933683800732708846e+00 2.072153596034722600e+00 1.294109069459007166e+00 1.117762821784558325e+00 7.809507157177618675e-01 6.566622991112683883e-01 4.132252833565714933e-01
5.437769224153247904e+01 1.894066846160593514e+02 1.243978740328210364e+02 2.334151753004290697e+02 1.166758388420717836e+02 1.699925941186774025e+02 1.344198726624837263e+02 9.544936863064921795e+01 6.430690289735160547e+01 6.383566710965727964e+01 4.723784011808896821e+01 3.683491199038618191e+01 2.486707944912804180e+01 1.602256174810743161e+01 1.177329082581387354e+01 4.651379695569454853e+00 3.845804116966702324e+00 3.061887077422622117e+00 2.175289762973872332e+00 1.370256363397424071e+00 1.146583868653023863e+00 8.259711407027188201e-01 6.466312778035046005e-01 4.281076821899765239e-01
5.801715644387853388e+01 1.754398904269621653e+02 1.123528819036568933e+02 2.327295360788579615e+02 1.141478520399897718e+02 1.700745762138499515e+02 1.319202825574309372e+02 9.757746040243149821e+01 6.497328733799659517e+01 6.382906108455253502e+01 4.755794653781521930e+01 3.602319377943212686e+01 2.480759711777548304e+01 1.565950498263165613e+01 1.142586866390795386e+01 4.775836774114826433e+00 3.819153769654024533e+00 2.941790788282297786e+00 2.143259550904929700e+00 1.368291996070343908e+00 1.124524386439661017e+00 8.228183085292677390e-01 6.698353344961978095e-01 4.163362037753913780e-01
4.322799437274451151e+01 1.764199349420568694e+02 1.130834886850771994e+02 2.284119861175732069e+02 1.133726589403031397e+02 1.733274372086643780e+02 1.347848012007181921e+02 9.930645823369148673e+01 6.523940994971852092e+01 6.404033000863998382e+01 4.687003171991185013e+01 3.629101016299167526e+01 2.427319442093244817e+01 1.640216045250888754e+01 1.153244119390492450e+01 4.781720890990782458e+00 3.992267193666046321e+00 3.059871815078432533e+00 2.093330151553530971e+00 1.361103646858518701e+00 1.141173520771092242e+00 8.297377858289285424e-01 6.856260003696059702e-01 4.142467883187146427e-01
4.770550936793161867e+01 1.912075589587464890e+02 1.064313912659342662e+02 2.328665258643166283e+02 1.181112125021523838e+02 1.701153233454656686e+02 1.348038645826053425e+02 9.587335915448295509e+01 6.380749753358566778e+01 6.381504363645600364e+01 4.846362706199060000e+01 3.706088044036172136e+01 2.508311467901658887e+01 1.604293294312989104e+01 1.151883718492136843e+01 4.793807880332138005e+00 3.794807643758270288e+00 3.046486613158219114e+00 2.186396464998124234e+00 1.373139842075871586e+00 1.141181872371114459e+00 7.983857920336070446e-01 6.237107276605472483e-01 3.835799714369011459e-01
4.379163038417768661e+01 1.799185689426248871e+02 1.136740169038672974e+02 2.325836204941663539e+02 1.175880396210049099e+02 1.713657281794628489e+02 1.359665648342836164e+02 9.654832868065281559e+01 6.464626276279045669e+01 6.294787486612618466e+01 4.727946212242461144e+01 3.549369876077713570e+01 2.498796435587470910e+01 1.591216504664872033e+01 1.141599379988094221e+01 4.660525308330219829e+00 3.860929884210525298e+00 2.955173073512945336e+00 2.127328794795688260e+00 1.376240060855935088e+00 1.108777995907317848e+00 8.027342872583155264e-01 6.384757048822614633e-01 4.112582757559943847e-01
5.787803756317936177e+01 1.824495301864259886e+02 1.143527646663094686e+02 2.359229480194610744e+02 1.209535254185183391e+02 1.712572577633576998e+02 1.352039277773917831e+02 9.669598054555167721e+01 6.378921764210792844e+01 6.402322366994741287e+01 4.759422730673291113e+01 3.661822195193262530e+01 2.504568980815068713e+01 1.593322435378798474e+01 1.146896214771248346e+01 4.774236671159107104e+00 3.786748348830144995e+00 3.064282784498853385e+00 2.137610881907506144e+00 1.369127228846620969e+00 1.188970255322281622e+00 8.328044129743359392e-01 6.797469112658688362e-01 4.248420427579455705e-01
7.386561500475326625e+01 1.906267049309713855e+02 1.090770038524764374e+02 2.269906626447739768e+02 1.220277661848529931e+02 1.725886481807667394e+02 1.360525358669617049e+02 9.680643168934155085e+01 6.392712169994359073e+01 6.332198379368961128e+01 4.691938230727454595e+01 3.647056700149703090e+01 2.493442837255159006e+01 1.615573006730225103e+01 1.152542288430871942e+01 4.656644464199986011e+00 3.841990137539317285e+00 3.007768889598845696e+00 2.116187272382723972e+00 1.358978712004871969e+00 1.146221509572838082e+00 8.127796213348553733e-01 6.479044071689327167e-01 3.832173159167258092e-01
5.612521539348887245e+01 1.855417134340158043e+02 1.135514875371892316e+02 2.300827192201628577e+02 1.208007593437130112e+02 1.691537973035565017e+02 1.362424714848013139e+02 9.772456161569745348e+01 6.515248321399633369e+01 6.485504547046595292e+01 4.738921119720603059e+01 3.693476182738334757e+01 2.521776128171341114e+01 1.611079320886288002e+01 1.166113577613465502e+01 4.776692402951144167e+00 3.902440078132579426e+00 3.049974373612863499e+00 2.163938102568037092e+00 1.363241336348459232e+00 1.154077944980752113e+00 8.060063128510833730e-01 6.477963880983770295e-01 3.946169934569485616e-01
5.411584309903165035e+01 1.759716319518207683e+02 1.187547003663453893e+02 2.312881991883349713e+02 1.244901895693658815e+02 1.711825708725352797e+02 1.359448501671627980e+02 9.677070353720377227e+01 6.659888232803169217e+01 6.521586688467428417e+01 4.816375929100841802e+01 3.671284380749788312e+01 2.518861483568993265e+01 1.594207159339881130e+01 1.170312433787454154e+01 4.781455102093937981e+00 3.924764993299049376e+00 3.067372640821723451e+00 2.157635180544732023e+00 1.334854588414997822e+00 1.147112740072872672e+00 7.998049460034502012e-01 6.300637631006026362e-01 3.855247175738329979e-01
5.327504298360315715e+01 1.739498163575377703e+02 1.136897693328923538e+02 2.346993891146547071e+02 1.193092507171687231e+02 1.678937137838421165e+02 1.342298359085956463e+02 9.321548763137167271e+01 6.265178045809759055e+01 6.376203666823521843e+01 4.706514856064120522e+01 3.571674014309869705e+01 2.493153767622719386e+01 1.602338778021090349e+01 1.173203011506389792e+01 4.671886447384422603e+00 3.880098915822977723e+00 3.040254408432178757e+00 2.129368154354319476e+00 1.373407713108038886e+00 1.179105429075914202e+00 8.191537987751390526e-01 6.676915887548466877e-01 3.954772734868666761e-01
5.172818975545980891e+01 1.801256361044008258e+02 1.100750184064636130e+02 2.350859413078054843e+02 1.241780488671193012e+02 1.675669465985583031e+02 1.359473403589505835e+02 9.607390219543850662e+01 6.403307943326848317e+01 6.428168469403682650e+01 4.803136944782970374e+01 3.686325943373226721e+01 2.504310396677078998e+01 1.633090144682663691e+01 1.147274760758878465e+01 4.729292465732261697e+00 3.906975184840025594e+00 3.040785763557582122e+00 2.125329094403972885e+00 1.343310303900817182e+00 1.152575484697807795e+00 8.259359993987013260e-01 6.359330419870387052e-01 4.031719098486318265e-01
5.396181390729064731e+01 1.850286629035912540e+02 1.101621038167305073e+02 2.336734661096052434e+02 1.193550115625833286e+02 1.717629719862671038e+02 1.363332586166617091e+02 9.591938136558799499e+01 6.531342601203790821e+01 6.464548844313424070e+01 4.792392091256223097e+01 3.645903282918178689e+01 2.489812440901184232e+01 1.595132055786247349e+01 1.178688077564004821e+01 4.724223998774367494e+00 3.916846458921799279e+00 3.049551244144281803e+00 2.176728051186853197e+00 1.365914339864092275e+00 1.149230418342367610e+00 8.382506566650246294e-01 6.663927894056889123e-01 4.406121960716896657e-01
5.754536849007416066e+01 1.869815104720271393e+02 1.176885939298000920e+02 2.320878917254688929e+02 1.202853519261954034e+02 1.734636795379586260e+02 1.375166877605705622e+02 9.790388209814314280e+01 6.442622768016677526e+01 6.510443715818171029e+01 4.820937522588931046e+01 3.702559273594274458e+01 2.515046628045509891e+01 1.591760912036897579e+01 1.164980908249671820e+01 4.898201649492807341e+00 3.857148246410714076e+00 3.086161150949334520e+00 2.178149162707723185e+00 1.348988345397657662e+00 1.146106543966338931e+00 7.924225635402022405e-01 6.364008403727602348e-01 4.013689014480433803e-01
5.746828797580509729e+01 1.800121576106533610e+02 1.108075387593605399e+02 2.202877536074733200e+02 1.187771915556226503e+02 1.711702815986649000e+02 1.338887853297135280e+02 9.652278067798559391e+01 6.344434038770631901e+01 6.405637189477151594e+01 4.723170017893261274e+01 3.667166620258824139e+01 2.490416702579857500e+01 1.593336754061839855e+01 1.142120448009102063e+01 4.624087331066339956e+00 3.851992505841636216e+00 3.096558951429450701e+00 2.127432151685091366e+00 1.332300628097631501e+00 1.144095199697617415e+00 8.065809618028502159e-01 6.523210701384570820e-01 4.321054860369220596e-01
7.040544821250182395e+01 1.529332098893471539e+02 1.163208518050158773e+02 2.266343987368855437e+02 1.128573367129457523e+02 1.687480552415053126e+02 1.322237456135222828e+02 9.652648930188293264e+01 6.291971656576271243e+01 6.351648026915280809e+01 4.754505238268341571e+01 3.704849743098541381e+01 2.471315683227716775e+01 1.578026271645964229e+01 1.157443312537948188e+01 4.474618518801865896e+00 3.973460603164751248e+00 2.974694749073816702e+00 2.153102965288675730e+00 1.374428659245799045e+00 1.109673183743999036e+00 7.842962303861535922e-01 6.093571897690394090e-01 3.809803394904255347e-01
5.622942385980524449e+01 1.795899462117356506e+02 1.159981803406839020e+02 2.258563443646447126e+02 1.165986699173923569e+02 1.656774111810511840e+02 1.325425961663068790e+02 9.730206635269038884e+01 6.436770104715866125e+01 6.463778437665374099e+01 4.732034036826638612e+01 3.695772279694845253e+01 2.452809332969420453e+01 1.588807142749816670e+01 1.159077292568765394e+01 4.710888565615267254e+00 3.878924016486714255e+00 3.054701436122326808e+00 2.139868429458701371e+00 1.372405139442301358e+00 1.133222957311458945e+00 7.872022379764277433e-01 6.281328826021939093e-01 3.798937648744376006e-01
5.666202341343542059e+01 1.851434948420119042e+02 1.100368124345195042e+02 2.218368837488299050e+02 1.145888027849874220e+02 1.716516502278535654e+02 1.345288999394286975e+02 9.522357558704133851e+01 6.586384338447929565e+01 6.398651316464495409e+01 4.751415735023176978e+01 3.575465952046324958e+01 2.496029677593458018e+01 1.562796057870900235e+01 1.147964393016679630e+01 4.649795682489505921e+00 3.875044269702744071e+00 2.981309131049039163e+00 2.107494841142437458e+00 1.329144339425757382e+00 1.123528529784088903e+00 8.142613219372762945e-01 6.329937112279986344e-01 4.110145278915978695e-01
5.635906034392365882e+01 1.827693395483939867e+02 1.135024019208780715e+02 2.318991887958314067e+02 1.230466723196993399e+02 1.734594589519644501e+02 1.339928251155936891e+02 9.799013219448139012e+01 6.454189810410049688e+01 6.426600540425225461e+01 4.782996530033810245e+01 3.666569303948779179e+01 2.502985228376268978e+01 1.602253905287084024e+01 1.162614046312878102e+01 4.729670933343454564e+00 3.946612951376355483e+00 3.018297400433811006e+00 2.165719263326340460e+00 1.361025542072416439e+00 1.172214080981313078e+00 8.113453332736128010e-01 6.413130847277480617e-01 4.012254848398248974e-01
6.273780371978670445e+01 1.791527730834530416e+02 1.237608936101330812e+02 2.238228971585681677e+02 1.116642275499853838e+02 1.624752362549865836e+02 1.390704069736597717e+02 8.988657776407818289e+01 6.141732254100305965e+01 6.424019265041734172e+01 4.633748358429680536e+01 3.655133832445030606e+01 2.427889093013056865e+01 1.561413707840605802e+01 1.118279341065521315e+01 4.622855981163861649e+00 3.753737134990680069e+00 3.005245873313022731e+00 2.151738348236395204e+00 1.334548937983752515e+00 1.157537206255307094e+00 8.289142309734199854e-01 6.574433307761047285e-01 4.305226695403737702e-01
3.669263990470587089e+01 1.446579291978702315e+02 1.274871854763216419e+02 2.216231041255258845e+02 1.121466315930261430e+02 1.695939236369354433e+02 1.348512286479115687e+02 9.797814398785513390e+01 6.475658080177697684e+01 6.197497996744093030e+01 4.605937000036148987e+01 3.559933274234683864e+01 2.453216114203774723e+01 1.621475005082508147e+01 1.121734457369945126e+01 4.415385479007509772e+00 3.729291911120731662e+00 2.979850339515079050e+00 2.189630907651963998e+00 1.321800013488126480e+00 1.171951218870870060e+00 8.175622182676109961e-01 6.305366188562359087e-01 4.008738632282954351e-01
5.469822516225085707e+01 1.912197587650505000e+02 1.143491672901179470e+02 2.241344690260299899e+02 1.163310407061124181e+02 1.656187049511128180e+02 1.361883606910484446e+02 9.551799984343519156e+01 6.490542659784314594e+01 6.433332682364199684e+01 4.739391270147301327e+01 3.658085057735473811e+01 2.475594087094092544e+01 1.611463507188226885e+01 1.150514551205011848e+01 4.677805116532075758e+00 3.876199028912199918e+00 3.066057337779882097e+00 2.109395123727678012e+00 1.358946009900605434e+00 1.168610535349707824e+00 8.108873183222613523e-01 6.401188323366588939e-01 4.087714880301588360e-01
4.540128749837195699e+01 1.662817802049050044e+02 1.272193594485749486e+02 2.205336044097900299e+02 1.205665979213726047e+02 1.724078467336608469e+02 1.340698743340657586e+02 9.807502086592236878e+01 6.348773014950227633e+01 6.281756107181168147e+01 4.724091113198598180e+01 3.619497083844629515e+01 2.483694773585335014e+01 1.580522059180823824e+01 1.143335822125947132e+01 4.745882729221518659e+00 3.823198420915670859e+00 3.102823985449739030e+00 2.107104107544551574e+00 1.331537366682729040e+00 1.149235400167695431e+00 8.168820657215039027e-01 6.240430242546827211e-01 3.957978611418833115e-01
5.452185659690854891e+01 1.620558567100754885e+02 1.116940676441479496e+02 2.290833689554373223e+02 1.187523461683505701e+02 1.718076777152618604e+02 1.373679010369860691e+02 9.721885012168667117e+01 6.396365588142219138e+01 6.419287177838090486e+01 4.713489795647176095e+01 3.661384950630392154e+01 2.477841110687018755e+01 1.606704090810681862e+01 1.148340468239874390e+01 4.704774667749803463e+00 3.802856090257567878e+00 2.982633661742152054e+00 2.107106445672365158e+00 1.347899669546778867e+00 1.146559787987683654e+00 8.072181434152638779e-01 6.537038538858108705e-01 4.116874819016282938e-01
