5.793267059326171875e+01 8.157762145996093750e+01
6.091328430175781250e+01 5.064896011352539062e+01
-8.663503646850585938e+00 3.558308410644531250e+01
2.396384048461914062e+01 2.632422637939453125e+01
1.716880989074707031e+01 2.025038719177246094e+01
3.589227294921875000e+01 1.491319942474365234e+01
5.518898963928222656e+00 1.137630558013916016e+01
1.190272450447082520e+00 8.725007057189941406e+00
2.343748092651367188e+00 6.630490779876708984e+00
5.097890272736549377e-02 4.995211601257324219e+00
7.890293598175048828e-01 3.763883113861083984e+00
5.231465816497802734e+00 2.792274236679077148e+00
-5.641295909881591797e-01 2.079447269439697266e+00
1.404875874519348145e+00 1.527534484863281250e+00
1.088795185089111328e+00 1.114374279975891113e+00
5.134188011288642883e-02 8.149209022521972656e-01
7.888382077217102051e-01 5.946885347366333008e-01
3.202580213546752930e-01 4.336765110492706299e-01
1.982175558805465698e-01 3.164117932319641113e-01
9.922926872968673706e-02 2.308526635169982910e-01
2.361443452537059784e-02 1.684824675321578979e-01
-1.311753224581480026e-02 1.232096850872039795e-01
-6.916091591119766235e-02 9.029425680637359619e-02
6.974522955715656281e-03 6.676347553730010986e-02
