1.081470050690768181e+00 1.081470050690768181e+00 1.081470050690768181e+00 1.081470050690768181e+00 1.081470050690768181e+00 1.081470050690768181e+00 1.081470050690768181e+00 1.081470050690768181e+00 1.081470050690768181e+00 1.081470050690768181e+00 1.081470050690768181e+00 1.081470050690768181e+00 1.081470050690768181e+00 1.081470050690768181e+00 1.081470050690768181e+00 1.081470050690768181e+00 1.081470050690768181e+00 1.081470050690768181e+00 1.081470050690768181e+00 1.081470050690768181e+00 1.081470050690768181e+00 1.081470050690768181e+00 1.081470050690768181e+00 1.081470050690768181e+00
1.081432120126936125e+00 1.081432120126936125e+00 1.081432120126936125e+00 1.081432120126936125e+00 1.081432120126936125e+00 1.081432120126936125e+00 1.081432120126936125e+00 1.081432120126936125e+00 1.081432120126936125e+00 1.081432120126936125e+00 1.081432120126936125e+00 1.081432120126936125e+00 1.081432120126936125e+00 1.081432120126936125e+00 1.081432120126936125e+00 1.081432120126936125e+00 1.081432120126936125e+00 1.081432120126936125e+00 1.081432120126936125e+00 1.081432120126936125e+00 1.081432120126936125e+00 1.081432120126936125e+00 1.081432120126936125e+00 1.081432120126936125e+00
1.081478534629810362e+00 1.081478534629810362e+00 1.081478534629810362e+00 1.081478534629810362e+00 1.081478534629810362e+00 1.081478534629810362e+00 1.081478534629810362e+00 1.081478534629810362e+00 1.081478534629810362e+00 1.081478534629810362e+00 1.081478534629810362e+00 1.081478534629810362e+00 1.081478534629810362e+00 1.081478534629810362e+00 1.081478534629810362e+00 1.081478534629810362e+00 1.081478534629810362e+00 1.081478534629810362e+00 1.081478534629810362e+00 1.081478534629810362e+00 1.081478534629810362e+00 1.081478534629810362e+00 1.081478534629810362e+00 1.081478534629810362e+00
1.081371688617718263e+00 1.081371688617718263e+00 1.081371688617718263e+00 1.081371688617718263e+00 1.081371688617718263e+00 1.081371688617718263e+00 1.081371688617718263e+00 1.081371688617718263e+00 1.081371688617718263e+00 1.081371688617718263e+00 1.081371688617718263e+00 1.081371688617718263e+00 1.081371688617718263e+00 1.081371688617718263e+00 1.081371688617718263e+00 1.081371688617718263e+00 1.081371688617718263e+00 1.081371688617718263e+00 1.081371688617718263e+00 1.081371688617718263e+00 1.081371688617718263e+00 1.081371688617718263e+00 1.081371688617718263e+00 1.081371688617718263e+00
1.081538750071782795e+00 1.081538750071782795e+00 1.081538750071782795e+00 1.081538750071782795e+00 1.081538750071782795e+00 1.081538750071782795e+00 1.081538750071782795e+00 1.081538750071782795e+00 1.081538750071782795e+00 1.081538750071782795e+00 1.081538750071782795e+00 1.081538750071782795e+00 1.081538750071782795e+00 1.081538750071782795e+00 1.081538750071782795e+00 1.081538750071782795e+00 1.081538750071782795e+00 1.081538750071782795e+00 1.081538750071782795e+00 1.081538750071782795e+00 1.081538750071782795e+00 1.081538750071782795e+00 1.081538750071782795e+00 1.081538750071782795e+00
1.081446157069719360e+00 1.081446157069719360e+00 1.081446157069719360e+00 1.081446157069719360e+00 1.081446157069719360e+00 1.081446157069719360e+00 1.081446157069719360e+00 1.081446157069719360e+00 1.081446157069719360e+00 1.081446157069719360e+00 1.081446157069719360e+00 1.081446157069719360e+00 1.081446157069719360e+00 1.081446157069719360e+00 1.081446157069719360e+00 1.081446157069719360e+00 1.081446157069719360e+00 1.081446157069719360e+00 1.081446157069719360e+00 1.081446157069719360e+00 1.081446157069719360e+00 1.081446157069719360e+00 1.081446157069719360e+00 1.081446157069719360e+00
1.081452574839670833e+00 1.081452574839670833e+00 1.081452574839670833e+00 1.081452574839670833e+00 1.081452574839670833e+00 1.081452574839670833e+00 1.081452574839670833e+00 1.081452574839670833e+00 1.081452574839670833e+00 1.081452574839670833e+00 1.081452574839670833e+00 1.081452574839670833e+00 1.081452574839670833e+00 1.081452574839670833e+00 1.081452574839670833e+00 1.081452574839670833e+00 1.081452574839670833e+00 1.081452574839670833e+00 1.081452574839670833e+00 1.081452574839670833e+00 1.081452574839670833e+00 1.081452574839670833e+00 1.081452574839670833e+00 1.081452574839670833e+00
1.081495145005970659e+00 1.081495145005970659e+00 1.081495145005970659e+00 1.081495145005970659e+00 1.081495145005970659e+00 1.081495145005970659e+00 1.081495145005970659e+00 1.081495145005970659e+00 1.081495145005970659e+00 1.081495145005970659e+00 1.081495145005970659e+00 1.081495145005970659e+00 1.081495145005970659e+00 1.081495145005970659e+00 1.081495145005970659e+00 1.081495145005970659e+00 1.081495145005970659e+00 1.081495145005970659e+00 1.081495145005970659e+00 1.081495145005970659e+00 1.081495145005970659e+00 1.081495145005970659e+00 1.081495145005970659e+00 1.081495145005970659e+00
1.081448024616769255e+00 1.081448024616769255e+00 1.081448024616769255e+00 1.081448024616769255e+00 1.081448024616769255e+00 1.081448024616769255e+00 1.081448024616769255e+00 1.081448024616769255e+00 1.081448024616769255e+00 1.081448024616769255e+00 1.081448024616769255e+00 1.081448024616769255e+00 1.081448024616769255e+00 1.081448024616769255e+00 1.081448024616769255e+00 1.081448024616769255e+00 1.081448024616769255e+00 1.081448024616769255e+00 1.081448024616769255e+00 1.081448024616769255e+00 1.081448024616769255e+00 1.081448024616769255e+00 1.081448024616769255e+00 1.081448024616769255e+00
1.081437643768310419e+00 1.081437643768310419e+00 1.081437643768310419e+00 1.081437643768310419e+00 1.081437643768310419e+00 1.081437643768310419e+00 1.081437643768310419e+00 1.081437643768310419e+00 1.081437643768310419e+00 1.081437643768310419e+00 1.081437643768310419e+00 1.081437643768310419e+00 1.081437643768310419e+00 1.081437643768310419e+00 1.081437643768310419e+00 1.081437643768310419e+00 1.081437643768310419e+00 1.081437643768310419e+00 1.081437643768310419e+00 1.081437643768310419e+00 1.081437643768310419e+00 1.081437643768310419e+00 1.081437643768310419e+00 1.081437643768310419e+00
1.081433987061132029e+00 1.081433987061132029e+00 1.081433987061132029e+00 1.081433987061132029e+00 1.081433987061132029e+00 1.081433987061132029e+00 1.081433987061132029e+00 1.081433987061132029e+00 1.081433987061132029e+00 1.081433987061132029e+00 1.081433987061132029e+00 1.081433987061132029e+00 1.081433987061132029e+00 1.081433987061132029e+00 1.081433987061132029e+00 1.081433987061132029e+00 1.081433987061132029e+00 1.081433987061132029e+00 1.081433987061132029e+00 1.081433987061132029e+00 1.081433987061132029e+00 1.081433987061132029e+00 1.081433987061132029e+00 1.081433987061132029e+00
1.081400140386197473e+00 1.081400140386197473e+00 1.081400140386197473e+00 1.081400140386197473e+00 1.081400140386197473e+00 1.081400140386197473e+00 1.081400140386197473e+00 1.081400140386197473e+00 1.081400140386197473e+00 1.081400140386197473e+00 1.081400140386197473e+00 1.081400140386197473e+00 1.081400140386197473e+00 1.081400140386197473e+00 1.081400140386197473e+00 1.081400140386197473e+00 1.081400140386197473e+00 1.081400140386197473e+00 1.081400140386197473e+00 1.081400140386197473e+00 1.081400140386197473e+00 1.081400140386197473e+00 1.081400140386197473e+00 1.081400140386197473e+00
1.081324943552697704e+00 1.081324943552697704e+00 1.081324943552697704e+00 1.081324943552697704e+00 1.081324943552697704e+00 1.081324943552697704e+00 1.081324943552697704e+00 1.081324943552697704e+00 1.081324943552697704e+00 1.081324943552697704e+00 1.081324943552697704e+00 1.081324943552697704e+00 1.081324943552697704e+00 1.081324943552697704e+00 1.081324943552697704e+00 1.081324943552697704e+00 1.081324943552697704e+00 1.081324943552697704e+00 1.081324943552697704e+00 1.081324943552697704e+00 1.081324943552697704e+00 1.081324943552697704e+00 1.081324943552697704e+00 1.081324943552697704e+00
1.081480926972580248e+00 1.081480926972580248e+00 1.081480926972580248e+00 1.081480926972580248e+00 1.081480926972580248e+00 1.081480926972580248e+00 1.081480926972580248e+00 1.081480926972580248e+00 1.081480926972580248e+00 1.081480926972580248e+00 1.081480926972580248e+00 1.081480926972580248e+00 1.081480926972580248e+00 1.081480926972580248e+00 1.081480926972580248e+00 1.081480926972580248e+00 1.081480926972580248e+00 1.081480926972580248e+00 1.081480926972580248e+00 1.081480926972580248e+00 1.081480926972580248e+00 1.081480926972580248e+00 1.081480926972580248e+00 1.081480926972580248e+00
1.081411744454230162e+00 1.081411744454230162e+00 1.081411744454230162e+00 1.081411744454230162e+00 1.081411744454230162e+00 1.081411744454230162e+00 1.081411744454230162e+00 1.081411744454230162e+00 1.081411744454230162e+00 1.081411744454230162e+00 1.081411744454230162e+00 1.081411744454230162e+00 1.081411744454230162e+00 1.081411744454230162e+00 1.081411744454230162e+00 1.081411744454230162e+00 1.081411744454230162e+00 1.081411744454230162e+00 1.081411744454230162e+00 1.081411744454230162e+00 1.081411744454230162e+00 1.081411744454230162e+00 1.081411744454230162e+00 1.081411744454230162e+00
1.081488444245224612e+00 1.081488444245224612e+00 1.081488444245224612e+00 1.081488444245224612e+00 1.081488444245224612e+00 1.081488444245224612e+00 1.081488444245224612e+00 1.081488444245224612e+00 1.081488444245224612e+00 1.081488444245224612e+00 1.081488444245224612e+00 1.081488444245224612e+00 1.081488444245224612e+00 1.081488444245224612e+00 1.081488444245224612e+00 1.081488444245224612e+00 1.081488444245224612e+00 1.081488444245224612e+00 1.081488444245224612e+00 1.081488444245224612e+00 1.081488444245224612e+00 1.081488444245224612e+00 1.081488444245224612e+00 1.081488444245224612e+00
1.081585506802794194e+00 1.081585506802794194e+00 1.081585506802794194e+00 1.081585506802794194e+00 1.081585506802794194e+00 1.081585506802794194e+00 1.081585506802794194e+00 1.081585506802794194e+00 1.081585506802794194e+00 1.081585506802794194e+00 1.081585506802794194e+00 1.081585506802794194e+00 1.081585506802794194e+00 1.081585506802794194e+00 1.081585506802794194e+00 1.081585506802794194e+00 1.081585506802794194e+00 1.081585506802794194e+00 1.081585506802794194e+00 1.081585506802794194e+00 1.081585506802794194e+00 1.081585506802794194e+00 1.081585506802794194e+00 1.081585506802794194e+00
1.081546015050739440e+00 1.081546015050739440e+00 1.081546015050739440e+00 1.081546015050739440e+00 1.081546015050739440e+00 1.081546015050739440e+00 1.081546015050739440e+00 1.081546015050739440e+00 1.081546015050739440e+00 1.081546015050739440e+00 1.081546015050739440e+00 1.081546015050739440e+00 1.081546015050739440e+00 1.081546015050739440e+00 1.081546015050739440e+00 1.081546015050739440e+00 1.081546015050739440e+00 1.081546015050739440e+00 1.081546015050739440e+00 1.081546015050739440e+00 1.081546015050739440e+00 1.081546015050739440e+00 1.081546015050739440e+00 1.081546015050739440e+00
1.081466238937015323e+00 1.081466238937015323e+00 1.081466238937015323e+00 1.081466238937015323e+00 1.081466238937015323e+00 1.081466238937015323e+00 1.081466238937015323e+00 1.081466238937015323e+00 1.081466238937015323e+00 1.081466238937015323e+00 1.081466238937015323e+00 1.081466238937015323e+00 1.081466238937015323e+00 1.081466238937015323e+00 1.081466238937015323e+00 1.081466238937015323e+00 1.081466238937015323e+00 1.081466238937015323e+00 1.081466238937015323e+00 1.081466238937015323e+00 1.081466238937015323e+00 1.081466238937015323e+00 1.081466238937015323e+00 1.081466238937015323e+00
1.081421566820572222e+00 1.081421566820572222e+00 1.081421566820572222e+00 1.081421566820572222e+00 1.081421566820572222e+00 1.081421566820572222e+00 1.081421566820572222e+00 1.081421566820572222e+00 1.081421566820572222e+00 1.081421566820572222e+00 1.081421566820572222e+00 1.081421566820572222e+00 1.081421566820572222e+00 1.081421566820572222e+00 1.081421566820572222e+00 1.081421566820572222e+00 1.081421566820572222e+00 1.081421566820572222e+00 1.081421566820572222e+00 1.081421566820572222e+00 1.081421566820572222e+00 1.081421566820572222e+00 1.081421566820572222e+00 1.081421566820572222e+00
1.081498748468469051e+00 1.081498748468469051e+00 1.081498748468469051e+00 1.081498748468469051e+00 1.081498748468469051e+00 1.081498748468469051e+00 1.081498748468469051e+00 1.081498748468469051e+00 1.081498748468469051e+00 1.081498748468469051e+00 1.081498748468469051e+00 1.081498748468469051e+00 1.081498748468469051e+00 1.081498748468469051e+00 1.081498748468469051e+00 1.081498748468469051e+00 1.081498748468469051e+00 1.081498748468469051e+00 1.081498748468469051e+00 1.081498748468469051e+00 1.081498748468469051e+00 1.081498748468469051e+00 1.081498748468469051e+00 1.081498748468469051e+00
1.081451211228902531e+00 1.081451211228902531e+00 1.081451211228902531e+00 1.081451211228902531e+00 1.081451211228902531e+00 1.081451211228902531e+00 1.081451211228902531e+00 1.081451211228902531e+00 1.081451211228902531e+00 1.081451211228902531e+00 1.081451211228902531e+00 1.081451211228902531e+00 1.081451211228902531e+00 1.081451211228902531e+00 1.081451211228902531e+00 1.081451211228902531e+00 1.081451211228902531e+00 1.081451211228902531e+00 1.081451211228902531e+00 1.081451211228902531e+00 1.081451211228902531e+00 1.081451211228902531e+00 1.081451211228902531e+00 1.081451211228902531e+00
1.081375545377544878e+00 1.081375545377544878e+00 1.081375545377544878e+00 1.081375545377544878e+00 1.081375545377544878e+00 1.081375545377544878e+00 1.081375545377544878e+00 1.081375545377544878e+00 1.081375545377544878e+00 1.081375545377544878e+00 1.081375545377544878e+00 1.081375545377544878e+00 1.081375545377544878e+00 1.081375545377544878e+00 1.081375545377544878e+00 1.081375545377544878e+00 1.081375545377544878e+00 1.081375545377544878e+00 1.081375545377544878e+00 1.081375545377544878e+00 1.081375545377544878e+00 1.081375545377544878e+00 1.081375545377544878e+00 1.081375545377544878e+00
1.081509386844179410e+00 1.081509386844179410e+00 1.081509386844179410e+00 1.081509386844179410e+00 1.081509386844179410e+00 1.081509386844179410e+00 1.081509386844179410e+00 1.081509386844179410e+00 1.081509386844179410e+00 1.081509386844179410e+00 1.081509386844179410e+00 1.081509386844179410e+00 1.081509386844179410e+00 1.081509386844179410e+00 1.081509386844179410e+00 1.081509386844179410e+00 1.081509386844179410e+00 1.081509386844179410e+00 1.081509386844179410e+00 1.081509386844179410e+00 1.081509386844179410e+00 1.081509386844179410e+00 1.081509386844179410e+00 1.081509386844179410e+00
1.081500249742058939e+00 1.081500249742058939e+00 1.081500249742058939e+00 1.081500249742058939e+00 1.081500249742058939e+00 1.081500249742058939e+00 1.081500249742058939e+00 1.081500249742058939e+00 1.081500249742058939e+00 1.081500249742058939e+00 1.081500249742058939e+00 1.081500249742058939e+00 1.081500249742058939e+00 1.081500249742058939e+00 1.081500249742058939e+00 1.081500249742058939e+00 1.081500249742058939e+00 1.081500249742058939e+00 1.081500249742058939e+00 1.081500249742058939e+00 1.081500249742058939e+00 1.081500249742058939e+00 1.081500249742058939e+00 1.081500249742058939e+00
1.081349105916687758e+00 1.081349105916687758e+00 1.081349105916687758e+00 1.081349105916687758e+00 1.081349105916687758e+00 1.081349105916687758e+00 1.081349105916687758e+00 1.081349105916687758e+00 1.081349105916687758e+00 1.081349105916687758e+00 1.081349105916687758e+00 1.081349105916687758e+00 1.081349105916687758e+00 1.081349105916687758e+00 1.081349105916687758e+00 1.081349105916687758e+00 1.081349105916687758e+00 1.081349105916687758e+00 1.081349105916687758e+00 1.081349105916687758e+00 1.081349105916687758e+00 1.081349105916687758e+00 1.081349105916687758e+00 1.081349105916687758e+00
1.081458545518715120e+00 1.081458545518715120e+00 1.081458545518715120e+00 1.081458545518715120e+00 1.081458545518715120e+00 1.081458545518715120e+00 1.081458545518715120e+00 1.081458545518715120e+00 1.081458545518715120e+00 1.081458545518715120e+00 1.081458545518715120e+00 1.081458545518715120e+00 1.081458545518715120e+00 1.081458545518715120e+00 1.081458545518715120e+00 1.081458545518715120e+00 1.081458545518715120e+00 1.081458545518715120e+00 1.081458545518715120e+00 1.081458545518715120e+00 1.081458545518715120e+00 1.081458545518715120e+00 1.081458545518715120e+00 1.081458545518715120e+00
1.081376941606019271e+00 1.081376941606019271e+00 1.081376941606019271e+00 1.081376941606019271e+00 1.081376941606019271e+00 1.081376941606019271e+00 1.081376941606019271e+00 1.081376941606019271e+00 1.081376941606019271e+00 1.081376941606019271e+00 1.081376941606019271e+00 1.081376941606019271e+00 1.081376941606019271e+00 1.081376941606019271e+00 1.081376941606019271e+00 1.081376941606019271e+00 1.081376941606019271e+00 1.081376941606019271e+00 1.081376941606019271e+00 1.081376941606019271e+00 1.081376941606019271e+00 1.081376941606019271e+00 1.081376941606019271e+00 1.081376941606019271e+00
1.081483934121774793e+00 1.081483934121774793e+00 1.081483934121774793e+00 1.081483934121774793e+00 1.081483934121774793e+00 1.081483934121774793e+00 1.081483934121774793e+00 1.081483934121774793e+00 1.081483934121774793e+00 1.081483934121774793e+00 1.081483934121774793e+00 1.081483934121774793e+00 1.081483934121774793e+00 1.081483934121774793e+00 1.081483934121774793e+00 1.081483934121774793e+00 1.081483934121774793e+00 1.081483934121774793e+00 1.081483934121774793e+00 1.081483934121774793e+00 1.081483934121774793e+00 1.081483934121774793e+00 1.081483934121774793e+00 1.081483934121774793e+00
1.081411923244546491e+00 1.081411923244546491e+00 1.081411923244546491e+00 1.081411923244546491e+00 1.081411923244546491e+00 1.081411923244546491e+00 1.081411923244546491e+00 1.081411923244546491e+00 1.081411923244546491e+00 1.081411923244546491e+00 1.081411923244546491e+00 1.081411923244546491e+00 1.081411923244546491e+00 1.081411923244546491e+00 1.081411923244546491e+00 1.081411923244546491e+00 1.081411923244546491e+00 1.081411923244546491e+00 1.081411923244546491e+00 1.081411923244546491e+00 1.081411923244546491e+00 1.081411923244546491e+00 1.081411923244546491e+00 1.081411923244546491e+00
1.081625022124822477e+00 1.081625022124822477e+00 1.081625022124822477e+00 1.081625022124822477e+00 1.081625022124822477e+00 1.081625022124822477e+00 1.081625022124822477e+00 1.081625022124822477e+00 1.081625022124822477e+00 1.081625022124822477e+00 1.081625022124822477e+00 1.081625022124822477e+00 1.081625022124822477e+00 1.081625022124822477e+00 1.081625022124822477e+00 1.081625022124822477e+00 1.081625022124822477e+00 1.081625022124822477e+00 1.081625022124822477e+00 1.081625022124822477e+00 1.081625022124822477e+00 1.081625022124822477e+00 1.081625022124822477e+00 1.081625022124822477e+00
1.081529825097109043e+00 1.081529825097109043e+00 1.081529825097109043e+00 1.081529825097109043e+00 1.081529825097109043e+00 1.081529825097109043e+00 1.081529825097109043e+00 1.081529825097109043e+00 1.081529825097109043e+00 1.081529825097109043e+00 1.081529825097109043e+00 1.081529825097109043e+00 1.081529825097109043e+00 1.081529825097109043e+00 1.081529825097109043e+00 1.081529825097109043e+00 1.081529825097109043e+00 1.081529825097109043e+00 1.081529825097109043e+00 1.081529825097109043e+00 1.081529825097109043e+00 1.081529825097109043e+00 1.081529825097109043e+00 1.081529825097109043e+00
1.081418286008675400e+00 1.081418286008675400e+00 1.081418286008675400e+00 1.081418286008675400e+00 1.081418286008675400e+00 1.081418286008675400e+00 1.081418286008675400e+00 1.081418286008675400e+00 1.081418286008675400e+00 1.081418286008675400e+00 1.081418286008675400e+00 1.081418286008675400e+00 1.081418286008675400e+00 1.081418286008675400e+00 1.081418286008675400e+00 1.081418286008675400e+00 1.081418286008675400e+00 1.081418286008675400e+00 1.081418286008675400e+00 1.081418286008675400e+00 1.081418286008675400e+00 1.081418286008675400e+00 1.081418286008675400e+00 1.081418286008675400e+00
1.081444534963225568e+00 1.081444534963225568e+00 1.081444534963225568e+00 1.081444534963225568e+00 1.081444534963225568e+00 1.081444534963225568e+00 1.081444534963225568e+00 1.081444534963225568e+00 1.081444534963225568e+00 1.081444534963225568e+00 1.081444534963225568e+00 1.081444534963225568e+00 1.081444534963225568e+00 1.081444534963225568e+00 1.081444534963225568e+00 1.081444534963225568e+00 1.081444534963225568e+00 1.081444534963225568e+00 1.081444534963225568e+00 1.081444534963225568e+00 1.081444534963225568e+00 1.081444534963225568e+00 1.081444534963225568e+00 1.081444534963225568e+00
1.081476607648560462e+00 1.081476607648560462e+00 1.081476607648560462e+00 1.081476607648560462e+00 1.081476607648560462e+00 1.081476607648560462e+00 1.081476607648560462e+00 1.081476607648560462e+00 1.081476607648560462e+00 1.081476607648560462e+00 1.081476607648560462e+00 1.081476607648560462e+00 1.081476607648560462e+00 1.081476607648560462e+00 1.081476607648560462e+00 1.081476607648560462e+00 1.081476607648560462e+00 1.081476607648560462e+00 1.081476607648560462e+00 1.081476607648560462e+00 1.081476607648560462e+00 1.081476607648560462e+00 1.081476607648560462e+00 1.081476607648560462e+00
1.081484748797718387e+00 1.081484748797718387e+00 1.081484748797718387e+00 1.081484748797718387e+00 1.081484748797718387e+00 1.081484748797718387e+00 1.081484748797718387e+00 1.081484748797718387e+00 1.081484748797718387e+00 1.081484748797718387e+00 1.081484748797718387e+00 1.081484748797718387e+00 1.081484748797718387e+00 1.081484748797718387e+00 1.081484748797718387e+00 1.081484748797718387e+00 1.081484748797718387e+00 1.081484748797718387e+00 1.081484748797718387e+00 1.081484748797718387e+00 1.081484748797718387e+00 1.081484748797718387e+00 1.081484748797718387e+00 1.081484748797718387e+00
1.081476103818403534e+00 1.081476103818403534e+00 1.081476103818403534e+00 1.081476103818403534e+00 1.081476103818403534e+00 1.081476103818403534e+00 1.081476103818403534e+00 1.081476103818403534e+00 1.081476103818403534e+00 1.081476103818403534e+00 1.081476103818403534e+00 1.081476103818403534e+00 1.081476103818403534e+00 1.081476103818403534e+00 1.081476103818403534e+00 1.081476103818403534e+00 1.081476103818403534e+00 1.081476103818403534e+00 1.081476103818403534e+00 1.081476103818403534e+00 1.081476103818403534e+00 1.081476103818403534e+00 1.081476103818403534e+00 1.081476103818403534e+00
1.081358057037986597e+00 1.081358057037986597e+00 1.081358057037986597e+00 1.081358057037986597e+00 1.081358057037986597e+00 1.081358057037986597e+00 1.081358057037986597e+00 1.081358057037986597e+00 1.081358057037986597e+00 1.081358057037986597e+00 1.081358057037986597e+00 1.081358057037986597e+00 1.081358057037986597e+00 1.081358057037986597e+00 1.081358057037986597e+00 1.081358057037986597e+00 1.081358057037986597e+00 1.081358057037986597e+00 1.081358057037986597e+00 1.081358057037986597e+00 1.081358057037986597e+00 1.081358057037986597e+00 1.081358057037986597e+00 1.081358057037986597e+00
1.081463512461001475e+00 1.081463512461001475e+00 1.081463512461001475e+00 1.081463512461001475e+00 1.081463512461001475e+00 1.081463512461001475e+00 1.081463512461001475e+00 1.081463512461001475e+00 1.081463512461001475e+00 1.081463512461001475e+00 1.081463512461001475e+00 1.081463512461001475e+00 1.081463512461001475e+00 1.081463512461001475e+00 1.081463512461001475e+00 1.081463512461001475e+00 1.081463512461001475e+00 1.081463512461001475e+00 1.081463512461001475e+00 1.081463512461001475e+00 1.081463512461001475e+00 1.081463512461001475e+00 1.081463512461001475e+00 1.081463512461001475e+00
1.081408737785907848e+00 1.081408737785907848e+00 1.081408737785907848e+00 1.081408737785907848e+00 1.081408737785907848e+00 1.081408737785907848e+00 1.081408737785907848e+00 1.081408737785907848e+00 1.081408737785907848e+00 1.081408737785907848e+00 1.081408737785907848e+00 1.081408737785907848e+00 1.081408737785907848e+00 1.081408737785907848e+00 1.081408737785907848e+00 1.081408737785907848e+00 1.081408737785907848e+00 1.081408737785907848e+00 1.081408737785907848e+00 1.081408737785907848e+00 1.081408737785907848e+00 1.081408737785907848e+00 1.081408737785907848e+00 1.081408737785907848e+00
1.081453314480905092e+00 1.081453314480905092e+00 1.081453314480905092e+00 1.081453314480905092e+00 1.081453314480905092e+00 1.081453314480905092e+00 1.081453314480905092e+00 1.081453314480905092e+00 1.081453314480905092e+00 1.081453314480905092e+00 1.081453314480905092e+00 1.081453314480905092e+00 1.081453314480905092e+00 1.081453314480905092e+00 1.081453314480905092e+00 1.081453314480905092e+00 1.081453314480905092e+00 1.081453314480905092e+00 1.081453314480905092e+00 1.081453314480905092e+00 1.081453314480905092e+00 1.081453314480905092e+00 1.081453314480905092e+00 1.081453314480905092e+00
1.081590335037248218e+00 1.081590335037248218e+00 1.081590335037248218e+00 1.081590335037248218e+00 1.081590335037248218e+00 1.081590335037248218e+00 1.081590335037248218e+00 1.081590335037248218e+00 1.081590335037248218e+00 1.081590335037248218e+00 1.081590335037248218e+00 1.081590335037248218e+00 1.081590335037248218e+00 1.081590335037248218e+00 1.081590335037248218e+00 1.081590335037248218e+00 1.081590335037248218e+00 1.081590335037248218e+00 1.081590335037248218e+00 1.081590335037248218e+00 1.081590335037248218e+00 1.081590335037248218e+00 1.081590335037248218e+00 1.081590335037248218e+00
1.081402842165463563e+00 1.081402842165463563e+00 1.081402842165463563e+00 1.081402842165463563e+00 1.081402842165463563e+00 1.081402842165463563e+00 1.081402842165463563e+00 1.081402842165463563e+00 1.081402842165463563e+00 1.081402842165463563e+00 1.081402842165463563e+00 1.081402842165463563e+00 1.081402842165463563e+00 1.081402842165463563e+00 1.081402842165463563e+00 1.081402842165463563e+00 1.081402842165463563e+00 1.081402842165463563e+00 1.081402842165463563e+00 1.081402842165463563e+00 1.081402842165463563e+00 1.081402842165463563e+00 1.081402842165463563e+00 1.081402842165463563e+00
1.081391969683758614e+00 1.081391969683758614e+00 1.081391969683758614e+00 1.081391969683758614e+00 1.081391969683758614e+00 1.081391969683758614e+00 1.081391969683758614e+00 1.081391969683758614e+00 1.081391969683758614e+00 1.081391969683758614e+00 1.081391969683758614e+00 1.081391969683758614e+00 1.081391969683758614e+00 1.081391969683758614e+00 1.081391969683758614e+00 1.081391969683758614e+00 1.081391969683758614e+00 1.081391969683758614e+00 1.081391969683758614e+00 1.081391969683758614e+00 1.081391969683758614e+00 1.081391969683758614e+00 1.081391969683758614e+00 1.081391969683758614e+00
1.081448867111659107e+00 1.081448867111659107e+00 1.081448867111659107e+00 1.081448867111659107e+00 1.081448867111659107e+00 1.081448867111659107e+00 1.081448867111659107e+00 1.081448867111659107e+00 1.081448867111659107e+00 1.081448867111659107e+00 1.081448867111659107e+00 1.081448867111659107e+00 1.081448867111659107e+00 1.081448867111659107e+00 1.081448867111659107e+00 1.081448867111659107e+00 1.081448867111659107e+00 1.081448867111659107e+00 1.081448867111659107e+00 1.081448867111659107e+00 1.081448867111659107e+00 1.081448867111659107e+00 1.081448867111659107e+00 1.081448867111659107e+00
1.081420278415323732e+00 1.081420278415323732e+00 1.081420278415323732e+00 1.081420278415323732e+00 1.081420278415323732e+00 1.081420278415323732e+00 1.081420278415323732e+00 1.081420278415323732e+00 1.081420278415323732e+00 1.081420278415323732e+00 1.081420278415323732e+00 1.081420278415323732e+00 1.081420278415323732e+00 1.081420278415323732e+00 1.081420278415323732e+00 1.081420278415323732e+00 1.081420278415323732e+00 1.081420278415323732e+00 1.081420278415323732e+00 1.081420278415323732e+00 1.081420278415323732e+00 1.081420278415323732e+00 1.081420278415323732e+00 1.081420278415323732e+00
1.081523558526402251e+00 1.081523558526402251e+00 1.081523558526402251e+00 1.081523558526402251e+00 1.081523558526402251e+00 1.081523558526402251e+00 1.081523558526402251e+00 1.081523558526402251e+00 1.081523558526402251e+00 1.081523558526402251e+00 1.081523558526402251e+00 1.081523558526402251e+00 1.081523558526402251e+00 1.081523558526402251e+00 1.081523558526402251e+00 1.081523558526402251e+00 1.081523558526402251e+00 1.081523558526402251e+00 1.081523558526402251e+00 1.081523558526402251e+00 1.081523558526402251e+00 1.081523558526402251e+00 1.081523558526402251e+00 1.081523558526402251e+00
1.081331354956755586e+00 1.081331354956755586e+00 1.081331354956755586e+00 1.081331354956755586e+00 1.081331354956755586e+00 1.081331354956755586e+00 1.081331354956755586e+00 1.081331354956755586e+00 1.081331354956755586e+00 1.081331354956755586e+00 1.081331354956755586e+00 1.081331354956755586e+00 1.081331354956755586e+00 1.081331354956755586e+00 1.081331354956755586e+00 1.081331354956755586e+00 1.081331354956755586e+00 1.081331354956755586e+00 1.081331354956755586e+00 1.081331354956755586e+00 1.081331354956755586e+00 1.081331354956755586e+00 1.081331354956755586e+00 1.081331354956755586e+00
1.081558345880311522e+00 1.081558345880311522e+00 1.081558345880311522e+00 1.081558345880311522e+00 1.081558345880311522e+00 1.081558345880311522e+00 1.081558345880311522e+00 1.081558345880311522e+00 1.081558345880311522e+00 1.081558345880311522e+00 1.081558345880311522e+00 1.081558345880311522e+00 1.081558345880311522e+00 1.081558345880311522e+00 1.081558345880311522e+00 1.081558345880311522e+00 1.081558345880311522e+00 1.081558345880311522e+00 1.081558345880311522e+00 1.081558345880311522e+00 1.081558345880311522e+00 1.081558345880311522e+00 1.081558345880311522e+00 1.081558345880311522e+00
1.081554558424614010e+00 1.081554558424614010e+00 1.081554558424614010e+00 1.081554558424614010e+00 1.081554558424614010e+00 1.081554558424614010e+00 1.081554558424614010e+00 1.081554558424614010e+00 1.081554558424614010e+00 1.081554558424614010e+00 1.081554558424614010e+00 1.081554558424614010e+00 1.081554558424614010e+00 1.081554558424614010e+00 1.081554558424614010e+00 1.081554558424614010e+00 1.081554558424614010e+00 1.081554558424614010e+00 1.081554558424614010e+00 1.081554558424614010e+00 1.081554558424614010e+00 1.081554558424614010e+00 1.081554558424614010e+00 1.081554558424614010e+00
1.081453563325394551e+00 1.081453563325394551e+00 1.081453563325394551e+00 1.081453563325394551e+00 1.081453563325394551e+00 1.081453563325394551e+00 1.081453563325394551e+00 1.081453563325394551e+00 1.081453563325394551e+00 1.081453563325394551e+00 1.081453563325394551e+00 1.081453563325394551e+00 1.081453563325394551e+00 1.081453563325394551e+00 1.081453563325394551e+00 1.081453563325394551e+00 1.081453563325394551e+00 1.081453563325394551e+00 1.081453563325394551e+00 1.081453563325394551e+00 1.081453563325394551e+00 1.081453563325394551e+00 1.081453563325394551e+00 1.081453563325394551e+00
1.081513770571376432e+00 1.081513770571376432e+00 1.081513770571376432e+00 1.081513770571376432e+00 1.081513770571376432e+00 1.081513770571376432e+00 1.081513770571376432e+00 1.081513770571376432e+00 1.081513770571376432e+00 1.081513770571376432e+00 1.081513770571376432e+00 1.081513770571376432e+00 1.081513770571376432e+00 1.081513770571376432e+00 1.081513770571376432e+00 1.081513770571376432e+00 1.081513770571376432e+00 1.081513770571376432e+00 1.081513770571376432e+00 1.081513770571376432e+00 1.081513770571376432e+00 1.081513770571376432e+00 1.081513770571376432e+00 1.081513770571376432e+00
1.081412084319267608e+00 1.081412084319267608e+00 1.081412084319267608e+00 1.081412084319267608e+00 1.081412084319267608e+00 1.081412084319267608e+00 1.081412084319267608e+00 1.081412084319267608e+00 1.081412084319267608e+00 1.081412084319267608e+00 1.081412084319267608e+00 1.081412084319267608e+00 1.081412084319267608e+00 1.081412084319267608e+00 1.081412084319267608e+00 1.081412084319267608e+00 1.081412084319267608e+00 1.081412084319267608e+00 1.081412084319267608e+00 1.081412084319267608e+00 1.081412084319267608e+00 1.081412084319267608e+00 1.081412084319267608e+00 1.081412084319267608e+00
1.081420556264508281e+00 1.081420556264508281e+00 1.081420556264508281e+00 1.081420556264508281e+00 1.081420556264508281e+00 1.081420556264508281e+00 1.081420556264508281e+00 1.081420556264508281e+00 1.081420556264508281e+00 1.081420556264508281e+00 1.081420556264508281e+00 1.081420556264508281e+00 1.081420556264508281e+00 1.081420556264508281e+00 1.081420556264508281e+00 1.081420556264508281e+00 1.081420556264508281e+00 1.081420556264508281e+00 1.081420556264508281e+00 1.081420556264508281e+00 1.081420556264508281e+00 1.081420556264508281e+00 1.081420556264508281e+00 1.081420556264508281e+00
1.081319084725846036e+00 1.081319084725846036e+00 1.081319084725846036e+00 1.081319084725846036e+00 1.081319084725846036e+00 1.081319084725846036e+00 1.081319084725846036e+00 1.081319084725846036e+00 1.081319084725846036e+00 1.081319084725846036e+00 1.081319084725846036e+00 1.081319084725846036e+00 1.081319084725846036e+00 1.081319084725846036e+00 1.081319084725846036e+00 1.081319084725846036e+00 1.081319084725846036e+00 1.081319084725846036e+00 1.081319084725846036e+00 1.081319084725846036e+00 1.081319084725846036e+00 1.081319084725846036e+00 1.081319084725846036e+00 1.081319084725846036e+00
1.081290354376738261e+00 1.081290354376738261e+00 1.081290354376738261e+00 1.081290354376738261e+00 1.081290354376738261e+00 1.081290354376738261e+00 1.081290354376738261e+00 1.081290354376738261e+00 1.081290354376738261e+00 1.081290354376738261e+00 1.081290354376738261e+00 1.081290354376738261e+00 1.081290354376738261e+00 1.081290354376738261e+00 1.081290354376738261e+00 1.081290354376738261e+00 1.081290354376738261e+00 1.081290354376738261e+00 1.081290354376738261e+00 1.081290354376738261e+00 1.081290354376738261e+00 1.081290354376738261e+00 1.081290354376738261e+00 1.081290354376738261e+00
1.081483110102072098e+00 1.081483110102072098e+00 1.081483110102072098e+00 1.081483110102072098e+00 1.081483110102072098e+00 1.081483110102072098e+00 1.081483110102072098e+00 1.081483110102072098e+00 1.081483110102072098e+00 1.081483110102072098e+00 1.081483110102072098e+00 1.081483110102072098e+00 1.081483110102072098e+00 1.081483110102072098e+00 1.081483110102072098e+00 1.081483110102072098e+00 1.081483110102072098e+00 1.081483110102072098e+00 1.081483110102072098e+00 1.081483110102072098e+00 1.081483110102072098e+00 1.081483110102072098e+00 1.081483110102072098e+00 1.081483110102072098e+00
1.081453269219477820e+00 1.081453269219477820e+00 1.081453269219477820e+00 1.081453269219477820e+00 1.081453269219477820e+00 1.081453269219477820e+00 1.081453269219477820e+00 1.081453269219477820e+00 1.081453269219477820e+00 1.081453269219477820e+00 1.081453269219477820e+00 1.081453269219477820e+00 1.081453269219477820e+00 1.081453269219477820e+00 1.081453269219477820e+00 1.081453269219477820e+00 1.081453269219477820e+00 1.081453269219477820e+00 1.081453269219477820e+00 1.081453269219477820e+00 1.081453269219477820e+00 1.081453269219477820e+00 1.081453269219477820e+00 1.081453269219477820e+00
1.081494244917813541e+00 1.081494244917813541e+00 1.081494244917813541e+00 1.081494244917813541e+00 1.081494244917813541e+00 1.081494244917813541e+00 1.081494244917813541e+00 1.081494244917813541e+00 1.081494244917813541e+00 1.081494244917813541e+00 1.081494244917813541e+00 1.081494244917813541e+00 1.081494244917813541e+00 1.081494244917813541e+00 1.081494244917813541e+00 1.081494244917813541e+00 1.081494244917813541e+00 1.081494244917813541e+00 1.081494244917813541e+00 1.081494244917813541e+00 1.081494244917813541e+00 1.081494244917813541e+00 1.081494244917813541e+00 1.081494244917813541e+00
1.081393589002765054e+00 1.081393589002765054e+00 1.081393589002765054e+00 1.081393589002765054e+00 1.081393589002765054e+00 1.081393589002765054e+00 1.081393589002765054e+00 1.081393589002765054e+00 1.081393589002765054e+00 1.081393589002765054e+00 1.081393589002765054e+00 1.081393589002765054e+00 1.081393589002765054e+00 1.081393589002765054e+00 1.081393589002765054e+00 1.081393589002765054e+00 1.081393589002765054e+00 1.081393589002765054e+00 1.081393589002765054e+00 1.081393589002765054e+00 1.081393589002765054e+00 1.081393589002765054e+00 1.081393589002765054e+00 1.081393589002765054e+00
1.081453830582813636e+00 1.081453830582813636e+00 1.081453830582813636e+00 1.081453830582813636e+00 1.081453830582813636e+00 1.081453830582813636e+00 1.081453830582813636e+00 1.081453830582813636e+00 1.081453830582813636e+00 1.081453830582813636e+00 1.081453830582813636e+00 1.081453830582813636e+00 1.081453830582813636e+00 1.081453830582813636e+00 1.081453830582813636e+00 1.081453830582813636e+00 1.081453830582813636e+00 1.081453830582813636e+00 1.081453830582813636e+00 1.081453830582813636e+00 1.081453830582813636e+00 1.081453830582813636e+00 1.081453830582813636e+00 1.081453830582813636e+00
1.081311470732077895e+00 1.081311470732077895e+00 1.081311470732077895e+00 1.081311470732077895e+00 1.081311470732077895e+00 1.081311470732077895e+00 1.081311470732077895e+00 1.081311470732077895e+00 1.081311470732077895e+00 1.081311470732077895e+00 1.081311470732077895e+00 1.081311470732077895e+00 1.081311470732077895e+00 1.081311470732077895e+00 1.081311470732077895e+00 1.081311470732077895e+00 1.081311470732077895e+00 1.081311470732077895e+00 1.081311470732077895e+00 1.081311470732077895e+00 1.081311470732077895e+00 1.081311470732077895e+00 1.081311470732077895e+00 1.081311470732077895e+00
1.081523599147881542e+00 1.081523599147881542e+00 1.081523599147881542e+00 1.081523599147881542e+00 1.081523599147881542e+00 1.081523599147881542e+00 1.081523599147881542e+00 1.081523599147881542e+00 1.081523599147881542e+00 1.081523599147881542e+00 1.081523599147881542e+00 1.081523599147881542e+00 1.081523599147881542e+00 1.081523599147881542e+00 1.081523599147881542e+00 1.081523599147881542e+00 1.081523599147881542e+00 1.081523599147881542e+00 1.081523599147881542e+00 1.081523599147881542e+00 1.081523599147881542e+00 1.081523599147881542e+00 1.081523599147881542e+00 1.081523599147881542e+00
1.081385877893213054e+00 1.081385877893213054e+00 1.081385877893213054e+00 1.081385877893213054e+00 1.081385877893213054e+00 1.081385877893213054e+00 1.081385877893213054e+00 1.081385877893213054e+00 1.081385877893213054e+00 1.081385877893213054e+00 1.081385877893213054e+00 1.081385877893213054e+00 1.081385877893213054e+00 1.081385877893213054e+00 1.081385877893213054e+00 1.081385877893213054e+00 1.081385877893213054e+00 1.081385877893213054e+00 1.081385877893213054e+00 1.081385877893213054e+00 1.081385877893213054e+00 1.081385877893213054e+00 1.081385877893213054e+00 1.081385877893213054e+00
1.081437119291425608e+00 1.081437119291425608e+00 1.081437119291425608e+00 1.081437119291425608e+00 1.081437119291425608e+00 1.081437119291425608e+00 1.081437119291425608e+00 1.081437119291425608e+00 1.081437119291425608e+00 1.081437119291425608e+00 1.081437119291425608e+00 1.081437119291425608e+00 1.081437119291425608e+00 1.081437119291425608e+00 1.081437119291425608e+00 1.081437119291425608e+00 1.081437119291425608e+00 1.081437119291425608e+00 1.081437119291425608e+00 1.081437119291425608e+00 1.081437119291425608e+00 1.081437119291425608e+00 1.081437119291425608e+00 1.081437119291425608e+00
1.081321150973973744e+00 1.081321150973973744e+00 1.081321150973973744e+00 1.081321150973973744e+00 1.081321150973973744e+00 1.081321150973973744e+00 1.081321150973973744e+00 1.081321150973973744e+00 1.081321150973973744e+00 1.081321150973973744e+00 1.081321150973973744e+00 1.081321150973973744e+00 1.081321150973973744e+00 1.081321150973973744e+00 1.081321150973973744e+00 1.081321150973973744e+00 1.081321150973973744e+00 1.081321150973973744e+00 1.081321150973973744e+00 1.081321150973973744e+00 1.081321150973973744e+00 1.081321150973973744e+00 1.081321150973973744e+00 1.081321150973973744e+00
1.081379294796138257e+00 1.081379294796138257e+00 1.081379294796138257e+00 1.081379294796138257e+00 1.081379294796138257e+00 1.081379294796138257e+00 1.081379294796138257e+00 1.081379294796138257e+00 1.081379294796138257e+00 1.081379294796138257e+00 1.081379294796138257e+00 1.081379294796138257e+00 1.081379294796138257e+00 1.081379294796138257e+00 1.081379294796138257e+00 1.081379294796138257e+00 1.081379294796138257e+00 1.081379294796138257e+00 1.081379294796138257e+00 1.081379294796138257e+00 1.081379294796138257e+00 1.081379294796138257e+00 1.081379294796138257e+00 1.081379294796138257e+00
1.081497709062378076e+00 1.081497709062378076e+00 1.081497709062378076e+00 1.081497709062378076e+00 1.081497709062378076e+00 1.081497709062378076e+00 1.081497709062378076e+00 1.081497709062378076e+00 1.081497709062378076e+00 1.081497709062378076e+00 1.081497709062378076e+00 1.081497709062378076e+00 1.081497709062378076e+00 1.081497709062378076e+00 1.081497709062378076e+00 1.081497709062378076e+00 1.081497709062378076e+00 1.081497709062378076e+00 1.081497709062378076e+00 1.081497709062378076e+00 1.081497709062378076e+00 1.081497709062378076e+00 1.081497709062378076e+00 1.081497709062378076e+00
1.081408106676659875e+00 1.081408106676659875e+00 1.081408106676659875e+00 1.081408106676659875e+00 1.081408106676659875e+00 1.081408106676659875e+00 1.081408106676659875e+00 1.081408106676659875e+00 1.081408106676659875e+00 1.081408106676659875e+00 1.081408106676659875e+00 1.081408106676659875e+00 1.081408106676659875e+00 1.081408106676659875e+00 1.081408106676659875e+00 1.081408106676659875e+00 1.081408106676659875e+00 1.081408106676659875e+00 1.081408106676659875e+00 1.081408106676659875e+00 1.081408106676659875e+00 1.081408106676659875e+00 1.081408106676659875e+00 1.081408106676659875e+00
1.081563065475364072e+00 1.081563065475364072e+00 1.081563065475364072e+00 1.081563065475364072e+00 1.081563065475364072e+00 1.081563065475364072e+00 1.081563065475364072e+00 1.081563065475364072e+00 1.081563065475364072e+00 1.081563065475364072e+00 1.081563065475364072e+00 1.081563065475364072e+00 1.081563065475364072e+00 1.081563065475364072e+00 1.081563065475364072e+00 1.081563065475364072e+00 1.081563065475364072e+00 1.081563065475364072e+00 1.081563065475364072e+00 1.081563065475364072e+00 1.081563065475364072e+00 1.081563065475364072e+00 1.081563065475364072e+00 1.081563065475364072e+00
1.081599220933367356e+00 1.081599220933367356e+00 1.081599220933367356e+00 1.081599220933367356e+00 1.081599220933367356e+00 1.081599220933367356e+00 1.081599220933367356e+00 1.081599220933367356e+00 1.081599220933367356e+00 1.081599220933367356e+00 1.081599220933367356e+00 1.081599220933367356e+00 1.081599220933367356e+00 1.081599220933367356e+00 1.081599220933367356e+00 1.081599220933367356e+00 1.081599220933367356e+00 1.081599220933367356e+00 1.081599220933367356e+00 1.081599220933367356e+00 1.081599220933367356e+00 1.081599220933367356e+00 1.081599220933367356e+00 1.081599220933367356e+00
1.081655179271320266e+00 1.081655179271320266e+00 1.081655179271320266e+00 1.081655179271320266e+00 1.081655179271320266e+00 1.081655179271320266e+00 1.081655179271320266e+00 1.081655179271320266e+00 1.081655179271320266e+00 1.081655179271320266e+00 1.081655179271320266e+00 1.081655179271320266e+00 1.081655179271320266e+00 1.081655179271320266e+00 1.081655179271320266e+00 1.081655179271320266e+00 1.081655179271320266e+00 1.081655179271320266e+00 1.081655179271320266e+00 1.081655179271320266e+00 1.081655179271320266e+00 1.081655179271320266e+00 1.081655179271320266e+00 1.081655179271320266e+00
1.081363547897667088e+00 1.081363547897667088e+00 1.081363547897667088e+00 1.081363547897667088e+00 1.081363547897667088e+00 1.081363547897667088e+00 1.081363547897667088e+00 1.081363547897667088e+00 1.081363547897667088e+00 1.081363547897667088e+00 1.081363547897667088e+00 1.081363547897667088e+00 1.081363547897667088e+00 1.081363547897667088e+00 1.081363547897667088e+00 1.081363547897667088e+00 1.081363547897667088e+00 1.081363547897667088e+00 1.081363547897667088e+00 1.081363547897667088e+00 1.081363547897667088e+00 1.081363547897667088e+00 1.081363547897667088e+00 1.081363547897667088e+00
1.081377430790480876e+00 1.081377430790480876e+00 1.081377430790480876e+00 1.081377430790480876e+00 1.081377430790480876e+00 1.081377430790480876e+00 1.081377430790480876e+00 1.081377430790480876e+00 1.081377430790480876e+00 1.081377430790480876e+00 1.081377430790480876e+00 1.081377430790480876e+00 1.081377430790480876e+00 1.081377430790480876e+00 1.081377430790480876e+00 1.081377430790480876e+00 1.081377430790480876e+00 1.081377430790480876e+00 1.081377430790480876e+00 1.081377430790480876e+00 1.081377430790480876e+00 1.081377430790480876e+00 1.081377430790480876e+00 1.081377430790480876e+00
1.081468435506910852e+00 1.081468435506910852e+00 1.081468435506910852e+00 1.081468435506910852e+00 1.081468435506910852e+00 1.081468435506910852e+00 1.081468435506910852e+00 1.081468435506910852e+00 1.081468435506910852e+00 1.081468435506910852e+00 1.081468435506910852e+00 1.081468435506910852e+00 1.081468435506910852e+00 1.081468435506910852e+00 1.081468435506910852e+00 1.081468435506910852e+00 1.081468435506910852e+00 1.081468435506910852e+00 1.081468435506910852e+00 1.081468435506910852e+00 1.081468435506910852e+00 1.081468435506910852e+00 1.081468435506910852e+00 1.081468435506910852e+00
1.081469362426625835e+00 1.081469362426625835e+00 1.081469362426625835e+00 1.081469362426625835e+00 1.081469362426625835e+00 1.081469362426625835e+00 1.081469362426625835e+00 1.081469362426625835e+00 1.081469362426625835e+00 1.081469362426625835e+00 1.081469362426625835e+00 1.081469362426625835e+00 1.081469362426625835e+00 1.081469362426625835e+00 1.081469362426625835e+00 1.081469362426625835e+00 1.081469362426625835e+00 1.081469362426625835e+00 1.081469362426625835e+00 1.081469362426625835e+00 1.081469362426625835e+00 1.081469362426625835e+00 1.081469362426625835e+00 1.081469362426625835e+00
1.081486948036591844e+00 1.081486948036591844e+00 1.081486948036591844e+00 1.081486948036591844e+00 1.081486948036591844e+00 1.081486948036591844e+00 1.081486948036591844e+00 1.081486948036591844e+00 1.081486948036591844e+00 1.081486948036591844e+00 1.081486948036591844e+00 1.081486948036591844e+00 1.081486948036591844e+00 1.081486948036591844e+00 1.081486948036591844e+00 1.081486948036591844e+00 1.081486948036591844e+00 1.081486948036591844e+00 1.081486948036591844e+00 1.081486948036591844e+00 1.081486948036591844e+00 1.081486948036591844e+00 1.081486948036591844e+00 1.081486948036591844e+00
1.081551641568380795e+00 1.081551641568380795e+00 1.081551641568380795e+00 1.081551641568380795e+00 1.081551641568380795e+00 1.081551641568380795e+00 1.081551641568380795e+00 1.081551641568380795e+00 1.081551641568380795e+00 1.081551641568380795e+00 1.081551641568380795e+00 1.081551641568380795e+00 1.081551641568380795e+00 1.081551641568380795e+00 1.081551641568380795e+00 1.081551641568380795e+00 1.081551641568380795e+00 1.081551641568380795e+00 1.081551641568380795e+00 1.081551641568380795e+00 1.081551641568380795e+00 1.081551641568380795e+00 1.081551641568380795e+00 1.081551641568380795e+00
1.081466092338245977e+00 1.081466092338245977e+00 1.081466092338245977e+00 1.081466092338245977e+00 1.081466092338245977e+00 1.081466092338245977e+00 1.081466092338245977e+00 1.081466092338245977e+00 1.081466092338245977e+00 1.081466092338245977e+00 1.081466092338245977e+00 1.081466092338245977e+00 1.081466092338245977e+00 1.081466092338245977e+00 1.081466092338245977e+00 1.081466092338245977e+00 1.081466092338245977e+00 1.081466092338245977e+00 1.081466092338245977e+00 1.081466092338245977e+00 1.081466092338245977e+00 1.081466092338245977e+00 1.081466092338245977e+00 1.081466092338245977e+00
1.081595056329069715e+00 1.081595056329069715e+00 1.081595056329069715e+00 1.081595056329069715e+00 1.081595056329069715e+00 1.081595056329069715e+00 1.081595056329069715e+00 1.081595056329069715e+00 1.081595056329069715e+00 1.081595056329069715e+00 1.081595056329069715e+00 1.081595056329069715e+00 1.081595056329069715e+00 1.081595056329069715e+00 1.081595056329069715e+00 1.081595056329069715e+00 1.081595056329069715e+00 1.081595056329069715e+00 1.081595056329069715e+00 1.081595056329069715e+00 1.081595056329069715e+00 1.081595056329069715e+00 1.081595056329069715e+00 1.081595056329069715e+00
1.081477368131228189e+00 1.081477368131228189e+00 1.081477368131228189e+00 1.081477368131228189e+00 1.081477368131228189e+00 1.081477368131228189e+00 1.081477368131228189e+00 1.081477368131228189e+00 1.081477368131228189e+00 1.081477368131228189e+00 1.081477368131228189e+00 1.081477368131228189e+00 1.081477368131228189e+00 1.081477368131228189e+00 1.081477368131228189e+00 1.081477368131228189e+00 1.081477368131228189e+00 1.081477368131228189e+00 1.081477368131228189e+00 1.081477368131228189e+00 1.081477368131228189e+00 1.081477368131228189e+00 1.081477368131228189e+00 1.081477368131228189e+00
1.081418117777423360e+00 1.081418117777423360e+00 1.081418117777423360e+00 1.081418117777423360e+00 1.081418117777423360e+00 1.081418117777423360e+00 1.081418117777423360e+00 1.081418117777423360e+00 1.081418117777423360e+00 1.081418117777423360e+00 1.081418117777423360e+00 1.081418117777423360e+00 1.081418117777423360e+00 1.081418117777423360e+00 1.081418117777423360e+00 1.081418117777423360e+00 1.081418117777423360e+00 1.081418117777423360e+00 1.081418117777423360e+00 1.081418117777423360e+00 1.081418117777423360e+00 1.081418117777423360e+00 1.081418117777423360e+00 1.081418117777423360e+00
1.081505281958013764e+00 1.081505281958013764e+00 1.081505281958013764e+00 1.081505281958013764e+00 1.081505281958013764e+00 1.081505281958013764e+00 1.081505281958013764e+00 1.081505281958013764e+00 1.081505281958013764e+00 1.081505281958013764e+00 1.081505281958013764e+00 1.081505281958013764e+00 1.081505281958013764e+00 1.081505281958013764e+00 1.081505281958013764e+00 1.081505281958013764e+00 1.081505281958013764e+00 1.081505281958013764e+00 1.081505281958013764e+00 1.081505281958013764e+00 1.081505281958013764e+00 1.081505281958013764e+00 1.081505281958013764e+00 1.081505281958013764e+00
